0 102
1 28
2 173
3 103
3 91
4 86
5 16
6 84
7 78
8 145
9 103
10 45
11 91
12 103
12 91
13 102
14 34
15 56
16 56
17 97
18 29
19 103
19 91
20 56
22 65
23 31
24 103
25 56
26 103
26 91
27 103
27 91
28 56
29 56
30 117
31 62
32 103
32 91
33 103
33 91
34 131
35 103
35 91
36 56
37 39
38 103
38 91
40 130
42 56
43 103
43 91
44 150
46 91
48 56
49 104
50 56
51 55
51 76
52 103
52 91
53 91
54 91
55 84
56 84
61 131
63 81
65 165
68 150
69 103
69 91
73 131
77 103
77 91
79 132
86 131
91 103
92 165
94 132
96 145
98 103
102 131
104 118
146 159
151 171
168 173
