0 13
0 102
1 56
1 28
2 182
2 173
3 37
3 103
3 91
4 102
4 86
5 94
5 16
6 127
6 84
7 84
7 78
8 96
8 145
9 104
9 103
10 107
10 45
11 38
11 91
12 37
12 103
12 91
13 102
14 61
14 34
15 57
15 56
16 65
16 56
17 65
17 97
18 56
18 29
19 37
19 103
19 91
20 165
20 56
21 37
22 165
22 65
23 84
23 31
24 104
24 103
25 177
25 56
26 37
26 103
26 91
27 37
27 103
27 91
28 66
28 56
29 56
30 148
30 117
31 62
32 37
32 103
32 91
33 37
33 103
33 91
34 171
34 131
35 37
35 103
35 91
36 56
37 104
37 39
38 103
38 91
39 90
40 56
40 130
41 131
42 78
42 56
43 103
43 91
44 150
45 107
46 91
47 171
48 116
48 56
49 104
50 56
51 141
51 55
51 76
52 103
52 91
53 91
54 104
54 91
55 87
55 84
56 127
56 84
58 66
59 85
60 126
61 131
63 119
63 81
64 144
65 165
66 84
68 150
69 103
69 91
70 84
72 107
73 162
73 131
75 161
76 157
77 103
77 91
78 164
79 132
80 146
81 119
82 178
84 127
86 162
86 131
87 161
88 163
90 93
91 103
92 174
92 165
94 132
95 171
96 145
98 103
102 131
104 118
113 129
116 127
122 177
126 182
131 171
146 159
151 162
151 171
168 173
