0 81
0 102
0 13
1 176
1 28
1 56
2 60
2 182
2 173
3 34
3 37
3 103
3 91
4 28
4 102
4 86
5 37
5 94
5 16
6 129
6 127
6 84
7 42
7 84
7 78
8 55
8 96
8 145
9 35
9 104
9 103
10 72
10 107
10 45
11 103
11 38
11 91
12 34
12 37
12 103
12 91
13 81
13 102
14 59
14 61
14 34
15 115
15 57
15 56
16 21
16 65
16 56
17 69
17 65
17 97
18 56
18 29
19 34
19 37
19 103
19 91
20 165
20 56
21 103
21 37
22 170
22 165
22 65
23 62
23 84
23 31
24 34
24 103
24 104
25 61
25 177
25 56
26 34
26 37
26 103
26 91
27 34
27 37
27 103
27 91
28 148
28 56
28 66
29 94
29 56
30 150
30 117
30 148
31 171
31 62
32 34
32 37
32 103
32 91
33 34
33 37
33 103
33 91
34 41
34 171
34 131
35 37
35 103
35 91
36 60
36 56
37 91
37 104
37 39
38 103
38 91
39 90
40 59
40 56
40 130
41 171
41 131
42 78
42 56
43 103
43 91
44 59
44 150
45 72
45 107
46 91
47 84
47 171
48 116
48 56
49 91
49 104
50 159
50 56
51 75
51 141
51 55
51 76
52 103
52 91
53 109
53 91
54 104
54 91
55 129
55 87
55 84
56 127
56 84
58 102
58 66
59 150
59 85
60 126
61 171
61 131
62 171
63 69
63 119
63 81
64 82
64 144
65 165
66 84
68 103
68 150
69 103
69 91
70 84
71 182
72 107
73 95
73 162
73 131
74 104
75 87
75 161
76 161
76 157
77 103
77 91
78 164
79 144
79 132
80 146
81 119
82 178
83 120
84 127
86 95
86 162
86 131
87 161
88 163
89 104
90 93
91 103
92 174
92 165
93 103
94 103
94 132
95 131
95 171
96 145
98 103
100 173
102 131
104 118
110 165
111 182
113 129
116 127
120 177
122 177
123 126
126 182
127 171
131 171
138 173
146 159
148 164
151 171
151 162
153 171
156 167
162 182
168 173
