0 119
0 81
0 102
0 13
1 66
1 176
1 28
1 56
2 58
2 60
2 173
2 182
3 104
3 34
3 37
3 103
3 91
4 162
4 28
4 102
4 86
5 104
5 37
5 94
5 16
6 38
6 129
6 127
6 84
7 56
7 42
7 78
7 84
8 84
8 55
8 96
8 145
9 91
9 35
9 104
9 103
10 11
10 72
10 107
10 45
11 39
11 103
11 38
11 91
12 104
12 34
12 37
12 103
12 91
13 119
13 81
13 102
14 60
14 59
14 61
14 34
15 74
15 115
15 57
15 56
16 22
16 21
16 65
16 56
17 64
17 69
17 65
17 97
18 182
18 56
18 29
19 104
19 34
19 37
19 103
19 91
20 165
20 56
21 36
21 103
21 37
22 56
22 170
22 165
22 65
23 171
23 84
23 31
23 62
24 35
24 34
24 103
24 104
25 61
25 56
25 177
26 104
26 34
26 37
26 103
26 91
27 104
27 34
27 37
27 103
27 91
28 164
28 148
28 56
28 66
29 103
29 94
29 56
30 59
30 150
30 117
30 148
31 153
31 171
31 62
32 104
32 34
32 37
32 103
32 91
33 104
33 34
33 37
33 103
33 91
34 127
34 41
34 171
34 131
35 104
35 37
35 103
35 91
36 60
36 56
37 103
37 91
37 104
37 39
38 104
38 103
38 91
39 90
40 60
40 59
40 56
40 130
41 56
41 171
41 131
42 84
42 78
42 56
43 104
43 103
43 91
44 59
44 150
45 72
45 107
46 91
47 84
47 171
48 65
48 116
48 56
49 91
49 104
50 66
50 159
50 56
51 56
51 141
51 75
51 55
51 76
52 104
52 103
52 91
53 109
53 91
54 104
54 91
55 62
55 84
55 129
55 87
56 57
56 127
56 84
57 74
58 121
58 66
58 102
59 150
59 85
60 133
60 126
61 147
61 171
61 131
62 153
62 171
63 68
63 69
63 119
63 81
64 178
64 144
64 82
65 170
65 165
66 152
66 84
67 110
68 104
68 103
68 150
69 104
69 103
69 91
70 84
71 182
72 107
73 171
73 95
73 162
73 131
74 104
75 87
75 161
76 161
76 157
77 104
77 103
77 91
78 164
79 94
79 144
79 132
80 131
80 146
81 119
82 178
83 90
83 120
84 129
84 127
86 171
86 95
86 162
86 131
87 161
88 102
88 163
89 104
90 93
91 104
91 103
92 174
92 165
93 103
94 103
94 132
95 102
95 131
95 171
96 145
98 104
98 103
100 173
102 162
102 131
103 104
104 118
106 182
110 170
110 165
111 182
113 127
113 129
116 127
120 177
122 177
123 126
126 162
126 182
127 147
127 171
131 153
131 171
138 173
146 159
148 164
151 171
151 162
153 171
156 167
162 182
165 170
168 173
