0 63
0 119
0 81
0 102
0 13
1 59
1 66
1 176
1 28
1 56
2 59
2 58
2 60
2 173
2 182
3 35
3 104
3 34
3 37
3 103
3 91
4 164
4 162
4 28
4 102
4 86
5 91
5 104
5 37
5 94
5 16
6 39
6 38
6 127
6 129
6 84
7 50
7 56
7 42
7 78
7 84
8 175
8 84
8 96
8 55
8 145
9 37
9 91
9 35
9 104
9 103
10 61
10 11
10 72
10 107
10 45
11 37
11 39
11 103
11 38
11 91
12 35
12 104
12 34
12 37
12 103
12 91
13 63
13 119
13 81
13 102
14 67
14 59
14 61
14 60
14 34
15 60
15 74
15 115
15 57
15 56
16 159
16 22
16 21
16 65
16 56
17 75
17 64
17 69
17 65
17 97
18 63
18 182
18 56
18 29
19 35
19 104
19 34
19 37
19 103
19 91
20 123
20 165
20 56
21 104
21 36
21 103
21 37
22 56
22 170
22 165
22 65
23 153
23 171
23 84
23 31
23 62
24 37
24 35
24 34
24 103
24 104
25 153
25 61
25 56
25 177
26 35
26 104
26 34
26 37
26 103
26 91
27 35
27 104
27 34
27 37
27 103
27 91
28 78
28 164
28 148
28 56
28 66
29 41
29 103
29 94
29 56
30 44
30 59
30 150
30 117
30 148
31 34
31 153
31 171
31 62
32 35
32 104
32 34
32 37
32 103
32 91
33 35
33 104
33 34
33 37
33 103
33 91
34 62
34 171
34 127
34 131
34 41
35 104
35 37
35 103
35 91
36 182
36 60
36 56
37 103
37 91
37 104
37 39
38 104
38 103
38 91
39 104
39 90
40 61
40 60
40 59
40 56
40 130
41 80
41 56
41 171
41 131
42 50
42 84
42 78
42 56
43 104
43 103
43 91
44 94
44 59
44 150
45 61
45 72
45 107
46 103
46 91
47 131
47 84
47 171
48 63
48 65
48 116
48 56
49 91
49 104
50 84
50 66
50 159
50 56
51 161
51 56
51 141
51 75
51 55
51 76
52 104
52 103
52 91
53 109
53 91
54 104
54 91
55 75
55 62
55 84
55 129
55 87
56 66
56 57
56 127
56 84
57 65
57 74
58 88
58 121
58 66
58 102
59 150
59 85
60 133
60 126
61 153
61 147
61 171
61 131
62 153
62 171
63 77
63 68
63 69
63 119
63 81
64 79
64 178
64 144
64 82
65 110
65 170
65 165
66 152
66 84
67 110
68 104
68 103
68 150
69 104
69 103
69 91
70 84
71 182
72 107
73 102
73 171
73 95
73 162
73 131
74 104
75 161
75 87
76 161
76 157
77 104
77 103
77 91
78 164
79 98
79 94
79 144
79 132
80 171
80 131
80 146
81 119
82 178
83 140
83 90
83 120
84 129
84 127
85 104
86 102
86 171
86 95
86 162
86 131
87 161
88 102
88 163
89 103
89 104
90 103
90 93
91 104
91 103
92 174
92 165
93 104
93 103
94 104
94 103
94 132
95 102
95 131
95 171
96 175
96 145
98 104
98 103
100 168
100 173
101 182
102 151
102 162
102 131
103 104
104 118
106 182
110 170
110 165
111 182
113 129
113 127
116 127
120 177
122 182
122 177
123 126
126 162
126 182
127 131
127 147
127 171
131 153
131 171
133 144
138 168
138 173
140 156
145 175
146 159
147 171
148 164
151 171
151 162
153 171
156 182
156 167
158 182
160 161
162 182
165 170
168 173
