0 63
0 119
0 81
0 102
0 13
1 59
1 66
1 176
1 28
1 56
2 59
2 58
2 60
2 173
2 182
3 35
3 104
3 34
3 37
3 103
3 91
4 164
4 162
4 28
4 102
4 86
5 91
5 104
5 37
5 94
5 16
6 39
6 38
6 127
6 129
6 84
7 50
7 56
7 42
7 78
7 84
8 175
8 84
8 96
8 55
8 145
9 37
9 91
9 35
9 104
9 103
10 61
10 11
10 72
10 107
10 45
11 37
11 39
11 103
11 38
11 91
12 35
12 104
12 34
12 37
12 103
12 91
13 63
13 119
13 81
13 102
13 0
14 67
14 59
14 61
14 60
14 34
15 60
15 74
15 115
15 57
15 56
16 159
16 22
16 21
16 65
16 56
17 75
17 64
17 69
17 65
17 97
18 63
18 182
18 16
18 56
18 29
19 35
19 104
19 34
19 37
19 103
19 91
20 123
20 15
20 16
20 165
20 56
21 104
21 36
21 103
21 37
21 16
22 16
22 56
22 170
22 165
22 65
23 153
23 171
23 84
23 31
23 62
24 37
24 35
24 34
24 103
24 104
25 153
25 23
25 61
25 56
25 177
26 35
26 104
26 34
26 37
26 103
26 91
27 35
27 104
27 34
27 37
27 103
27 91
28 78
28 164
28 148
28 56
28 66
29 41
29 103
29 94
29 16
29 56
30 44
30 59
30 150
30 117
30 148
31 34
31 153
31 171
31 23
31 62
32 35
32 104
32 34
32 37
32 103
32 91
33 35
33 104
33 34
33 37
33 103
33 91
34 62
34 171
34 127
34 131
34 41
35 104
35 34
35 37
35 103
35 91
36 182
36 21
36 60
36 56
36 16
37 35
37 103
37 91
37 104
37 39
38 35
38 104
38 34
38 37
38 103
38 91
39 104
39 35
39 34
39 90
39 37
40 61
40 60
40 59
40 56
40 130
41 80
41 56
41 171
41 131
41 34
42 50
42 84
42 78
42 7
42 56
43 35
43 104
43 34
43 37
43 103
43 91
44 94
44 38
44 59
44 30
44 150
45 61
45 11
45 72
45 107
45 10
46 103
46 35
46 38
46 37
46 91
47 131
47 41
47 84
47 171
47 34
48 63
48 65
48 22
48 116
48 56
49 34
49 37
49 91
49 35
49 104
50 84
50 66
50 159
50 7
50 56
51 161
51 56
51 141
51 75
51 55
51 76
52 35
52 104
52 34
52 37
52 103
52 91
53 34
53 35
53 109
53 37
53 91
54 35
54 37
54 34
54 104
54 91
55 75
55 62
55 84
55 129
55 87
56 66
56 57
56 15
56 127
56 84
57 65
57 74
57 16
57 15
57 56
58 88
58 121
58 66
58 56
58 102
59 56
59 30
59 150
59 44
59 85
60 36
60 133
60 59
60 126
60 56
61 153
61 147
61 171
61 131
61 47
61 31
62 34
62 153
62 171
62 23
62 31
63 77
63 68
63 69
63 119
63 81
64 79
64 178
64 144
64 82
64 16
65 110
65 170
65 57
65 22
65 165
66 28
66 152
66 42
66 84
66 56
67 65
67 110
67 56
67 15
67 22
68 35
68 104
68 103
68 34
68 150
69 35
69 104
69 34
69 37
69 103
69 91
70 59
70 65
70 84
70 56
70 23
71 59
71 60
71 182
71 61
71 56
72 61
72 11
72 107
72 10
72 45
73 102
73 171
73 95
73 162
73 131
74 35
74 37
74 104
74 41
74 57
75 39
75 161
75 38
75 87
75 55
76 46
76 55
76 161
76 157
76 66
77 35
77 104
77 34
77 37
77 103
77 91
78 66
78 30
78 42
78 164
78 56
79 98
79 94
79 64
79 144
79 132
80 171
80 131
80 146
80 34
80 41
81 77
81 68
81 69
81 119
81 63
82 61
82 16
82 178
82 64
82 56
83 140
83 90
83 39
83 120
83 56
84 23
84 129
84 66
84 127
84 56
85 104
85 38
85 59
85 37
85 35
86 102
86 171
86 95
86 162
86 73
86 131
87 39
87 161
87 38
87 55
87 75
88 58
88 102
88 63
88 13
88 163
89 103
89 38
89 104
89 37
89 39
90 103
90 26
90 37
90 93
90 39
91 35
91 104
91 34
91 37
91 103
92 65
92 174
92 16
92 57
92 165
93 104
93 35
93 103
93 37
93 34
94 104
94 91
94 103
94 79
94 132
95 56
95 102
95 131
95 34
95 171
96 175
96 84
96 55
96 8
96 145
97 75
97 64
97 69
97 65
97 17
98 35
98 104
98 34
98 37
98 103
98 91
99 59
99 58
99 11
99 82
99 56
100 168
100 84
100 56
100 173
100 66
101 182
101 60
101 61
101 20
101 56
102 151
102 162
102 41
102 131
102 88
103 35
103 104
103 34
103 37
103 91
104 38
104 91
104 39
104 118
104 84
105 61
105 58
105 59
105 56
105 82
106 66
106 56
106 60
106 59
106 182
107 61
107 11
107 72
107 10
107 45
108 61
108 60
108 62
108 94
108 56
109 35
109 104
109 34
109 37
109 103
109 91
110 103
110 170
110 165
110 65
110 22
111 61
111 62
111 182
111 16
111 56
112 35
112 104
112 34
112 37
112 103
112 91
113 66
113 6
113 129
113 127
113 56
114 67
114 56
114 61
114 60
114 59
115 62
115 61
115 5
115 16
115 15
116 98
116 39
116 127
116 56
116 91
117 103
117 104
117 91
117 38
117 30
118 38
118 91
118 39
118 104
118 84
119 77
119 68
119 69
119 63
119 81
120 63
120 39
120 177
120 83
120 90
121 59
121 60
121 66
121 64
121 58
122 182
122 61
122 177
122 56
122 25
123 20
123 56
123 126
123 59
123 60
124 35
124 104
124 34
124 37
124 103
124 91
125 35
125 104
125 34
125 37
125 103
126 20
126 162
126 60
126 56
126 182
127 131
127 147
127 171
127 84
127 56
128 35
128 104
128 34
128 37
128 103
128 91
129 31
129 6
129 23
129 55
129 84
130 61
130 60
130 59
130 56
130 40
131 62
131 153
131 41
131 171
131 34
132 37
132 34
132 104
132 79
132 94
133 144
133 126
133 123
133 15
133 56
134 35
134 104
134 34
134 37
134 103
134 91
135 35
135 104
135 34
135 37
135 103
135 91
136 35
136 104
136 34
136 37
136 103
136 91
137 35
137 104
137 34
137 37
137 103
137 91
138 168
138 84
138 56
138 173
138 100
138 66
139 33
139 35
139 94
139 34
139 104
140 156
140 83
140 39
140 37
140 56
141 76
141 74
141 75
141 55
141 51
142 35
142 104
142 34
142 37
142 103
142 91
143 35
143 104
143 34
143 37
143 103
143 91
144 103
144 35
144 64
144 79
144 91
145 175
145 96
145 55
145 131
145 8
146 38
146 80
146 56
146 34
146 159
147 171
147 131
147 31
147 127
147 56
148 78
148 44
148 164
148 30
148 56
149 35
149 104
149 34
149 37
149 103
149 91
150 59
150 34
150 30
150 68
150 44
151 102
151 56
151 34
151 171
151 162
152 57
152 58
152 86
152 89
152 66
153 34
153 171
153 23
153 31
153 62
154 35
154 104
154 34
154 37
154 103
154 91
155 35
155 104
155 34
155 37
155 103
155 91
156 182
156 60
156 84
156 167
156 140
157 60
157 51
157 66
157 76
157 46
158 182
158 59
158 61
158 60
158 66
159 39
159 97
159 16
159 56
159 146
160 161
160 56
160 141
160 75
160 55
160 76
161 39
161 38
161 87
161 55
161 75
162 151
162 41
162 182
162 34
162 131
163 63
163 119
163 81
163 102
163 13
163 0
164 146
164 56
164 148
164 78
164 66
165 110
165 170
165 57
165 65
165 22
166 35
166 104
166 34
166 37
166 103
166 91
167 35
167 34
167 91
167 84
167 103
168 66
168 84
168 56
168 173
168 100
169 35
169 104
169 34
169 37
169 103
169 91
170 103
170 165
170 110
170 65
170 22
171 41
171 23
171 34
171 31
171 56
172 91
172 34
172 104
172 171
172 37
173 25
173 84
173 127
173 56
173 168
174 92
174 65
174 16
174 57
174 165
175 84
175 96
175 55
175 8
175 145
176 59
176 66
176 28
176 56
176 1
177 47
177 34
177 120
177 56
177 25
178 37
178 103
178 82
178 64
178 16
179 35
179 104
179 34
179 37
179 103
179 91
180 171
180 131
180 34
180 56
180 41
181 35
181 104
181 34
181 37
181 103
181 91
182 56
182 126
182 17
182 162
182 97
