0 2239
1 4735
2 2152
3 2198
4 7565
5 6909
6 652
7 2180
8 2529
9 128
10 6357
11 307
11 5803
12 7620
13 3095
13 878
14 6551
15 6909
16 2550
17 1909
18 2198
18 5296
19 6623
20 305
21 3396
22 4673
23 1798
24 593
25 5964
26 4217
27 2198
28 1280
29 6290
30 526
31 4907
32 2385
33 593
34 4592
35 5892
35 1844
36 6807
37 7620
38 5662
39 2198
40 456
41 4805
42 2198
43 3934
44 6697
45 7538
46 7292
47 2714
48 2239
49 382
50 2239
51 5321
52 5684
53 4646
54 2528
55 2397
56 5861
57 1759
58 2549
58 7649
59 932
60 2275
61 2198
62 2143
63 2549
63 7649
64 2168
65 3457
65 896
66 3107
67 872
68 1971
69 2198
70 5506
71 1521
72 1280
73 551
74 4478
75 5263
76 4376
77 2198
78 6865
79 1796
79 2198
80 2549
80 7649
81 1756
81 4258
82 4678
83 3231
84 7620
85 4384
86 7579
87 2527
88 395
89 593
90 7417
91 766
92 2239
93 1107
94 1429
95 4672
96 4896
97 3735
98 2198
99 1620
100 4378
101 5035
102 1490
103 4952
104 4119
105 1280
106 248
107 7359
108 2512
109 2239
110 5229
111 495
112 314
113 2198
114 2586
115 2239
116 3203
117 3396
118 3698
119 3748
119 3341
120 2362
121 3879
122 3231
123 2198
124 593
125 2239
126 7460
127 2198
128 1358
129 593
130 6550
131 7342
132 3226
132 5816
133 1693
134 7276
135 1565
136 4300
137 3698
138 2198
139 4172
140 1547
141 3227
142 5361
143 456
144 3231
145 5046
146 3778
147 4663
148 6433
149 3698
150 2136
151 2293
152 2198
153 2549
153 7649
154 3197
155 2374
156 4762
157 7620
158 2054
159 2527
160 3524
161 456
162 305
163 4906
163 2990
164 1691
165 5566
166 5884
167 2239
168 4625
169 593
170 2198
171 3437
172 3924
172 794
173 4190
174 4666
175 2335
176 2549
176 7649
177 2528
178 7478
178 3527
179 4459
180 6776
181 1255
182 6130
183 593
184 4384
185 7171
186 2953
187 6130
188 5404
189 4739
190 4172
191 465
191 6583
192 2198
193 734
194 3203
195 941
196 2198
197 1515
198 6395
199 5337
200 1964
201 4384
202 4628
203 3964
204 581
205 7026
206 6865
207 2549
207 7649
208 6550
209 6169
210 5616
211 248
212 6412
213 2198
214 993
215 2363
216 324
217 964
218 3394
219 4599
220 2198
221 3211
222 7243
223 1252
224 3566
225 526
226 2198
227 2077
228 2549
228 7649
229 2198
230 932
231 3231
232 2553
233 2198
234 4568
235 4376
236 5849
237 6130
238 1208
239 6049
240 4384
241 5838
242 1035
243 2198
244 7316
245 3784
246 4320
248 5997
249 2874
250 2430
251 1745
252 5486
253 985
254 2198
255 2528
256 6130
257 4655
258 2198
259 2239
260 2198
261 2198
262 456
263 4663
264 4805
265 431
266 2198
267 593
268 6304
269 2239
270 5617
271 4377
272 4376
273 6653
274 3578
275 1696
276 2239
277 1704
278 6702
279 3924
280 577
281 452
282 2619
283 4067
284 4673
285 3185
286 5244
287 5022
288 4994
289 2416
290 593
291 1453
292 2126
293 6704
294 593
295 5993
296 4295
297 4005
298 5751
299 5022
301 4486
302 5391
303 1468
304 2198
305 3698
306 2239
307 2413
308 3578
309 2198
310 2867
311 652
312 2239
313 2233
314 6130
315 7565
316 4666
317 4642
318 4682
318 593
319 2198
320 2198
321 2198
322 593
323 4901
323 6858
324 1609
325 2436
326 2231
327 6267
328 2260
329 2213
330 1216
331 4320
332 3924
333 2515
334 3195
335 5117
336 3866
337 2180
338 4224
339 5111
339 3190
340 3371
341 4384
342 2133
343 5052
344 5199
344 4203
345 2198
346 2198
347 7620
348 2278
349 1736
350 7460
351 1744
352 526
353 2106
354 452
355 2168
356 4383
357 5132
358 2198
359 593
360 6388
361 6304
362 2347
363 3802
364 4994
365 5043
366 593
367 932
368 3694
369 593
370 3770
371 6809
372 766
373 872
374 6887
375 593
376 5803
377 2198
378 2022
379 5235
380 7280
381 7200
382 7131
383 7601
384 1386
385 5684
386 5063
387 738
387 6755
388 4080
389 7290
390 7477
390 814
391 3231
392 1663
393 2239
394 3869
396 799
397 3702
398 4663
399 2321
400 1899
401 6865
403 5364
404 7620
404 7450
405 7086
405 2192
406 4119
407 4841
408 7296
409 3601
410 2198
411 2239
412 1531
413 5484
414 1765
415 4384
416 4119
417 2392
418 2549
418 7649
419 7398
420 1923
421 2198
422 2413
423 5673
424 2548
425 561
426 2549
426 7649
427 5681
429 3709
430 2863
431 593
432 766
433 6213
434 1426
435 593
436 1239
436 5604
437 3200
438 4805
439 6130
440 6304
441 5600
442 4666
443 1961
444 4663
445 593
445 1634
446 2198
447 3084
448 3311
449 2239
450 7330
451 1968
453 5662
455 2198
456 1185
457 3402
457 1971
458 6657
459 6865
460 2198
461 3578
462 6328
464 2180
465 7292
466 6001
467 6154
468 5341
469 2198
470 2524
472 4906
473 2198
474 2198
475 4376
476 2239
477 1261
478 2250
479 2198
480 1075
481 4663
482 593
483 7359
484 6702
485 6572
486 2198
487 1961
488 5654
489 3578
490 7359
491 2054
492 2293
493 2239
494 2659
495 3578
496 6813
497 3817
498 984
499 526
500 1453
501 3578
502 3895
503 3972
504 5884
504 2850
505 7464
506 3959
507 2245
508 5434
509 4080
510 4663
511 7620
512 2250
513 6807
514 4762
515 3998
516 2281
517 4666
518 2239
519 557
520 6130
521 7322
522 4217
523 4462
524 6169
525 548
526 6909
527 2198
528 4685
529 1706
530 3437
531 7620
532 3578
533 2047
534 593
535 3578
536 6807
537 2250
538 4384
539 5949
540 2198
542 2198
543 2413
544 2000
545 5238
546 1033
547 1971
549 4665
550 3885
552 2198
553 2198
554 6653
555 4062
556 1759
557 6653
558 2686
559 7354
560 891
561 4663
563 4351
564 5486
565 799
566 5707
567 7356
568 2239
569 1706
570 2090
571 1922
572 1772
572 2240
573 6572
574 799
575 3109
575 6629
576 2198
577 7034
578 4663
579 2239
580 4208
581 6623
582 2239
583 3895
584 2215
585 4362
586 4200
587 6909
588 7620
589 3792
590 3532
591 1767
592 1591
593 2198
594 2278
595 6130
596 1744
597 3578
598 2736
599 2198
601 881
602 4925
603 6635
604 2198
605 6357
606 3698
607 6039
608 798
609 4151
610 4805
611 5650
612 3866
612 7584
613 1832
614 5171
615 5419
616 3698
617 6130
618 4663
619 5228
620 3845
621 4118
624 2278
625 3607
626 2198
627 5454
628 6909
629 2626
630 6433
631 2111
633 2198
634 6548
635 2278
636 1921
638 1853
639 7295
640 2764
641 2435
642 7562
643 5062
645 5599
646 6415
647 6865
648 5550
649 4758
651 4907
652 2519
654 3202
654 4148
655 6909
656 6130
657 2198
658 7276
659 1899
660 3233
661 4666
662 2492
663 1889
664 4291
665 2347
666 2549
666 7649
667 6130
668 5617
669 2111
670 6176
671 4423
672 4805
673 5484
675 5664
676 6433
677 2198
678 5881
678 4592
681 7620
683 3559
684 6481
685 2395
686 5877
687 2198
688 4663
689 4210
690 4244
691 7031
692 2549
692 7649
693 2198
694 7034
695 6130
696 4376
697 2180
698 2090
699 2333
700 4251
701 2083
702 3899
703 3914
704 1295
705 2901
706 2981
707 4725
708 1446
709 6130
710 6702
711 2198
712 2198
714 4565
715 2028
716 4906
717 7369
718 766
720 2239
721 2299
723 2233
724 3506
725 3139
726 2198
728 4067
729 932
730 3231
731 5404
732 6702
733 5523
735 4376
736 2198
737 5131
738 7620
739 5133
740 6130
741 1824
742 2549
742 7649
743 5702
743 3344
745 6130
746 4663
747 2430
748 3513
749 4960
750 4959
751 1905
752 5550
753 3633
754 4376
755 767
756 2239
757 764
757 3817
758 4280
759 2239
759 4522
760 3469
761 4378
762 4384
764 5664
765 5617
766 2198
767 3523
768 2863
769 3329
770 2198
771 3871
772 2106
773 3375
774 2198
775 6512
775 2026
776 4376
777 3469
778 6130
780 2198
781 4644
782 4663
783 3143
784 4805
786 4666
787 1969
788 5586
789 4384
790 4209
790 6504
791 7237
792 4481
795 4384
796 6555
797 3238
798 3200
799 4119
800 2198
802 4854
802 1253
803 2239
804 1979
806 2090
807 4518
809 4805
810 4376
813 2198
815 932
816 5302
817 1065
819 3431
820 5560
821 4670
822 5636
823 4119
824 932
825 7645
826 7132
827 4875
828 2260
829 2863
830 2492
831 1453
832 4376
833 2653
835 3578
836 2198
838 3699
839 2198
840 6254
841 2198
842 4052
843 3698
844 5256
845 7575
845 6514
846 6328
847 3578
848 3326
849 7021
850 4960
852 4320
853 991
853 3730
854 6075
856 7128
858 2198
859 2077
859 4628
860 4422
861 2993
862 1961
863 2198
864 2879
865 2198
866 1625
867 1013
868 2198
869 2198
870 7649
871 6623
872 6504
873 7329
874 4376
875 2239
876 4485
876 6103
877 1759
878 6556
879 1969
880 6025
881 7330
882 2260
884 6130
885 1869
886 7342
887 5065
888 6127
889 2416
890 3843
891 1386
892 1448
893 5454
895 4625
896 2111
897 6697
898 7250
899 4217
900 6702
901 1223
902 932
903 4384
904 4384
905 2198
906 6702
907 1290
909 2090
910 2550
911 6547
912 1386
913 2550
914 6363
915 4319
916 4384
917 2517
918 7112
919 5467
920 1280
921 6909
922 7130
923 4116
924 2198
925 6902
927 4051
928 3272
929 4119
930 2239
931 1930
932 4237
933 1065
934 4376
935 3843
936 1291
937 4666
938 6796
938 6290
939 2198
940 3331
941 3244
942 4376
944 1791
944 3366
945 2198
946 1280
947 2239
948 6231
949 3699
950 5583
952 2425
953 1418
955 2377
955 5296
956 6909
957 4804
958 2198
959 6231
960 2714
961 5424
962 2984
965 6653
966 5364
967 4805
968 5131
969 6288
969 4607
970 6572
971 2581
972 4666
973 4384
974 1130
975 3578
976 2549
976 7649
977 5618
978 3107
979 6809
980 6328
981 6357
982 1065
983 1233
985 3739
986 4376
987 5210
989 2198
990 7518
991 3843
992 5737
993 6549
994 1291
995 4280
996 2168
997 1533
998 2430
999 6623
1000 2239
1001 4094
1003 4237
1004 2294
1005 1689
1006 4952
1007 7467
1008 2464
1009 5358
1010 6674
1011 4384
1012 1955
1013 3895
1015 1565
1016 4666
1018 2198
1019 1645
1020 3175
1021 4399
1022 2198
1023 4531
1023 1744
1024 4217
1025 4119
1026 5947
1027 3578
1028 6702
1029 2214
1030 3607
1031 4232
1032 1764
1033 4119
1034 2239
1035 4961
1036 6328
1037 1759
1038 4666
1039 7575
1040 4376
1041 6357
1042 4805
1043 7620
1044 4738
1044 7423
1046 3578
1047 6047
1048 5617
1049 7620
1050 6702
1051 7026
1052 5226
1053 6650
1054 4960
1055 3231
1056 4922
1057 4346
1058 4376
1059 1968
1060 6572
1061 4925
1062 4376
1063 2198
1064 5993
1065 6130
1066 2113
1067 6551
1068 4051
1070 6660
1071 7567
1072 6523
1073 4280
1074 1920
1074 6975
1076 5661
1077 7475
1077 6324
1078 3969
1079 6653
1080 2169
1082 5133
1083 1354
1084 4990
1086 4663
1087 1534
1088 3717
1088 3415
1089 3050
1091 3330
1092 2173
1095 2453
1095 5872
1096 4663
1097 2198
1098 2239
1099 2528
1100 2198
1101 1210
1102 2198
1103 3578
1104 2198
1105 2239
1106 2198
1107 6504
1108 2239
1109 6433
1110 3995
1110 5454
1111 2163
1112 3532
1113 4384
1114 4977
1115 7460
1116 4898
1117 6169
1118 6328
1120 1979
1121 1904
1122 1759
1123 7620
1124 3231
1125 2239
1126 1622
1127 5070
1127 7464
1128 5867
1129 4376
1130 1673
1131 6653
1132 2254
1133 1189
1134 6549
1135 3200
1136 2550
1137 6811
1138 4677
1138 5298
1139 5321
1140 3747
1141 4124
1142 2498
1143 4378
1144 1203
1145 3578
1146 3361
1147 4481
1148 4106
1148 7160
1149 2168
1150 3248
1151 2168
1152 2198
1153 7467
1154 6883
1155 2550
1156 6914
1156 5912
1158 5483
1159 4172
1160 3197
1162 3143
1163 1185
1164 7620
1165 2198
1166 6433
1169 6551
1170 2198
1171 6806
1172 4531
1172 7649
1173 2549
1173 7649
1174 6572
1175 1416
1176 4805
1177 2792
1178 2198
1179 5379
1180 1393
1181 4817
1182 5615
1183 4805
1184 2198
1186 3704
1187 6947
1187 1228
1188 5771
1190 6109
1191 2239
1192 5796
1193 4143
1193 6550
1194 5133
1195 7467
1196 6909
1198 6868
1199 1571
1200 4929
1202 6869
1203 2278
1204 2180
1205 1689
1206 2198
1207 7002
1208 4119
1209 3203
1210 2198
1211 2198
1212 2701
1213 6871
1214 2198
1215 5263
1216 5770
1217 1870
1218 4384
1219 7260
1220 5953
1221 6679
1222 6968
1223 4663
1224 5296
1225 7624
1226 2198
1227 1413
1228 2239
1229 5055
1230 3740
1235 2082
1236 4217
1237 4237
1238 2416
1239 3557
1240 1714
1240 6572
1241 4805
1242 7261
1243 2250
1244 6623
1245 2198
1246 5743
1248 2512
1249 2198
1251 5043
1252 5571
1253 6572
1254 2198
1255 5910
1256 4237
1257 3200
1258 2239
1259 1786
1260 6365
1261 5550
1262 3879
1265 2278
1266 4570
1268 4376
1269 7312
1269 6672
1270 5506
1271 1899
1272 4666
1273 2219
1276 3819
1277 6807
1278 4952
1279 6307
1280 1429
1281 5518
1282 1969
1283 4124
1284 2198
1285 7376
1286 2198
1287 2215
1288 7620
1290 2880
1291 4067
1292 4663
1293 4384
1295 2799
1296 6624
1297 1764
1298 4277
1299 5455
1301 2198
1302 5664
1303 7460
1304 2168
1306 3843
1307 1968
1309 5662
1310 4904
1311 3231
1312 6863
1313 7645
1314 4841
1316 5070
1317 4805
1318 3943
1318 6292
1319 7030
1320 3437
1321 6189
1322 4084
1323 1828
1324 4351
1325 2490
1326 5480
1327 5510
1329 7337
1330 2198
1331 2136
1332 6865
1333 2198
1334 6357
1335 3351
1336 4903
1337 3578
1338 2422
1341 1968
1342 2020
1343 3578
1344 2239
1345 3369
1346 2250
1347 2871
1348 1950
1352 3200
1353 6572
1354 3231
1355 2239
1356 7123
1357 2198
1358 5486
1359 4725
1362 6378
1363 6425
1364 4960
1366 2278
1368 4384
1370 2198
1371 1660
1372 4482
1373 1380
1374 2549
1374 7649
1375 5027
1376 2198
1377 2239
1378 4376
1379 7589
1380 3526
1381 4810
1382 6909
1383 3469
1385 5596
1387 1968
1388 5771
1389 2250
1390 5865
1390 6747
1391 1969
1392 5131
1393 7168
1394 2213
1395 7620
1396 6010
1397 1951
1398 3200
1399 2198
1400 3431
1401 3744
1403 7442
1404 1559
1405 7199
1406 7330
1407 3578
1408 1905
1409 7589
1410 1533
1412 5465
1413 5664
1414 4376
1415 2198
1419 7620
1421 2198
1422 4237
1423 2239
1424 2239
1425 6367
1426 3578
1427 4952
1428 4960
1430 4384
1431 2198
1432 2993
1433 2720
1434 2260
1435 4882
1436 6721
1437 2374
1439 2239
1440 7620
1442 6960
1443 3396
1444 2239
1445 2874
1446 6130
1448 6909
1449 2528
1450 3107
1451 6809
1452 1534
1453 4384
1454 4628
1455 6130
1456 4384
1457 6572
1458 6807
1460 4265
1461 2549
1461 7649
1462 2278
1463 3038
1464 4462
1465 2488
1466 4663
1468 5135
1469 3713
1470 2286
1471 2180
1472 2198
1473 2278
1475 2067
1476 7021
1478 4384
1479 4987
1481 4805
1482 7172
1483 4046
1484 4805
1485 2198
1486 6588
1487 7631
1488 4280
1489 5347
1490 3660
1491 7003
1492 2198
1493 2525
1495 2239
1496 5664
1497 1534
1498 2198
1499 7067
1500 3186
1501 2198
1502 6130
1503 3495
1504 4666
1505 2281
1506 3668
1508 2549
1509 4663
1510 3698
1512 4823
1512 1611
1514 1915
1516 3869
1517 1744
1518 5234
1519 2265
1520 6960
1521 4067
1522 4362
1523 6130
1524 2198
1525 3969
1526 2410
1527 5910
1527 1541
1528 7218
1529 4663
1530 1755
1531 4960
1532 2664
1533 3231
1534 2505
1536 7620
1537 6130
1538 2198
1539 3539
1540 4384
1541 3525
1542 1971
1543 1565
1544 3698
1546 5455
1547 7199
1548 6702
1549 2215
1550 5486
1551 2198
1552 6331
1553 6415
1554 3661
1555 5751
1556 3086
1558 5662
1559 7595
1560 4501
1561 2239
1562 4663
1563 3698
1564 6871
1565 7575
1566 2625
1567 2196
1568 7130
1571 2580
1572 2143
1573 3578
1574 6053
1575 4376
1576 4119
1577 6415
1578 7367
1580 2061
1581 5234
1582 2198
1583 5602
1584 2198
1585 2239
1586 2239
1587 3924
1588 7450
1590 2716
1591 5133
1592 4787
1593 7631
1594 3156
1594 5020
1596 6572
1597 2374
1599 2549
1599 7649
1600 2549
1600 7649
1601 2111
1603 2239
1604 4280
1605 1968
1606 3200
1607 2529
1608 2202
1609 5848
1610 6572
1612 6660
1614 2198
1616 7308
1617 6130
1618 2265
1620 2198
1621 4384
1623 3578
1624 4384
1625 5440
1626 3934
1627 1777
1629 2840
1630 4666
1631 2198
1632 1839
1633 6572
1634 2198
1635 2936
1635 6267
1636 3489
1638 3231
1639 2239
1641 2550
1642 4376
1643 4390
1643 5364
1644 2198
1645 4116
1647 4376
1648 4960
1649 6130
1650 2205
1652 4680
1653 2016
1654 3928
1654 2561
1655 4376
1656 4673
1657 7191
1658 2239
1660 3567
1661 2239
1662 3770
1664 6347
1665 4376
1666 6572
1667 4376
1668 4376
1669 3631
1670 3562
1671 2198
1672 2260
1674 3327
1675 2528
1676 3231
1677 2082
1678 2239
1681 7237
1682 2143
1683 4663
1685 4666
1686 2239
1687 6501
1689 1961
1691 7026
1692 2168
1694 6865
1695 4376
1696 2260
1697 3279
1698 2198
1699 7168
1700 2239
1701 4783
1702 6130
1703 2549
1703 7649
1704 5672
1705 2198
1707 5467
1708 2198
1709 2250
1710 2344
1711 2198
1712 2198
1713 2278
1715 2278
1716 6909
1717 2281
1718 3521
1720 2762
1721 6653
1722 6301
1723 2198
1724 4237
1724 4861
1726 3040
1728 4399
1729 2392
1730 4805
1731 5550
1732 1759
1733 6909
1735 4384
1736 6357
1737 4237
1739 4707
1741 3969
1741 2565
1742 5431
1743 6965
1744 2198
1747 2198
1748 6501
1749 7250
1750 7442
1751 4666
1752 6526
1753 5455
1754 3402
1755 2082
1756 7562
1757 3698
1758 2397
1759 2260
1760 7418
1762 6130
1763 6702
1764 6328
1765 3764
1766 2260
1767 2239
1768 4823
1769 4805
1770 2549
1770 7649
1772 4208
1773 3267
1774 3802
1775 4384
1776 7032
1778 4952
1779 1971
1780 7322
1781 5113
1782 2239
1783 3896
1784 2198
1785 2953
1786 2237
1787 2245
1787 7450
1788 3227
1789 5792
1790 4805
1791 6130
1792 2553
1793 7002
1795 3578
1796 2198
1799 5431
1800 4471
1801 2198
1803 6519
1804 6130
1805 6702
1806 5673
1807 2168
1808 6130
1810 6909
1811 5465
1812 5605
1813 5213
1813 6189
1814 3437
1815 3771
1816 7442
1817 3578
1818 4143
1819 6130
1820 1904
1821 7518
1822 7497
1824 5283
1825 4802
1825 6623
1826 4376
1827 2250
1828 4896
1829 2686
1830 3904
1831 6001
1833 5404
1834 4805
1835 7460
1836 2198
1837 4119
1838 2198
1840 4376
1841 7460
1842 4376
1844 6697
1845 6653
1846 6806
1847 2198
1848 3200
1850 1899
1851 2281
1852 3843
1854 2198
1856 2505
1857 4516
1858 5972
1859 3559
1860 4384
1862 4376
1863 4666
1864 4666
1865 7515
1866 2239
1867 6465
1869 7485
1870 5284
1871 2198
1872 2239
1873 4067
1874 2198
1875 4376
1876 2587
1878 2082
1879 3197
1880 4376
1881 5110
1882 5016
1882 4151
1883 6707
1884 4376
1885 4176
1885 6414
1887 5924
1888 5486
1890 5477
1890 3200
1892 3584
1893 6293
1894 2198
1895 2180
1896 3698
1897 5130
1899 2198
1901 4672
1902 2198
1903 6094
1905 6572
1906 2218
1908 2198
1909 6130
1911 6947
1912 7560
1913 2664
1914 6653
1916 2347
1917 4663
1918 4376
1920 3231
1922 2529
1923 6130
1924 6241
1925 5404
1926 7240
1927 2198
1928 4919
1928 5296
1930 6572
1931 2430
1932 7045
1934 6328
1935 2239
1936 4689
1938 4302
1939 5043
1941 2198
1943 3267
1944 6103
1945 4384
1946 3495
1948 2198
1950 5422
1951 5970
1952 5074
1954 4376
1955 7538
1956 3578
1957 2550
1958 6001
1959 2198
1960 7637
1961 3698
1962 3578
1963 7613
1964 6817
1965 4384
1966 3578
1967 3062
1968 4036
1969 2260
1971 4481
1972 2622
1973 7131
1974 5234
1975 2239
1976 2239
1977 4960
1979 3578
1980 3749
1981 3035
1982 7504
1983 2260
1984 2392
1985 3281
1986 2699
1986 2501
1987 2265
1988 7516
1989 3396
1990 4376
1991 2106
1992 5605
1993 2198
1994 6295
1994 3653
1995 4978
1996 2198
1997 2198
1999 2198
2000 4725
2001 6452
2003 3960
2004 3228
2005 4805
2006 2098
2007 4384
2008 6347
2010 2198
2011 3698
2014 3869
2016 2863
2017 2198
2018 3843
2019 4666
2021 3895
2022 6865
2023 2549
2023 7649
2024 2198
2026 2111
2028 2993
2029 2278
2030 2198
2031 3866
2032 5234
2033 4384
2034 3186
2035 5548
2037 4666
2038 4748
2039 2198
2040 4384
2041 6481
2042 2239
2043 2239
2046 2321
2047 4217
2048 2198
2049 2431
2050 6865
2051 7026
2052 5454
2053 7575
2056 2412
2057 7223
2059 3559
2060 2198
2061 5570
2062 2084
2063 6325
2064 6130
2065 5484
2068 4725
2069 5477
2072 2550
2073 4663
2074 3622
2075 5970
2076 6652
2077 6433
2079 7460
2080 4266
2081 5550
2082 2464
2083 6583
2085 3200
2086 4384
2087 2380
2088 3568
2089 3578
2090 2260
2091 6154
2092 4990
2095 4217
2096 3478
2097 2549
2097 7649
2098 6502
2099 4666
2100 2976
2101 7631
2104 4805
2106 6551
2107 2198
2110 2880
2112 3062
2115 2198
2116 3005
2117 7398
2119 5770
2120 4384
2121 4232
2122 6547
2124 2198
2125 6246
2126 3675
2127 2863
2129 4376
2130 2362
2131 4378
2132 2260
2133 7565
2135 7498
2136 3993
2137 5737
2138 6012
2139 6865
2140 7460
2141 3945
2142 2239
2143 3895
2144 2549
2144 7649
2148 6130
2149 5550
2150 2430
2151 7500
2152 4757
2153 4449
2154 6130
2155 4913
2157 7621
2158 7330
2159 7535
2159 5756
2160 7594
2161 2177
2162 6274
2163 6807
2165 5074
2166 2239
2167 3200
2168 2413
2169 2570
2170 4376
2171 2239
2172 6909
2173 4217
2175 5312
2176 2468
2178 7199
2179 6572
2180 3843
2183 2239
2184 6432
2186 3559
2187 7073
2188 6415
2190 7316
2192 2250
2193 6315
2193 3377
2194 4384
2195 3578
2196 6423
2197 4415
2200 2549
2200 7649
2201 2239
2204 2528
2208 4376
2210 3329
2211 5368
2213 5550
2214 7045
2215 4384
2218 2392
2219 4646
2221 3770
2222 6851
2223 4094
2224 2523
2226 3391
2227 2549
2227 7649
2228 2239
2230 6205
2231 2488
2232 4584
2232 6920
2234 3964
2235 2895
2236 6433
2240 6653
2242 3200
2243 5234
2245 3094
2247 4805
2248 3698
2249 6217
2250 4960
2251 6130
2253 4805
2254 4078
2255 4265
2256 4883
2258 3578
2259 4663
2261 6651
2264 6623
2266 2549
2266 7649
2267 4376
2268 6557
2268 5110
2269 4266
2270 4573
2273 6909
2274 3005
2276 7301
2277 2392
2278 6158
2280 2762
2281 4666
2282 7620
2284 3924
2285 5934
2288 4486
2290 4384
2291 4146
2292 6130
2293 4906
2294 4217
2295 5354
2296 2549
2296 7649
2297 7620
2299 7330
2300 7030
2300 5065
2301 5770
2302 4384
2303 4725
2305 2378
2305 2707
2311 6653
2312 4758
2314 5301
2317 3578
2319 6433
2320 4384
2321 3843
2322 5198
2323 5434
2325 3506
2327 4666
2328 6130
2329 3431
2330 5029
2331 6039
2332 6001
2333 6130
2338 3495
2339 4384
2341 6623
2343 5480
2345 4805
2346 7305
2347 4646
2349 3246
2350 6948
2351 3694
2353 4810
2354 3578
2355 5771
2356 4805
2357 7255
2358 3578
2360 5506
2361 3211
2363 2529
2365 7535
2366 7460
2368 3578
2369 6865
2370 4376
2372 3578
2374 4378
2375 3469
2377 4384
2378 5486
2381 4870
2382 4673
2383 4423
2383 4708
2385 4489
2386 5253
2387 4666
2388 7460
2389 6679
2390 7591
2391 7460
2392 7107
2393 4164
2394 3879
2395 4663
2399 4237
2400 3578
2401 4182
2402 6909
2403 2580
2404 6067
2405 4046
2407 6887
2408 5734
2409 3231
2410 4376
2411 2695
2412 6813
2414 7267
2416 6005
2417 2984
2420 4101
2421 5525
2422 4665
2423 4067
2426 6623
2428 3869
2429 3200
2430 4378
2432 6414
2433 7063
2434 4384
2435 3749
2436 6433
2437 4582
2437 3396
2438 7032
2439 7460
2440 4805
2441 4384
2443 4280
2444 4663
2445 6624
2448 2549
2448 7649
2449 4663
2452 5454
2453 6970
2454 5396
2456 3431
2457 2549
2457 7649
2458 7620
2458 3175
2459 3200
2460 4469
2461 4376
2462 4362
2463 3097
2465 2880
2466 7199
2467 3752
2468 4663
2473 6509
2475 5755
2477 6433
2478 4439
2479 5296
2480 3151
2481 6548
2483 7348
2485 6414
2486 6395
2487 3469
2489 4663
2490 3866
2491 4663
2492 7063
2493 5064
2494 3578
2496 7620
2499 4663
2501 3694
2506 6950
2507 3879
2508 5465
2509 3578
2511 4913
2513 4805
2514 3331
2515 3740
2516 6250
2517 2554
2518 3203
2524 7175
2525 6909
2526 6002
2527 6548
2529 3702
2530 6791
2531 4864
2532 3578
2533 5234
2533 4805
2535 3651
2537 4376
2538 4399
2542 4823
2543 4454
2544 4384
2545 3740
2546 5101
2547 3698
2548 4423
2549 4384
2550 7438
2551 5594
2552 5662
2555 3234
2556 5133
2557 6679
2558 4805
2559 3578
2562 7649
2564 4376
2565 6572
2568 4957
2569 7330
2570 4094
2572 3277
2574 5550
2577 3330
2581 4805
2582 6013
2583 7579
2584 7649
2585 5671
2587 4376
2588 7359
2589 7250
2590 5581
2591 3048
2594 7063
2596 4960
2597 4104
2598 5734
2599 7649
2602 5107
2604 3802
2605 3361
2606 3186
2607 6433
2608 3227
2610 4719
2611 4301
2612 5743
2613 3329
2616 4818
2617 4384
2619 7132
2620 4384
2624 5435
2625 3866
2626 7032
2630 5576
2630 5010
2631 7087
2632 3559
2633 4805
2635 6212
2638 3850
2639 7582
2640 4806
2641 4193
2641 6249
2642 6158
2643 4666
2644 3300
2646 2662
2647 5184
2648 7359
2654 6653
2656 6185
2657 4384
2658 6829
2660 4376
2662 2833
2666 6681
2668 4768
2669 3675
2670 5607
2676 3607
2677 3748
2679 4384
2682 7467
2683 4376
2684 5040
2687 4444
2690 7649
2691 3813
2694 7649
2695 6433
2696 4481
2697 4376
2698 4938
2699 3200
2702 5656
2703 4067
2704 5559
2705 7057
2706 4805
2708 7146
2709 3197
2712 3690
2713 4882
2714 7456
2715 7649
2718 5185
2719 4384
2720 3231
2721 3977
2722 3666
2723 3661
2724 7034
2726 6286
2728 6010
2729 7401
2731 7649
2732 4115
2733 7649
2734 3073
2735 5149
2736 5404
2739 4362
2741 5604
2742 5970
2744 4384
2746 3035
2747 4749
2748 7292
2749 6433
2752 7063
2753 7649
2755 4376
2756 6653
2757 6653
2759 5789
2760 4685
2762 6147
2763 3895
2764 3197
2765 4384
2772 4376
2773 3887
2774 6130
2775 3116
2776 4805
2778 5133
2779 6286
2783 6059
2784 7649
2785 5548
2786 4663
2787 4686
2788 3231
2789 4452
2790 6130
2791 5504
2792 6130
2794 5865
2798 4805
2800 4805
2805 4663
2806 7255
2808 4376
2809 4987
2813 6623
2815 4275
2818 7649
2819 4217
2821 5801
2822 4960
2824 4850
2825 4275
2828 4805
2828 5546
2829 4337
2831 3339
2833 4665
2834 2863
2836 4291
2837 5829
2839 6001
2839 5650
2840 4646
2844 5483
2845 4933
2845 7033
2847 3506
2848 4376
2849 4960
2851 7082
2852 4384
2858 4119
2862 4124
2863 4913
2865 5792
2867 3490
2869 6090
2871 4217
2872 3524
2873 4663
2875 6504
2876 7620
2878 4399
2878 3431
2879 4913
2881 4376
2883 4384
2884 4805
2885 4861
2886 5881
2888 4384
2889 4672
2889 7171
2890 6551
2891 5337
2892 4105
2894 2993
2896 4524
2896 5270
2898 3793
2900 5618
2901 4302
2902 6861
2902 5183
2903 4067
2904 4805
2907 4805
2908 3895
2909 7423
2909 7064
2910 3005
2911 4384
2912 6768
2915 6130
2916 4243
2917 7250
2918 5771
2919 7301
2920 3725
2920 6512
2922 4834
2922 2988
2924 4646
2925 6997
2927 5123
2928 5354
2929 5734
2933 7467
2933 3578
2939 3361
2940 6487
2940 3459
2943 6993
2945 6909
2946 4960
2947 4005
2954 6740
2956 4384
2957 3843
2960 5114
2962 6721
2963 6433
2964 5993
2966 6433
2968 5684
2969 5500
2971 4793
2973 6807
2974 4384
2976 7620
2977 3895
2978 4078
2980 7649
2982 7636
2983 4663
2984 7367
2987 4067
2989 7649
2990 5922
2992 3485
2997 4462
2999 4427
3000 7649
3002 3175
3003 4384
3004 3240
3005 4378
3007 6608
3009 4200
3010 3520
3012 4462
3012 4422
3014 4757
3015 3895
3016 4226
3018 7572
3021 5250
3025 4384
3026 4362
3027 3051
3028 3231
3030 5884
3033 7002
3035 6572
3036 6502
3037 7330
3038 3154
3039 4384
3040 4672
3041 3375
3044 3197
3045 3643
3047 4498
3047 4487
3052 6960
3053 4217
3054 4033
3056 3331
3057 3843
3058 7649
3059 7649
3060 4864
3061 5070
3064 4280
3069 3538
3071 6254
3075 6394
3076 7649
3077 6588
3078 4067
3082 4748
3083 3506
3084 6130
3085 3490
3087 3361
3094 7620
3096 6707
3096 5471
3100 5861
3103 3331
3104 6130
3106 4037
3107 7620
3108 3894
3109 6572
3110 6158
3113 7467
3114 4376
3115 4805
3117 6334
3118 4680
3119 3940
3120 6729
3122 3511
3124 4422
3125 6610
3127 6130
3128 3231
3129 7192
3130 3843
3131 7376
3136 4410
3137 3248
3142 7112
3143 6130
3145 6504
3148 7168
3150 4280
3153 6433
3155 4805
3156 3175
3163 7460
3165 5939
3167 6679
3169 3285
3170 3521
3171 4952
3173 4200
3174 4031
3174 3310
3175 7620
3177 4376
3181 7649
3182 6833
3183 4384
3187 5393
3189 5070
3190 5111
3191 7620
3192 3200
3193 4206
3194 6210
3198 4849
3200 7199
3201 4399
3203 3578
3205 4239
3206 4376
3207 7032
3208 7329
3209 3559
3210 6094
3211 4663
3213 5234
3214 5803
3215 7649
3216 7290
3218 3578
3219 4646
3220 6965
3222 3227
3223 3866
3227 6813
3228 4036
3229 6433
3230 7649
3231 7460
3232 4725
3236 6623
3239 4628
3240 5550
3241 6759
3243 5133
3244 4906
3245 3748
3247 5133
3248 7620
3249 3578
3250 6547
3252 7003
3253 5532
3256 3698
3257 4217
3258 6130
3259 5301
3262 5372
3263 4897
3265 3358
3268 3384
3270 3559
3273 4805
3275 4940
3276 7620
3280 7460
3281 7538
3284 4384
3287 6024
3287 6968
3288 6865
3291 4666
3293 6130
3295 3578
3297 4384
3299 4367
3301 3522
3303 7261
3304 4376
3307 3669
3308 4678
3309 3806
3310 6572
3311 4384
3312 5296
3313 6328
3315 3843
3316 4960
3317 5213
3321 6415
3323 4531
3323 7649
3325 3699
3329 7579
3330 3895
3332 7644
3333 4282
3333 5506
3335 5437
3336 4482
3338 6697
3340 7649
3342 6839
3346 4960
3349 4482
3351 5571
3353 6702
3354 3993
3356 6502
3360 7034
3361 4237
3365 5486
3366 7460
3367 4827
3368 4725
3370 4384
3372 4097
3376 4280
3378 5796
3381 3578
3382 4940
3383 7649
3384 4376
3391 6653
3392 4666
3393 4663
3394 3698
3395 6433
3396 6817
3397 3793
3398 3958
3399 5357
3400 4752
3401 4666
3402 6158
3404 3821
3406 4384
3407 6058
3408 4384
3409 7620
3410 3681
3411 4663
3412 4399
3413 6478
3415 6357
3416 6865
3420 5600
3422 7215
3424 6130
3425 7260
3426 6768
3427 4422
3429 7620
3430 3760
3431 7460
3433 3578
3435 5737
3436 7440
3436 6414
3440 6673
3442 5872
3444 7535
3447 5793
3448 7649
3449 4663
3450 4051
3451 6703
3452 4663
3453 4560
3454 4988
3456 4376
3458 5444
3461 5872
3462 7572
3463 6698
3464 4512
3466 3578
3467 4232
3468 4569
3469 5234
3470 7649
3471 5755
3472 4410
3472 6367
3474 3988
3477 6144
3477 4202
3479 5357
3480 3578
3481 4265
3482 7317
3485 4172
3486 4005
3491 4033
3492 3578
3493 4376
3494 6130
3495 6433
3496 7045
3497 7620
3501 3698
3503 7330
3506 6909
3509 4685
3512 6807
3516 4280
3519 7002
3521 5301
3529 4038
3530 6130
3531 4362
3534 3993
3536 3843
3538 4384
3543 5602
3544 6138
3545 4805
3546 4376
3547 6024
3550 3578
3553 7255
3554 4378
3555 5636
3557 4725
3558 4666
3560 6623
3562 7457
3563 6653
3565 5602
3566 5550
3568 6415
3570 6275
3571 7620
3573 4725
3575 7255
3576 4161
3577 6572
3579 6807
3587 5556
3588 4758
3589 7191
3589 4555
3590 6739
3592 7558
3592 7590
3595 4913
3598 5491
3602 4952
3603 7620
3604 7649
3605 6572
3606 4376
3607 3895
3609 4597
3610 5236
3611 7350
3612 7518
3613 6588
3614 7220
3617 4376
3621 4217
3624 7620
3629 7618
3631 4725
3633 4665
3635 4454
3636 4214
3637 3871
3642 7606
3643 6878
3645 6433
3647 5578
3649 5848
3650 4320
3652 6218
3653 6051
3656 6130
3658 4872
3661 7620
3662 5074
3671 3895
3672 3895
3674 6245
3676 4051
3678 6357
3679 7199
3682 6813
3684 6423
3685 4959
3687 5206
3688 4422
3690 5367
3691 7222
3694 7199
3696 7199
3699 3899
3700 7649
3701 6211
3705 6433
3706 4882
3707 5970
3707 6523
3708 4384
3711 6357
3717 3749
3722 4960
3724 3744
3727 7649
3729 3869
3733 4244
3734 4384
3735 7620
3736 4237
3737 7361
3738 5147
3741 6653
3742 7250
3744 4295
3750 4376
3753 4805
3754 6806
3755 6718
3758 4376
3760 7330
3761 7003
3762 4384
3763 6572
3765 6572
3766 4646
3770 5387
3772 3895
3775 5263
3775 5864
3777 5885
3777 4108
3778 4189
3779 4747
3780 7649
3781 4067
3783 4817
3785 7226
3786 7336
3787 6807
3791 4732
3792 5239
3794 7565
3794 7404
3795 7383
3799 6702
3800 6729
3805 4960
3807 4217
3810 7649
3811 6380
3812 3896
3813 7034
3814 6583
3815 6679
3816 5661
3817 4805
3818 7590
3818 4183
3819 3869
3820 4666
3822 4255
3824 7613
3828 5725
3831 6434
3832 4422
3833 4020
3836 7649
3837 7250
3839 4805
3841 6053
3845 6623
3846 5548
3846 6755
3847 4482
3848 7228
3850 5480
3851 7457
3852 7620
3855 6058
3857 6415
3861 4376
3863 7199
3864 5869
3865 4752
3867 4376
3868 6588
3870 7330
3872 4646
3873 4923
3875 6791
3876 7021
3879 7460
3880 4673
3881 4802
3883 4913
3886 4805
3888 7032
3892 6653
3893 7247
3895 4384
3898 4384
3900 4060
3900 5421
3901 5177
3904 4244
3905 6130
3907 4454
3908 7631
3911 4725
3913 4725
3916 5364
3918 4722
3918 4805
3919 6428
3920 5174
3924 6653
3926 4384
3928 6807
3932 7649
3933 5282
3933 6927
3934 6433
3935 5776
3935 6809
3936 4506
3938 7033
3939 4237
3940 4425
3941 4673
3943 6158
3948 4384
3949 5872
3952 4362
3953 7620
3954 6551
3955 7620
3956 6378
3958 4384
3960 5043
3961 5117
3962 4805
3964 7250
3965 7401
3967 6515
3968 7620
3969 6572
3970 4384
3972 4646
3973 6778
3980 4961
3982 4805
3986 5570
3988 6423
3991 5335
3996 4376
3997 6653
3998 5460
4000 7620
4002 4424
4004 4244
4007 5260
4008 6653
4009 6110
4010 7649
4013 6759
4014 6201
4015 5305
4017 5707
4019 6433
4027 7579
4029 4940
4030 6471
4032 5580
4034 4666
4040 4094
4045 7649
4046 7269
4047 6488
4048 4960
4049 4952
4051 5802
4052 5431
4056 4960
4057 7077
4058 6686
4060 6635
4062 4376
4063 6053
4064 4091
4069 7608
4070 5848
4077 6653
4079 7002
4080 4384
4083 4952
4084 4378
4087 4925
4091 4384
4092 7305
4096 4384
4097 7330
4099 5871
4100 6807
4103 6572
4104 7620
4109 6098
4110 7460
4111 7395
4112 6653
4115 6909
4116 4805
4117 4663
4119 6158
4120 4805
4121 7078
4125 4280
4129 7649
4135 7132
4135 6304
4136 7591
4138 4410
4141 7305
4143 6653
4144 6718
4145 6130
4146 6130
4148 6592
4149 6094
4151 4663
4155 5881
4160 4805
4165 7649
4167 6551
4169 6049
4169 4260
4174 4952
4175 4981
4177 4384
4178 7153
4179 4244
4180 7649
4181 6623
4183 7590
4195 6991
4198 5234
4199 7550
4200 4752
4201 4295
4204 7466
4205 4837
4206 6909
4211 5518
4212 4376
4214 6681
4215 5922
4216 4376
4217 7276
4220 7131
4222 6697
4225 5440
4226 5131
4228 4384
4229 5477
4231 7620
4232 4628
4233 4384
4234 5101
4235 7620
4239 6433
4242 7575
4245 5848
4246 7649
4249 4384
4254 6637
4255 5550
4259 7359
4262 4384
4263 4376
4269 4376
4271 6718
4272 5065
4273 4805
4275 7620
4276 5877
4277 4882
4279 5046
4280 6653
4283 4628
4284 7621
4286 4384
4288 7108
4290 4376
4291 7620
4292 4925
4293 4748
4295 6572
4296 6702
4298 6865
4300 6679
4301 4940
4303 4384
4313 4384
4314 4482
4315 6437
4316 7649
4317 6001
4320 6328
4321 5592
4323 4804
4326 4376
4328 6504
4329 4805
4330 4422
4331 7571
4332 4997
4335 4861
4336 6504
4338 7456
4340 7343
4341 7620
4343 7067
4344 5484
4348 7402
4349 7171
4351 6623
4354 7565
4357 6623
4359 5470
4360 7034
4361 6031
4362 7153
4364 7199
4365 4805
4366 4384
4367 5154
4369 6551
4371 4805
4372 5260
4374 4652
4379 6635
4389 7571
4409 7467
4411 4663
4412 4960
4415 6702
4416 5234
4420 4952
4423 4663
4426 6653
4429 7620
4432 7168
4435 6572
4436 5191
4437 4690
4441 6679
4442 4805
4446 6049
4455 7390
4457 5256
4461 5183
4470 7161
4471 7620
4472 6094
4475 4663
4478 4663
4482 7579
4486 4762
4487 4663
4490 7330
4491 5896
4493 4692
4494 4663
4495 7639
4496 4960
4506 5063
4509 6357
4515 6865
4516 5027
4518 5422
4520 5988
4523 6001
4524 4663
4526 6707
4528 7147
4529 5993
4530 7388
4533 5466
4539 6679
4540 6730
4541 4805
4543 7519
4544 7460
4552 7649
4555 5604
4557 5131
4558 7649
4559 5545
4561 6217
4563 6814
4564 4663
4571 7479
4572 7649
4573 4805
4583 4666
4587 7620
4588 6702
4589 7097
4592 4805
4596 6610
4598 5147
4599 7460
4602 5435
4606 5801
4607 4663
4609 5739
4610 4615
4612 4673
4617 5574
4619 4666
4620 7631
4625 7620
4627 7571
4631 5755
4635 4769
4637 7330
4640 5599
4646 7620
4651 7169
4652 7199
4656 6084
4657 4843
4659 5357
4660 7620
4664 6304
4667 6010
4668 5254
4670 4805
4671 7641
4672 5865
4673 6653
4674 7556
4675 5831
4676 6502
4677 7620
4679 4805
4683 6747
4685 5484
4691 4805
4698 6504
4699 4736
4702 5755
4705 6433
4706 6890
4708 5357
4710 5111
4712 6702
4713 6487
4715 5234
4718 5063
4720 5548
4721 6865
4723 6357
4728 6679
4732 4843
4733 6001
4736 5822
4740 6357
4741 7255
4745 5321
4748 6217
4756 7237
4757 6328
4760 4920
4761 5751
4770 4834
4772 7255
4774 6702
4775 7190
4776 5011
4783 5387
4788 6455
4793 6304
4798 5922
4799 5912
4800 6130
4802 6653
4807 7649
4808 7649
4809 5298
4810 4906
4813 5256
4814 6130
4823 7087
4824 7200
4825 7028
4837 5822
4840 7649
4843 4866
4847 5707
4849 6130
4850 4997
4853 5854
4856 7620
4858 5264
4860 6478
4867 7621
4868 5889
4875 7620
4877 5816
4886 5038
4887 6513
4889 6466
4892 4982
4893 6412
4896 6718
4899 6653
4902 5987
4904 7330
4907 7620
4910 6142
4912 5133
4920 6169
4921 5072
4922 4994
4925 6130
4927 7301
4937 6130
4938 5848
4942 5559
4943 6130
4946 6887
4953 7649
4959 6572
4962 5642
4965 6239
4966 7649
4969 7260
4970 6307
4972 5848
4978 6130
4981 6865
4985 7467
4987 7330
4989 7130
4997 7620
4999 6965
5003 5029
5004 6729
5005 6865
5018 5963
5030 6653
5031 6078
5031 7305
5032 6898
5033 7395
5034 6130
5049 5649
5050 6702
5051 6807
5053 6130
5059 7386
5064 6038
5065 6433
5069 5848
5074 5872
5078 7479
5084 6551
5085 5605
5086 7620
5087 7625
5089 6716
5093 7586
5094 6623
5100 6993
5103 6702
5105 7464
5106 6109
5107 5361
5109 6807
5113 6865
5114 6807
5119 5337
5129 7649
5138 5270
5140 7460
5148 6702
5153 6130
5157 7649
5162 6231
5169 6130
5172 6433
5174 6909
5175 5778
5176 5556
5178 6577
5178 5411
5182 5978
5183 5379
5186 5254
5187 5642
5191 6572
5195 5404
5198 5545
5205 6702
5205 5979
5206 5545
5209 6807
5215 7300
5216 6301
5217 6210
5232 6509
5235 7460
5237 6130
5240 6388
5241 6702
5242 6865
5248 5778
5252 5416
5252 6239
5255 6702
5256 7631
5262 6699
5268 6341
5269 5666
5276 5548
5280 5957
5285 7649
5291 5627
5292 6063
5293 6175
5294 5831
5294 7027
5295 7130
5300 6653
5306 6679
5315 6142
5317 7032
5319 6865
5321 6119
5326 7620
5331 6642
5336 7342
5339 7562
5339 5592
5342 5956
5343 6807
5349 6031
5355 7649
5356 7649
5369 7369
5370 7618
5371 6492
5373 6547
5377 6089
5380 6653
5391 6583
5396 6898
5401 7395
5402 6307
5407 6346
5410 7460
5420 6411
5421 6635
5424 6332
5429 7460
5432 6130
5434 7620
5436 6765
5437 6807
5440 6817
5441 6702
5444 6623
5449 7649
5461 6572
5462 7575
5472 7649
5473 5684
5476 5896
5477 7002
5496 6807
5501 5535
5508 7269
5511 7330
5513 6001
5520 7620
5521 5872
5525 6707
5528 7649
5532 6892
5535 6358
5536 7649
5539 6493
5542 6702
5552 6075
5553 6796
5554 7395
5555 6519
5558 5789
5560 7447
5572 7247
5578 7620
5580 7026
5581 6130
5582 7620
5584 6702
5586 5738
5591 7631
5596 6509
5607 6865
5611 7460
5615 6807
5616 6433
5618 5793
5621 7002
5631 6577
5634 5664
5637 6849
5643 6615
5644 6817
5656 7316
5675 5884
5681 6865
5684 7620
5688 7400
5690 6433
5694 6572
5696 6572
5697 6130
5698 6090
5699 7620
5701 7316
5705 6941
5710 6551
5717 7097
5720 7620
5731 6130
5741 6513
5745 6803
5748 7639
5752 7649
5753 5848
5754 6653
5757 6623
5760 7305
5761 6960
5763 6908
5769 6702
5774 6653
5776 6809
5781 6172
5785 5987
5790 6615
5793 6130
5794 5872
5809 6415
5811 7649
5813 6067
5817 5872
5819 6038
5823 7649
5826 7237
5828 6534
5843 6807
5847 7620
5852 7513
5854 7620
5860 6130
5861 7316
5867 6130
5868 6357
5870 7460
5875 7649
5877 6130
5879 6250
5892 7499
5894 6509
5902 6900
5907 7579
5913 6817
5915 6525
5916 6433
5919 6869
5921 6524
5925 7649
5934 6423
5936 5993
5942 7649
5950 6433
5953 6572
5966 6702
5967 6933
5970 6523
5980 6807
5985 6813
5987 6098
5993 7330
6002 6130
6008 6394
6020 7247
6025 7620
6029 6909
6031 7292
6032 7242
6035 7649
6037 7649
6042 6130
6050 7620
6052 6653
6053 7168
6055 6847
6061 7107
6063 7330
6068 7649
6071 6724
6085 6572
6088 6623
6090 6130
6093 6341
6095 7460
6101 7467
6102 6488
6107 7049
6118 6522
6122 6463
6132 6865
6134 6572
6137 7607
6138 7460
6142 6721
6153 7565
6157 7305
6159 7032
6160 6217
6171 6219
6181 7538
6182 7649
6185 7214
6189 6960
6190 7649
6191 6433
6195 7153
6199 6347
6205 7575
6207 7343
6209 6293
6220 6865
6224 7300
6231 6635
6239 6865
6240 7437
6245 6549
6248 7199
6260 7390
6261 7133
6268 7460
6269 6572
6278 6347
6279 7649
6286 6550
6290 6635
6298 6328
6302 7414
6306 7649
6326 6809
6328 7153
6347 7460
6351 6744
6359 7649
6361 6702
6365 7250
6370 7191
6373 6414
6383 7013
6399 6747
6401 6718
6402 6988
6410 6816
6411 7196
6415 7499
6417 7359
6426 6588
6432 7026
6441 6994
6450 6572
6456 7429
6463 7026
6472 7620
6480 7460
6495 7049
6499 7649
6514 7620
6515 7620
6528 6968
6533 7649
6546 7456
6550 7460
6561 6635
6563 7359
6564 7649
6572 6807
6577 7620
6580 7649
6581 7067
6583 7292
6587 6623
6588 7330
6589 7579
6594 7330
6595 7034
6599 7427
6623 6653
6628 7513
6635 7460
6644 7649
6655 6897
6662 7649
6665 7513
6672 6909
6685 6806
6699 6909
6712 7565
6713 7569
6717 7330
6721 7087
6727 6903
6741 7376
6742 6809
6746 6807
6752 6871
6755 7562
6767 7133
6768 7620
6785 7608
6790 7601
6797 6814
6803 7330
6809 7199
6818 7620
6823 7620
6879 7250
6905 6908
6935 7460
6944 7649
6953 7247
6960 7518
6962 7649
6964 7649
6977 7199
6979 7620
6998 7292
7012 7263
7016 7598
7050 7532
7058 7649
7069 7649
7095 7620
7100 7649
7111 7649
7130 7250
7141 7460
7146 7581
7157 7565
7172 7476
7177 7649
7178 7620
7186 7649
7227 7488
7257 7342
7287 7538
7333 7649
7334 7621
7362 7649
7379 7620
7396 7649
7399 7649
7421 7620
7450 7620
7451 7565
7461 7530
7475 7620
7496 7649
7522 7649
7542 7649
7547 7649
7557 7649
7558 7590
7575 7620
