0 5007
0 2239
1 2113
1 4735
2 980
2 2152
3 4376
3 2198
4 6712
4 7565
5 3784
5 6909
6 5229
6 652
7 3843
7 2180
8 3702
8 2529
9 5636
9 128
10 5110
10 6357
11 4288
11 307
11 5803
12 1440
12 7620
13 3095
13 878
14 1058
14 6551
15 4805
15 6909
16 2552
16 2550
17 1791
17 1909
18 7046
18 2198
18 5296
19 4351
19 6623
20 73
20 305
21 1989
21 3396
22 6653
22 4673
23 593
23 1798
24 6702
24 593
25 702
25 5964
26 7276
26 4217
27 2239
27 2198
28 1429
28 1280
29 3988
29 6290
30 7130
30 526
31 6515
31 4907
32 3817
32 2385
33 2198
33 593
34 2440
34 4592
35 2188
35 5892
35 1844
36 1280
36 6807
37 1039
37 7620
38 2552
38 5662
39 2211
39 2198
40 1185
40 456
41 4376
41 4805
42 593
42 2198
43 3205
43 3934
44 6415
44 6697
45 3281
45 7538
46 3975
46 7292
47 6546
47 2714
48 2198
48 2239
49 1922
49 382
50 4668
50 2239
51 6119
51 5321
52 7620
52 5684
53 2840
53 4646
54 4399
54 2528
55 4215
55 2397
56 5434
56 5861
57 806
57 1759
58 2551
58 2549
58 7649
59 2318
59 932
60 2198
60 2275
61 6702
61 2198
62 7171
62 2143
63 2551
63 2549
63 7649
64 2413
64 2168
65 3457
65 896
66 4961
66 3107
67 6817
67 872
68 4481
68 1971
69 4376
69 2198
70 1252
70 5506
71 6610
71 1521
72 1429
72 1280
73 3698
73 551
74 5751
74 4478
75 2198
75 5263
76 1058
76 4376
77 593
77 2198
78 2022
78 6865
79 6702
79 1796
79 2198
80 2551
80 2549
80 7649
81 1756
81 4258
82 2424
82 4678
83 3801
83 3231
84 6515
84 7620
85 4376
85 4384
86 4725
86 7579
87 2481
87 2527
88 4189
88 395
89 2198
89 593
90 7442
90 7417
91 2198
91 766
92 4422
92 2239
93 6817
93 1107
94 920
94 1429
95 6747
95 4672
96 6718
96 4896
97 3586
97 3735
98 5404
98 2198
99 2972
99 1620
100 4687
100 4378
101 3437
101 5035
102 3660
102 1490
103 4384
103 4952
104 6158
104 4119
105 2239
105 1280
106 3194
106 248
107 6417
107 7359
108 1248
108 2512
109 4805
109 2239
110 1689
110 5229
111 3578
111 495
112 2148
112 314
113 5455
113 2198
114 6604
114 2586
115 2198
115 2239
116 2198
116 3203
117 1010
117 3396
118 2198
118 3698
119 5222
119 3748
119 3341
120 1234
120 2362
121 6130
121 3879
122 1920
122 3231
123 1453
123 2198
124 4384
124 593
125 3469
125 2239
126 3879
126 7460
127 2239
127 2198
128 252
128 1358
129 7320
129 593
130 4684
130 6550
131 1903
131 7342
132 4376
132 3226
132 5816
133 703
133 1693
134 7276
135 5548
135 1565
136 4666
136 4300
137 305
137 3698
138 593
138 2198
139 6283
139 4172
140 3200
140 1547
141 4646
141 3227
142 7080
142 5361
143 7032
143 456
144 1124
144 3231
145 1304
145 5046
146 395
146 3778
147 481
147 4663
148 676
148 6433
149 2239
149 3698
150 3993
150 2136
151 5185
151 2293
152 593
152 2198
153 2551
153 2549
153 7649
154 1253
154 3197
155 6126
155 2374
156 2863
156 4762
157 7026
157 7620
158 5395
158 2054
159 7267
159 2527
160 7442
160 3524
161 1185
161 456
162 3698
162 305
163 1181
163 4906
163 2990
164 4587
164 1691
165 1252
165 5566
166 4925
166 5884
167 1280
167 2239
168 1869
168 4625
169 6702
169 593
170 4376
170 2198
171 2453
171 3437
172 3741
172 3924
172 794
173 593
173 4190
174 7124
174 4666
175 764
175 2335
176 2551
176 2549
176 7649
177 3361
177 2528
178 3959
178 7478
178 3527
179 2067
179 4459
180 1680
180 6776
181 1480
181 1255
182 1065
182 6130
183 6702
183 593
184 2198
184 4384
185 2143
185 7171
186 1785
186 2953
187 6090
187 6130
188 7395
188 5404
189 1969
189 4739
190 2515
190 4172
191 465
191 6583
192 4376
192 2198
193 7316
193 734
194 1875
194 3203
195 3244
195 941
196 4805
196 2198
197 4994
197 1515
198 2299
198 6395
199 4646
199 5337
200 2136
200 1964
201 2198
201 4384
202 3437
202 4628
203 7130
203 3964
204 5131
204 581
205 5238
205 7026
206 2022
206 6865
207 2551
207 2549
207 7649
208 7460
208 6550
209 7532
209 6169
210 6433
210 5616
211 4031
211 248
212 2215
212 6412
213 2239
213 2198
214 6245
214 993
215 990
215 2363
216 1743
216 324
217 2084
217 964
218 3698
218 3394
219 6347
219 4599
220 4376
220 2198
221 3449
221 3211
222 3231
222 7243
223 2213
223 1252
224 2049
224 3566
225 7077
225 526
226 2239
226 2198
227 2963
227 2077
228 2551
228 2549
228 7649
229 305
229 2198
230 4237
230 932
231 7243
231 3231
232 2549
232 2553
233 6669
233 2198
234 6782
234 4568
235 2198
235 4376
236 4667
236 5849
237 3494
237 6130
238 1025
238 1208
239 4646
239 6049
240 2198
240 4384
241 2539
241 5838
242 4961
242 1035
243 593
243 2198
244 3303
244 7316
245 2205
245 3784
246 4725
246 4320
247 2180
248 4031
248 5997
249 2168
249 2874
250 2897
250 2430
251 4320
251 1745
252 1358
252 5486
253 7332
253 985
254 4806
254 2198
255 2399
255 2528
256 6806
256 6130
257 4399
257 4655
258 593
258 2198
259 2198
259 2239
260 4376
260 2198
261 593
261 2198
262 2070
262 456
263 481
263 4663
264 2198
264 4805
265 4594
265 431
266 5132
266 2198
267 1798
267 593
268 361
268 6304
269 2198
269 2239
270 791
270 5617
271 286
271 4377
272 5404
272 4376
273 4673
273 6653
274 5123
274 3578
275 2090
275 1696
276 2198
276 2239
277 6043
277 1704
278 1684
278 6702
279 581
279 3924
280 805
280 577
281 6158
281 452
282 4793
282 2619
283 2215
283 4067
284 6653
284 4673
285 633
285 3185
286 5244
287 2586
287 5022
288 1413
288 4994
289 1691
289 2416
290 2198
290 593
291 2956
291 1453
292 5210
292 2126
293 3428
293 6704
294 593
295 629
295 5993
296 4407
296 4295
297 2874
297 4005
298 4423
298 5751
299 2795
299 5022
300 6364
301 4762
301 4486
302 765
302 5391
303 5135
303 1468
304 593
304 2198
305 2198
305 3698
306 6338
306 2239
307 2168
307 2413
308 766
308 3578
309 593
309 2198
310 3490
310 2867
311 6751
311 652
312 2198
312 2239
313 4670
313 2233
314 1065
314 6130
315 1772
315 7565
316 328
316 4666
317 1106
317 4642
318 2239
318 4682
318 593
319 593
319 2198
320 1058
320 2198
321 2198
322 2198
322 593
323 4901
323 6858
324 7073
324 1609
325 6501
325 2436
326 2488
326 2231
327 1201
327 6267
328 4739
328 2260
329 5550
329 2213
330 5770
330 1216
331 6328
331 4320
332 4181
332 3924
333 4172
333 2515
334 3745
334 3195
335 1785
335 5117
336 3578
336 3866
337 2180
338 401
338 4224
339 4097
339 5111
339 3190
340 1827
340 3371
341 5641
341 4384
342 1772
342 2133
343 7467
343 5052
344 3251
344 5199
344 4203
345 4376
345 2198
346 4376
346 2198
347 7316
347 7620
348 4119
348 2278
349 6357
349 1736
350 5410
350 7460
351 6414
351 1744
352 6909
352 526
353 5296
353 2106
354 4119
354 452
355 2413
355 2168
356 3173
356 4383
357 1854
357 5132
358 4805
358 2198
359 593
360 3510
360 6388
361 2619
361 6304
362 2473
362 2347
363 1961
363 3802
364 4994
365 6523
365 5043
366 6702
366 593
367 2528
367 932
368 7199
368 3694
369 2198
369 593
370 3826
370 3770
371 6167
371 6809
372 2332
372 766
373 2136
373 872
374 2198
374 6887
375 2198
375 593
376 4005
376 5803
377 2239
377 2198
378 7642
378 2022
379 3879
379 5235
380 1472
380 7280
381 3141
381 7200
382 3559
382 7131
383 2778
383 7601
384 912
384 1386
385 7620
385 5684
386 4718
386 5063
387 738
387 6755
388 2339
388 4080
389 3277
389 7290
390 7477
390 814
391 4376
391 3231
392 593
392 1663
393 6069
393 2239
394 2014
394 3869
395 4378
396 1208
396 799
397 1196
397 3702
398 481
398 4663
399 3811
399 2321
400 1744
400 1899
401 1694
401 6865
402 3645
403 1280
403 5364
404 7620
404 7450
405 4412
405 7086
405 2192
406 799
406 4119
407 4898
407 4841
408 2883
408 7296
409 6718
409 3601
410 4164
410 2198
411 3277
411 2239
412 2250
412 1531
413 4685
413 5484
414 2467
414 1765
415 4376
415 4384
416 4977
416 4119
417 1984
417 2392
418 2551
418 2549
418 7649
419 522
419 7398
420 4292
420 1923
421 4384
421 2198
422 2217
422 2413
423 5673
424 7649
424 2548
425 5357
425 561
426 2551
426 2549
426 7649
427 6559
427 5681
428 4922
429 2997
429 3709
430 4913
430 2863
431 2198
431 593
432 4054
432 766
433 3811
433 6213
434 1966
434 1426
435 5404
435 593
436 6328
436 1239
436 5604
437 7199
437 3200
438 2581
438 4805
439 4925
439 6130
440 7132
440 6304
441 3843
441 5600
442 2260
442 4666
443 3507
443 1961
444 481
444 4663
445 2239
445 593
445 1634
446 4376
446 2198
447 3569
447 3084
448 4384
448 3311
449 6890
449 2239
450 1377
450 7330
451 1971
451 1968
452 6158
453 2189
453 5662
454 1515
455 593
455 2198
456 2586
456 1185
457 799
457 3402
457 1971
458 1233
458 6657
459 5113
459 6865
460 5022
460 2198
461 495
461 3578
462 4362
462 6328
463 4614
464 5147
464 2180
465 6583
465 7292
466 5650
466 6001
467 6476
467 6154
468 1736
468 5341
469 593
469 2198
470 3826
470 2524
471 6572
472 4810
472 4906
473 4376
473 2198
474 2239
474 2198
475 2198
475 4376
476 7395
476 2239
477 6513
477 1261
478 1827
478 2250
479 4376
479 2198
480 6504
480 1075
481 4244
481 4663
482 2198
482 593
483 6417
483 7359
484 2198
484 6702
485 6807
485 6572
486 7376
486 2198
487 2565
487 1961
488 2549
488 5654
489 4805
489 3578
490 6417
490 7359
491 5599
491 2054
492 3483
492 2293
493 1678
493 2239
494 2198
494 2659
495 766
495 3578
496 1340
496 6813
497 4805
497 3817
498 4254
498 984
499 4990
499 526
500 4384
500 1453
501 766
501 3578
502 2143
502 3895
503 2840
503 3972
504 3494
504 5884
504 2850
505 1798
505 7464
506 7269
506 3959
507 3852
507 2245
508 2836
508 5434
509 6551
509 4080
510 5357
510 4663
511 6768
511 7620
512 1280
512 2250
513 1280
513 6807
514 2863
514 4762
515 4378
515 3998
516 4666
516 2281
517 1759
517 4666
518 2287
518 2239
519 6653
519 557
520 2064
520 6130
521 3506
521 7322
522 6759
522 4217
523 2997
523 4462
524 6169
525 3709
525 548
526 3510
526 6909
527 1058
527 2198
528 3578
528 4685
529 5662
529 1706
530 5035
530 3437
531 5434
531 7620
532 3578
533 4217
533 2047
534 6702
534 593
535 7067
535 3578
536 1280
536 6807
537 4960
537 2250
538 2198
538 4384
539 1673
539 5949
540 4376
540 2198
541 7124
542 1798
542 2198
543 2168
543 2413
544 6328
544 2000
545 1075
545 5238
546 2020
546 1033
547 4481
547 1971
548 3709
549 2422
549 4665
550 2109
550 3885
551 4384
552 4376
552 2198
553 593
553 2198
554 4673
554 6653
555 1296
555 4062
556 4666
556 1759
557 4673
557 6653
558 764
558 2686
559 2231
559 7354
560 912
560 891
561 4663
562 2198
563 4008
563 4351
564 1358
564 5486
565 1208
565 799
566 4806
566 5707
567 7356
568 3844
568 2239
569 2552
569 1706
570 4960
570 2090
571 3702
571 1922
572 4280
572 1772
572 2240
573 3744
573 6572
574 1971
574 799
575 5191
575 3109
575 6629
576 4376
576 2198
577 4520
577 7034
578 4663
579 6570
579 2239
580 6653
580 4208
581 5131
581 6623
582 5404
582 2239
583 2143
583 3895
584 3559
584 2215
585 4725
585 4362
586 5387
586 4200
587 6909
588 5684
588 7620
589 4193
589 3792
590 3277
590 3532
591 7409
591 1767
592 5133
592 1591
593 6702
593 2198
594 1971
594 2278
595 6993
595 6130
596 3138
596 1744
597 3866
597 3578
598 5732
598 2736
599 2198
600 2111
601 7330
601 881
602 3494
602 4925
603 6231
603 6635
604 2239
604 2198
605 3749
605 6357
606 4422
606 3698
607 2239
607 6039
608 3200
608 798
609 4353
609 4151
610 2440
610 4805
611 5420
611 5650
612 3866
612 7584
613 3956
613 1832
614 7370
614 5171
615 1438
615 5419
616 2239
616 3698
617 884
617 6130
618 2491
618 4663
619 5228
620 7565
620 3845
621 2254
621 4118
622 6702
623 2141
624 6158
624 2278
625 3330
625 3607
626 1798
626 2198
627 6340
627 5454
628 6909
629 7032
629 2626
630 3495
630 6433
631 669
631 2111
632 2198
633 2198
634 2527
634 6548
635 2580
635 2278
636 2082
636 1921
637 4332
638 2430
638 1853
639 2239
639 7295
640 3995
640 2764
641 6357
641 2435
642 7497
642 7562
643 2488
643 5062
644 3310
645 6871
645 5599
646 3857
646 6415
647 5681
647 6865
648 752
648 5550
649 6679
649 4758
650 5466
651 5411
651 4907
652 2519
653 4475
654 3202
654 4148
655 3559
655 6909
656 1065
656 6130
657 4376
657 2198
658 4217
658 7276
659 2198
659 1899
660 7088
660 3233
661 6679
661 4666
662 7063
662 2492
663 1889
664 7620
664 4291
665 6509
665 2347
666 2551
666 2549
666 7649
667 2333
667 6130
668 791
668 5617
669 7250
669 2111
670 2062
670 6176
671 4478
671 4423
672 3962
672 4805
673 675
673 5484
674 1607
675 5484
675 5664
676 2236
676 6433
677 1453
677 2198
678 3527
678 5881
678 4592
679 4244
680 3194
681 3175
681 7620
682 3376
683 4067
683 3559
684 2041
684 6481
685 2395
686 4925
686 5877
687 3502
687 2198
688 4244
688 4663
689 6034
689 4210
690 4663
690 4244
691 7261
691 7031
692 2551
692 2549
692 7649
693 4384
693 2198
694 7034
695 6090
695 6130
696 3469
696 4376
697 6607
697 2180
698 4960
698 2090
699 2790
699 2333
700 4251
701 4677
701 2083
702 6902
702 3899
703 1693
703 3914
704 5617
704 1295
705 4384
705 2901
706 6492
706 2981
707 3557
707 4725
708 6130
708 1446
709 4925
709 6130
710 6702
711 2198
712 4376
712 2198
713 6909
714 3856
714 4565
715 4097
715 2028
716 3244
716 4906
717 7320
717 7369
718 3607
718 766
719 7063
720 5372
720 2239
721 2299
722 2198
723 3578
723 2233
724 1733
724 3506
725 6078
725 3139
726 4376
726 2198
727 2198
728 1493
728 4067
729 4237
729 932
730 1262
730 3231
731 2198
731 5404
732 6702
733 6419
733 5523
734 7316
735 4376
736 6702
736 2198
737 5131
738 7049
738 7620
739 1591
739 5133
740 6090
740 6130
741 5283
741 1824
742 2551
742 2549
742 7649
743 5702
743 3344
744 6488
745 3084
745 6130
746 4663
747 3240
747 2430
748 7624
748 3513
749 2090
749 4960
750 3928
750 4959
751 6572
751 1905
752 5550
753 5617
753 3633
754 4067
754 4376
755 767
756 3578
756 2239
757 764
757 3817
758 6653
758 4280
759 6579
759 2239
759 4522
760 5234
760 3469
761 4687
761 4378
762 4952
762 4384
763 6653
764 3578
764 5664
765 791
765 5617
766 3578
766 2198
767 2260
767 3523
768 3793
768 2863
769 5604
769 3329
770 2198
771 3421
771 3871
772 6551
772 2106
773 3366
773 3375
774 2198
775 6512
775 2026
776 1058
776 4376
777 5080
777 3469
778 2064
778 6130
779 5662
780 2198
781 2180
781 4644
782 2395
782 4663
783 6130
783 3143
784 1655
784 4805
785 6909
786 7255
786 4666
787 2260
787 1969
788 5738
788 5586
789 1453
789 4384
790 4209
790 6504
791 5970
791 7237
792 1971
792 4481
793 3503
794 4673
795 4376
795 4384
796 5192
796 6555
797 3465
797 3238
798 5683
798 3200
799 1208
799 4119
800 2198
801 2260
802 4854
802 1253
803 2198
803 2239
804 3492
804 1979
806 1969
806 2090
807 5422
807 4518
808 6909
809 4376
809 4805
810 5296
810 4376
811 2198
812 4498
813 2198
814 2198
815 6550
815 932
816 4243
816 5302
817 5515
817 1065
818 5372
819 7388
819 3431
820 1248
820 5560
821 4805
821 4670
822 5192
822 5636
823 2278
823 4119
824 7460
824 932
825 4298
825 7645
826 2619
826 7132
827 7620
827 4875
828 1696
828 2260
829 5912
829 2863
830 7606
830 2492
831 2198
831 1453
832 4805
832 4376
833 2817
833 2653
835 4805
835 3578
836 4376
836 2198
837 4663
838 6940
838 3699
839 4384
839 2198
840 6254
841 4376
841 2198
842 3940
842 4052
843 3698
844 1617
844 5256
845 7575
845 6514
846 4362
846 6328
847 7467
847 3578
848 2250
848 3326
849 1744
849 7021
850 2975
850 4960
851 1905
852 4320
853 3843
853 991
853 3730
854 5296
854 6075
855 4663
856 7359
856 7128
857 4384
858 3578
858 2198
859 4108
859 2077
859 4628
860 4904
860 4422
861 7452
861 2993
862 3802
862 1961
863 2198
864 5912
864 2879
865 2198
866 1541
866 1625
867 7370
867 1013
868 2198
869 5404
869 2198
870 2550
870 7649
871 6653
871 6623
872 1107
872 6504
873 3208
873 7329
874 1210
874 4376
875 2198
875 2239
876 4244
876 4485
876 6103
877 1759
878 5358
878 6556
879 5849
879 1969
880 7620
880 6025
881 2113
881 7330
882 1759
882 2260
883 4514
884 2064
884 6130
885 6768
885 1869
886 7342
887 7367
887 5065
888 2250
888 6127
889 5400
889 2416
890 1306
890 3843
891 912
891 1386
892 4990
892 1448
893 7190
893 5454
894 6049
895 4445
895 4625
896 7250
896 2111
897 6415
897 6697
898 7608
898 7250
899 5932
899 4217
900 5013
900 6702
901 1223
902 5027
902 932
903 4952
903 4384
904 1453
904 4384
905 4376
905 2198
906 6702
907 7418
907 1290
908 1358
909 1696
909 2090
910 2552
910 2550
911 6547
912 2373
912 1386
913 2552
913 2550
914 2975
914 6363
915 4119
915 4319
916 4376
916 4384
917 1162
917 2517
918 3645
918 7112
919 6828
919 5467
920 6807
920 1280
921 4067
921 6909
922 4989
922 7130
923 6388
923 4116
924 1744
924 2198
925 3899
925 6902
926 1759
927 6418
927 4051
928 4666
928 3272
929 6697
929 4119
930 3698
930 2239
931 3605
931 1930
932 7460
932 4237
933 2148
933 1065
934 1655
934 4376
935 2180
935 3843
936 4067
936 1291
937 1630
937 4666
938 6988
938 6796
938 6290
939 4384
939 2198
940 1915
940 3331
941 3244
942 4384
942 4376
943 1223
944 4849
944 1791
944 3366
945 2198
946 3856
946 1280
947 2198
947 2239
948 7268
948 6231
949 6902
949 3699
950 4346
950 5583
951 2198
952 2425
953 3784
953 1418
954 3578
955 2377
955 5296
956 6909
957 3267
957 4804
958 4376
958 2198
959 6635
959 6231
960 2714
961 6332
961 5424
962 2319
962 2984
963 2198
964 5368
965 4280
965 6653
966 5615
966 5364
967 4376
967 4805
968 4237
968 5131
969 6288
969 4607
970 3310
970 6572
971 4805
971 2581
972 2037
972 4666
973 5296
973 4384
974 4042
974 1130
975 2198
975 3578
976 2551
976 2549
976 7649
977 2064
977 5618
978 3586
978 3107
979 2167
979 6809
980 4362
980 6328
981 6357
982 6130
982 1065
983 6657
983 1233
984 4254
985 1990
985 3739
986 4067
986 4376
987 1386
987 5210
989 5296
989 2198
990 7546
990 7518
991 6687
991 3843
992 4663
992 5737
993 6245
993 6549
994 6630
994 1291
995 6653
995 4280
996 2874
996 2168
997 1533
998 3005
998 2430
999 3924
999 6623
1000 5545
1000 2239
1001 5771
1001 4094
1002 2095
1003 2399
1003 4237
1004 4217
1004 2294
1005 1689
1006 4384
1006 4952
1007 2198
1007 7467
1008 2082
1008 2464
1009 2074
1009 5358
1010 5671
1010 6674
1011 1453
1011 4384
1012 2165
1012 1955
1013 7067
1013 3895
1014 1802
1015 6819
1015 1565
1016 2260
1016 4666
1017 2198
1018 2198
1019 5335
1019 1645
1020 3175
1021 4399
1022 2239
1022 2198
1023 1738
1023 4531
1023 1744
1024 4217
1025 2278
1025 4119
1026 5177
1026 5947
1027 1817
1027 3578
1028 4415
1028 6702
1029 5422
1029 2214
1030 3895
1030 3607
1031 5633
1031 4232
1032 1764
1033 6697
1033 4119
1034 2198
1034 2239
1035 4646
1035 4961
1036 7153
1036 6328
1037 2260
1037 1759
1038 5828
1038 4666
1039 7620
1039 7575
1040 6551
1040 4376
1041 6357
1042 4376
1042 4805
1043 4677
1043 7620
1044 7485
1044 4738
1044 7423
1045 3928
1046 7467
1046 3578
1047 5404
1047 6047
1048 1175
1048 5617
1049 5684
1049 7620
1050 4864
1050 6702
1051 2051
1051 7026
1052 4451
1052 5226
1053 3843
1053 6650
1054 2260
1054 4960
1055 3231
1056 4922
1057 3622
1057 4346
1058 2198
1058 4376
1059 4036
1059 1968
1060 5953
1060 6572
1061 2064
1061 4925
1062 4805
1062 4376
1063 4376
1063 2198
1064 2626
1064 5993
1065 1909
1065 6130
1066 4987
1066 2113
1067 2198
1067 6551
1068 4051
1069 2143
1070 3895
1070 6660
1071 6455
1071 7567
1072 5970
1072 6523
1073 3376
1073 4280
1074 2168
1074 1920
1074 6975
1075 6606
1076 4384
1076 5661
1077 7475
1077 6324
1078 6572
1078 3969
1079 4673
1079 6653
1080 3793
1080 2169
1081 6702
1082 1591
1082 5133
1083 2456
1083 1354
1084 1761
1084 4990
1085 3200
1086 4663
1087 6433
1087 1534
1088 4829
1088 3717
1088 3415
1089 1453
1089 3050
1090 5722
1091 3895
1091 3330
1092 7398
1092 2173
1093 2198
1094 6098
1095 7538
1095 2453
1095 5872
1096 4244
1096 4663
1097 2198
1098 2198
1098 2239
1099 4861
1099 2528
1100 6702
1100 2198
1101 7352
1101 1210
1102 2198
1103 7467
1103 3578
1104 2198
1105 2198
1105 2239
1106 2198
1107 6817
1107 6504
1108 2198
1108 2239
1109 6433
1110 5638
1110 3995
1110 5454
1111 6807
1111 2163
1112 2198
1112 3532
1113 2198
1113 4384
1114 6158
1114 4977
1115 4237
1115 7460
1116 5770
1116 4898
1117 6201
1117 6169
1118 2612
1118 6328
1120 1817
1120 1979
1121 1820
1121 1904
1122 2260
1122 1759
1123 7620
1124 2710
1124 3231
1125 2239
1126 2067
1126 1622
1127 2553
1127 5070
1127 7464
1128 6130
1128 5867
1129 4805
1129 4376
1130 3203
1130 1673
1131 6623
1131 6653
1132 7200
1132 2254
1133 2993
1133 1189
1134 6245
1134 6549
1135 7082
1135 3200
1136 2552
1136 2550
1137 4080
1137 6811
1138 2876
1138 4677
1138 5298
1139 6119
1139 5321
1140 2109
1140 3747
1141 2862
1141 4124
1142 7507
1142 2498
1143 4817
1143 4378
1144 1203
1145 2198
1145 3578
1146 5131
1146 3361
1147 1837
1147 4481
1148 4452
1148 4106
1148 7160
1149 2413
1149 2168
1150 4587
1150 3248
1151 2413
1151 2168
1152 2198
1153 3331
1153 7467
1154 4481
1154 6883
1155 2551
1155 2550
1156 4913
1156 6914
1156 5912
1158 6783
1158 5483
1159 4172
1160 4810
1160 3197
1161 6504
1162 6130
1162 3143
1163 1929
1163 1185
1164 2496
1164 7620
1165 2198
1166 5172
1166 6433
1167 7464
1168 1837
1169 2198
1169 6551
1170 4376
1170 2198
1171 6130
1171 6806
1172 4553
1172 4531
1172 7649
1173 2551
1173 2549
1173 7649
1174 5694
1174 6572
1175 2014
1175 1416
1176 4376
1176 4805
1177 6094
1177 2792
1178 5404
1178 2198
1179 5183
1179 5379
1180 7168
1180 1393
1181 4378
1181 4817
1182 5364
1182 5615
1183 5052
1183 4805
1184 2239
1184 2198
1185 2586
1186 5734
1186 3704
1187 4217
1187 6947
1187 1228
1188 6058
1188 5771
1190 3975
1190 6109
1191 3152
1191 2239
1192 2863
1192 5796
1193 6088
1193 4143
1193 6550
1194 1591
1194 5133
1195 2198
1195 7467
1196 6909
1197 2173
1198 4757
1198 6868
1199 7571
1199 1571
1200 3200
1200 4929
1202 1356
1202 6869
1203 2580
1203 2278
1204 2180
1205 3802
1205 1689
1206 6702
1206 2198
1207 3200
1207 7002
1208 4119
1209 3578
1209 3203
1210 4376
1210 2198
1211 4376
1211 2198
1212 2211
1212 2701
1213 1411
1213 6871
1214 2198
1215 7589
1215 5263
1216 5770
1217 5284
1217 1870
1218 4952
1218 4384
1219 7620
1219 7260
1220 1633
1220 5953
1221 4666
1221 6679
1222 4023
1222 6968
1223 4663
1224 4384
1224 5296
1225 2993
1225 7624
1226 2198
1227 2177
1227 1413
1228 2198
1228 2239
1229 3943
1229 5055
1230 2515
1230 3740
1231 4119
1232 2198
1234 2362
1235 1755
1235 2082
1236 4848
1236 4217
1237 4399
1237 4237
1238 5440
1238 2416
1239 5839
1239 3557
1240 1280
1240 1714
1240 6572
1241 3578
1241 4805
1242 7620
1242 7261
1243 4960
1243 2250
1244 7565
1244 6623
1245 2198
1246 6298
1246 5743
1247 6130
1248 3819
1248 2512
1249 2198
1251 4689
1251 5043
1252 4282
1252 5571
1253 7503
1253 6572
1254 4376
1254 2198
1255 1480
1255 5910
1256 4237
1257 1352
1257 3200
1258 6063
1258 2239
1259 2237
1259 1786
1260 6365
1261 2213
1261 5550
1262 7460
1262 3879
1263 6026
1264 4723
1265 6158
1265 2278
1266 4570
1267 2202
1268 4384
1268 4376
1269 4679
1269 7312
1269 6672
1270 5566
1270 5506
1271 3721
1271 1899
1272 7566
1272 4666
1273 2550
1273 2219
1274 5770
1276 6642
1276 3819
1277 6900
1277 6807
1278 2239
1278 4952
1279 6307
1280 1429
1281 2198
1281 5518
1282 2728
1282 1969
1283 2862
1283 4124
1284 4376
1284 2198
1285 4908
1285 7376
1286 2239
1286 2198
1287 3506
1287 2215
1288 2282
1288 7620
1289 1361
1290 7418
1290 2880
1291 4067
1292 4663
1293 6551
1293 4384
1294 3051
1295 2799
1296 6624
1297 7153
1297 1764
1298 5486
1298 4277
1299 2595
1299 5455
1300 3418
1301 6551
1301 2198
1302 4685
1302 5664
1303 7460
1304 7509
1304 2168
1305 2198
1306 4133
1306 3843
1307 4036
1307 1968
1309 5662
1310 7330
1310 4904
1311 3231
1312 6863
1313 7642
1313 7645
1314 5159
1314 4841
1315 2211
1316 6847
1316 5070
1317 2198
1317 4805
1318 3943
1318 6292
1319 7237
1319 7030
1320 3281
1320 3437
1321 6960
1321 6189
1322 4084
1323 2788
1323 1828
1324 2133
1324 4351
1325 5386
1325 2490
1326 2528
1326 5480
1327 5404
1327 5510
1328 4993
1329 5518
1329 7337
1330 4376
1330 2198
1331 5913
1331 2136
1332 2022
1332 6865
1333 5132
1333 2198
1334 1736
1334 6357
1335 4282
1335 3351
1336 2100
1336 4903
1337 2198
1337 3578
1338 2422
1339 3578
1340 6813
1341 1352
1341 1968
1342 2020
1343 1795
1343 3578
1344 2198
1344 2239
1345 1961
1345 3369
1346 1709
1346 2250
1347 6572
1347 2871
1348 1950
1349 2716
1350 6702
1351 6702
1352 7199
1352 3200
1353 6726
1353 6572
1354 2951
1354 3231
1355 5654
1355 2239
1356 7123
1357 4376
1357 2198
1358 5486
1359 5604
1359 4725
1360 1759
1361 4376
1362 3778
1362 6378
1363 6425
1364 2250
1364 4960
1365 4663
1366 6158
1366 2278
1367 5480
1368 4376
1368 4384
1369 4481
1370 4376
1370 2198
1371 5781
1371 1660
1372 6328
1372 4482
1373 3771
1373 1380
1374 2551
1374 2549
1374 7649
1375 4516
1375 5027
1376 4670
1376 2198
1377 2198
1377 2239
1378 4376
1379 1409
1379 7589
1380 3526
1381 6504
1381 4810
1382 4805
1382 6909
1383 5155
1383 3469
1384 6498
1385 6509
1385 5596
1387 4036
1387 1968
1388 4094
1388 5771
1389 1827
1389 2250
1390 5865
1390 6747
1391 1969
1392 6347
1392 5131
1393 4690
1393 7168
1394 5550
1394 2213
1395 7026
1395 7620
1396 1969
1396 6010
1397 3675
1397 1951
1398 7199
1398 3200
1399 5404
1399 2198
1400 3431
1401 6590
1401 3744
1403 7621
1403 7442
1404 3603
1404 1559
1405 3200
1405 7199
1406 3895
1406 7330
1407 7467
1407 3578
1408 6572
1408 1905
1409 7589
1410 5537
1410 1533
1411 5599
1412 6532
1412 5465
1413 5484
1413 5664
1414 4376
1415 5404
1415 2198
1416 2014
1418 2143
1419 5684
1419 7620
1420 4663
1421 2198
1422 4237
1423 5412
1423 2239
1424 3698
1424 2239
1425 3865
1425 6367
1426 3578
1427 4384
1427 4952
1428 4960
1429 6807
1430 4376
1430 4384
1431 6551
1431 2198
1432 3895
1432 2993
1433 3801
1433 2720
1434 1759
1434 2260
1435 4882
1436 2997
1436 6721
1437 4378
1437 2374
1438 5884
1439 7395
1439 2239
1440 4104
1440 7620
1441 2121
1442 7518
1442 6960
1443 3396
1444 7395
1444 2239
1445 2413
1445 2874
1446 6090
1446 6130
1447 2198
1448 6909
1449 3361
1449 2528
1450 4051
1450 3107
1451 7199
1451 6809
1452 3995
1452 1534
1453 4376
1453 4384
1454 4906
1454 4628
1455 6130
1456 6551
1456 4384
1457 6807
1457 6572
1458 6807
1459 2552
1460 4265
1461 2551
1461 2549
1461 7649
1462 4119
1462 2278
1463 1534
1463 3038
1464 7087
1464 4462
1465 6922
1465 2488
1466 4663
1467 2198
1468 6217
1468 5135
1469 2198
1469 3713
1470 4805
1470 2286
1471 3489
1471 2180
1472 2198
1473 2403
1473 2278
1474 1494
1475 7214
1475 2067
1476 5372
1476 7021
1477 4663
1478 3183
1478 4384
1479 7330
1479 4987
1480 5910
1481 4573
1481 4805
1482 7476
1482 7172
1483 3895
1483 4046
1484 2706
1484 4805
1485 2198
1486 6588
1487 6094
1487 7631
1488 4673
1488 4280
1489 4656
1489 5347
1490 3067
1490 3660
1491 2198
1491 7003
1492 2239
1492 2198
1493 6909
1493 2525
1494 3578
1495 2198
1495 2239
1496 3578
1496 5664
1497 3995
1497 1534
1498 6702
1498 2198
1499 2143
1499 7067
1500 3746
1500 3186
1501 2198
1502 6130
1503 6433
1503 3495
1504 7255
1504 4666
1505 2114
1505 2281
1506 3668
1507 4810
1508 2551
1508 2549
1509 4663
1510 3394
1510 3698
1511 2198
1512 7414
1512 4823
1512 1611
1513 2198
1514 3433
1514 1915
1516 3869
1517 2198
1517 1744
1518 3469
1518 5234
1519 4084
1519 2265
1520 3612
1520 6960
1521 6909
1521 4067
1522 6328
1522 4362
1523 6130
1524 2198
1525 3744
1525 3969
1526 2410
1527 5910
1527 1541
1528 7218
1529 4663
1530 5770
1530 1755
1531 2250
1531 4960
1532 1673
1532 2664
1533 6428
1533 3231
1534 4906
1534 2505
1535 3159
1536 4875
1536 7620
1537 4145
1537 6130
1538 6978
1538 2198
1539 3062
1539 3539
1540 6551
1540 4384
1541 4994
1541 3525
1542 4481
1542 1971
1543 6573
1543 1565
1544 1961
1544 3698
1545 2198
1546 3895
1546 5455
1547 3200
1547 7199
1548 4578
1548 6702
1549 4067
1549 2215
1550 5486
1551 2239
1551 2198
1552 6331
1553 6697
1553 6415
1554 6087
1554 3661
1555 3411
1555 5751
1556 3086
1557 3522
1558 5662
1559 2616
1559 7595
1560 4451
1560 4501
1561 2198
1561 2239
1562 4663
1563 2239
1563 3698
1564 6871
1565 7620
1565 7575
1566 1572
1566 2625
1567 6423
1567 2196
1568 4116
1568 7130
1569 2198
1570 4806
1571 2278
1571 2580
1572 3895
1572 2143
1573 3578
1574 5323
1574 6053
1575 4376
1576 4119
1577 7499
1577 6415
1578 7367
1579 6807
1580 2061
1581 4376
1581 5234
1582 2198
1583 2090
1583 5602
1584 6702
1584 2198
1585 2239
1586 3698
1586 2239
1587 3741
1587 3924
1588 4275
1588 7450
1589 4805
1590 2716
1591 4217
1591 5133
1592 6492
1592 4787
1593 1903
1593 7631
1594 2100
1594 3156
1594 5020
1595 5664
1596 6726
1596 6572
1597 4378
1597 2374
1598 7034
1599 2551
1599 2549
1599 7649
1600 2551
1600 2549
1600 7649
1601 6569
1601 2111
1603 2198
1603 2239
1604 6653
1604 4280
1605 4036
1605 1968
1606 7199
1606 3200
1607 3702
1607 2529
1608 2202
1609 5848
1610 5661
1610 6572
1611 5379
1612 2198
1612 6660
1614 2198
1616 2435
1616 7308
1617 6130
1618 1987
1618 2265
1619 6098
1620 4376
1620 2198
1621 4384
1622 4244
1623 3578
1624 2215
1624 4384
1625 2662
1625 5440
1626 7030
1626 3934
1627 3577
1627 1777
1628 2198
1629 2680
1629 2840
1630 6679
1630 4666
1631 4376
1631 2198
1632 2467
1632 1839
1633 3035
1633 6572
1634 2198
1635 2936
1635 6267
1636 3489
1637 6829
1638 3231
1639 2239
1640 3788
1641 7649
1641 2550
1642 2461
1642 4376
1643 4390
1643 5364
1644 4422
1644 2198
1645 4805
1645 4116
1646 4663
1647 2239
1647 4376
1648 2250
1648 4960
1649 6130
1650 5132
1650 2205
1651 2198
1652 2406
1652 4680
1653 6481
1653 2016
1654 3928
1654 2561
1655 2198
1655 4376
1656 6653
1656 4673
1657 7579
1657 7191
1658 5007
1658 2239
1659 1796
1660 3567
1661 2198
1661 2239
1662 3826
1662 3770
1663 2198
1664 4208
1664 6347
1665 2198
1665 4376
1666 2871
1666 6572
1667 2198
1667 4376
1668 4376
1669 7191
1669 3631
1670 4897
1670 3562
1671 6702
1671 2198
1672 2260
1673 3578
1674 3233
1674 3327
1675 4399
1675 2528
1676 3231
1677 2082
1678 6942
1678 2239
1679 2751
1680 4837
1681 7237
1682 2143
1683 4663
1684 2198
1685 4666
1686 2198
1686 2239
1687 2619
1687 6501
1688 4320
1689 1961
1690 2198
1691 5238
1691 7026
1692 2168
1693 6472
1694 2022
1694 6865
1695 2198
1695 4376
1696 2090
1696 2260
1697 4680
1697 3279
1698 5070
1698 2198
1699 6869
1699 7168
1700 2198
1700 2239
1701 3826
1701 4783
1702 6130
1703 2551
1703 2549
1703 7649
1704 5672
1705 4376
1705 2198
1706 2552
1707 6411
1707 5467
1708 2198
1709 4666
1709 2250
1710 4906
1710 2344
1711 2198
1712 2198
1713 6158
1713 2278
1714 4033
1715 4119
1715 2278
1716 3506
1716 6909
1717 2114
1717 2281
1718 4691
1718 3521
1719 3639
1720 5088
1720 2762
1721 4143
1721 6653
1722 5396
1722 6301
1723 2198
1724 2318
1724 4237
1724 4861
1725 7589
1726 5869
1726 3040
1727 2198
1728 3361
1728 4399
1729 2546
1729 2392
1730 4592
1730 4805
1731 2574
1731 5550
1732 2250
1732 1759
1733 6909
1734 2250
1735 4952
1735 4384
1736 3749
1736 6357
1737 7460
1737 4237
1738 2198
1739 4707
1740 2168
1741 3969
1741 2565
1742 4425
1742 5431
1743 6965
1744 2198
1746 6702
1747 5404
1747 2198
1748 4283
1748 6501
1749 3896
1749 7250
1750 7442
1751 2389
1751 4666
1752 6526
1753 2198
1753 5455
1754 4119
1754 3402
1755 2464
1755 2082
1756 7575
1756 7562
1757 2239
1757 3698
1758 5922
1758 2397
1759 4666
1759 2260
1760 2880
1760 7418
1761 4990
1762 6993
1762 6130
1763 6702
1764 7153
1764 6328
1765 6056
1765 3764
1766 2260
1767 2239
1768 4823
1769 3273
1769 4805
1770 2551
1770 2549
1770 7649
1771 7565
1772 6653
1772 4208
1773 7281
1773 3267
1774 1961
1774 3802
1775 4384
1776 6775
1776 7032
1777 6572
1778 4080
1778 4952
1779 4481
1779 1971
1780 3506
1780 7322
1781 6865
1781 5113
1782 2198
1782 2239
1783 7517
1783 3896
1784 4376
1784 2198
1785 2953
1786 2237
1787 6573
1787 2245
1787 7450
1788 4646
1788 3227
1789 2464
1789 5792
1790 4376
1790 4805
1791 6130
1792 6702
1792 2553
1793 3200
1793 7002
1794 3866
1795 7467
1795 3578
1796 6702
1796 2198
1797 2198
1798 2198
1799 7645
1799 5431
1800 5560
1800 4471
1801 2198
1802 3895
1803 4666
1803 6519
1804 6130
1805 6702
1806 5480
1806 5673
1807 2413
1807 2168
1808 4005
1808 6130
1809 4376
1810 6909
1811 5465
1812 5605
1813 5213
1813 6189
1814 6307
1814 3437
1815 4276
1815 3771
1816 4051
1816 7442
1817 3578
1818 3892
1818 4143
1819 6681
1819 6130
1820 7330
1820 1904
1821 3612
1821 7518
1822 6819
1822 7497
1823 3231
1824 6130
1824 5283
1825 2426
1825 4802
1825 6623
1826 3183
1826 4376
1827 3371
1827 2250
1828 6718
1828 4896
1829 2686
1830 6488
1830 3904
1831 6001
1833 5404
1834 3856
1834 4805
1835 3879
1835 7460
1836 2198
1837 6158
1837 4119
1838 2198
1840 4376
1841 6480
1841 7460
1842 2198
1842 4376
1843 7222
1844 6697
1845 4673
1845 6653
1846 3754
1846 6806
1847 2198
1848 4929
1848 3200
1850 1899
1851 2387
1851 2281
1852 6650
1852 3843
1853 4378
1854 4376
1854 2198
1855 4237
1856 2505
1857 5027
1857 4516
1858 5357
1858 5972
1859 3559
1860 5296
1860 4384
1861 7457
1862 4376
1863 6679
1863 4666
1864 7255
1864 4666
1865 6218
1865 7515
1866 6414
1866 2239
1867 2754
1867 6465
1868 2391
1869 4000
1869 7485
1870 2613
1870 5284
1871 6702
1871 2198
1872 2198
1872 2239
1873 2273
1873 4067
1874 2198
1875 4805
1875 4376
1876 2958
1876 2587
1877 6078
1878 2082
1879 4810
1879 3197
1880 4384
1880 4376
1881 6357
1881 5110
1882 5016
1882 4151
1883 6887
1883 6707
1884 2198
1884 4376
1885 4176
1885 6414
1886 2466
1887 3578
1887 5924
1888 2944
1888 5486
1889 4663
1890 5621
1890 5477
1890 3200
1891 2863
1892 4459
1892 3584
1893 6868
1893 6293
1894 4259
1894 2198
1895 5147
1895 2180
1896 6105
1896 3698
1897 3848
1897 5130
1898 6492
1899 2198
1900 2953
1901 5869
1901 4672
1902 2198
1903 4149
1903 6094
1904 2113
1905 6807
1905 6572
1906 2524
1906 2218
1908 4376
1908 2198
1909 6130
1911 6947
1912 2239
1912 7560
1913 2664
1914 7565
1914 6653
1915 4805
1916 1936
1916 2347
1917 4478
1917 4663
1918 4376
1919 6569
1920 7460
1920 3231
1921 5770
1922 6610
1922 2529
1923 2064
1923 6130
1924 6241
1925 2198
1925 5404
1926 3246
1926 7240
1927 5132
1927 2198
1928 4177
1928 4919
1928 5296
1930 6572
1931 3005
1931 2430
1932 2214
1932 7045
1933 7237
1934 3329
1934 6328
1935 7395
1935 2239
1936 4646
1936 4689
1937 3350
1938 2901
1938 4302
1939 5337
1939 5043
1941 2239
1941 2198
1942 6702
1943 7281
1943 3267
1944 4607
1944 6103
1945 6551
1945 4384
1946 2077
1946 3495
1948 2738
1948 2198
1949 3200
1950 4518
1950 5422
1951 5970
1952 7538
1952 5074
1954 4376
1955 3281
1955 7538
1956 4805
1956 3578
1957 2552
1957 2550
1958 2332
1958 6001
1959 4376
1959 2198
1960 7637
1961 2239
1961 3698
1962 3578
1963 2379
1963 7613
1964 6817
1965 4376
1965 4384
1966 7467
1966 3578
1967 3062
1968 2580
1968 4036
1969 2260
1971 2278
1971 4481
1972 2260
1972 2622
1973 7131
1974 5052
1974 5234
1975 6775
1975 2239
1976 2239
1977 6250
1977 4960
1978 6547
1979 7467
1979 3578
1980 6357
1980 3749
1981 6572
1981 3035
1982 3924
1982 7504
1983 2260
1984 7455
1984 2392
1985 3605
1985 3281
1986 3200
1986 2699
1986 2501
1987 2265
1988 4657
1988 7516
1989 3396
1990 4376
1991 4384
1991 2106
1992 5210
1992 5605
1993 2198
1994 6295
1994 3653
1995 4951
1995 4978
1996 4376
1996 2198
1997 2198
1998 2252
1999 4376
1999 2198
2000 7579
2000 4725
2001 6452
2002 6158
2003 5337
2003 3960
2004 3390
2004 3228
2005 4805
2006 6502
2006 2098
2007 2143
2007 4384
2008 2549
2008 6347
2010 5404
2010 2198
2011 4422
2011 3698
2013 2198
2014 3869
2015 4033
2016 4913
2016 2863
2017 4680
2017 2198
2018 3309
2018 3843
2019 4666
2020 4119
2021 4384
2021 3895
2022 4515
2022 6865
2023 2551
2023 2549
2023 7649
2024 2198
2025 7132
2026 2111
2028 3330
2028 2993
2029 2580
2029 2278
2030 2198
2031 7149
2031 3866
2032 3578
2032 5234
2033 4384
2034 3622
2034 3186
2035 6819
2035 5548
2037 6679
2037 4666
2038 6062
2038 4748
2039 4376
2039 2198
2040 4952
2040 4384
2041 2111
2041 6481
2042 2198
2042 2239
2043 3532
2043 2239
2045 7351
2046 3843
2046 2321
2047 4217
2048 3748
2048 2198
2049 2198
2049 2431
2050 6865
2051 4587
2051 7026
2052 5454
2053 6205
2053 7575
2054 5599
2055 2993
2056 3086
2056 2412
2057 7223
2058 4054
2059 6909
2059 3559
2060 4376
2060 2198
2061 3660
2061 5570
2062 7298
2062 2084
2063 2239
2063 6325
2064 4925
2064 6130
2065 5664
2065 5484
2066 3433
2067 4663
2068 3557
2068 4725
2069 5477
2070 7293
2071 3698
2072 2551
2072 2550
2073 4663
2074 3354
2074 3622
2075 5970
2076 5100
2076 6652
2077 3495
2077 6433
2078 3159
2079 4237
2079 7460
2080 2269
2080 4266
2081 2574
2081 5550
2082 2464
2083 6739
2083 6583
2085 7199
2085 3200
2086 4952
2086 4384
2087 2198
2087 2380
2088 6697
2088 3568
2089 3866
2089 3578
2090 4960
2090 2260
2091 6154
2092 4990
2093 3510
2094 5486
2095 7398
2095 4217
2096 4430
2096 3478
2097 2551
2097 2549
2097 7649
2098 4758
2098 6502
2099 7124
2099 4666
2100 6205
2100 2976
2101 7631
2102 6702
2104 2440
2104 4805
2106 4384
2106 6551
2107 2198
2108 5056
2109 4896
2110 7418
2110 2880
2111 6569
2112 6067
2112 3062
2113 7330
2114 4666
2115 5404
2115 2198
2116 2910
2116 3005
2117 6759
2117 7398
2118 5993
2119 5770
2120 2198
2120 4384
2121 5172
2121 4232
2122 2536
2122 6547
2124 2198
2125 6246
2126 3675
2127 5574
2127 2863
2128 4787
2129 2198
2129 4376
2130 2343
2130 2362
2131 2430
2131 4378
2132 2260
2133 7565
2134 2260
2135 7498
2136 3993
2137 5737
2138 2239
2138 6012
2139 6865
2140 3231
2140 7460
2141 3945
2142 7395
2142 2239
2143 7067
2143 3895
2144 2551
2144 2549
2144 7649
2145 5993
2146 4422
2147 2260
2148 6130
2149 4255
2149 5550
2150 2897
2150 2430
2151 3412
2151 7500
2152 4757
2153 5310
2153 4449
2154 3494
2154 6130
2155 2863
2155 4913
2156 4994
2157 7621
2158 7330
2159 7535
2159 5756
2160 7594
2161 2177
2162 4621
2162 6274
2163 6807
2164 3698
2165 2799
2165 5074
2166 2198
2166 2239
2167 7199
2167 3200
2168 2874
2168 2413
2169 4913
2169 2570
2170 4805
2170 4376
2171 7330
2171 2239
2172 6909
2173 4217
2174 2184
2175 4805
2175 5312
2176 3449
2176 2468
2177 4685
2178 3200
2178 7199
2179 2239
2179 6572
2180 3843
2181 7165
2182 4599
2183 5404
2183 2239
2184 7620
2184 6432
2185 5073
2186 3506
2186 3559
2187 6250
2187 7073
2188 3568
2188 6415
2189 5662
2190 5298
2190 7316
2191 7467
2192 4960
2192 2250
2193 6315
2193 3377
2194 3183
2194 4384
2195 7467
2195 3578
2196 6423
2197 2198
2197 4415
2198 2239
2199 2374
2200 2551
2200 2549
2200 7649
2201 3359
2201 2239
2202 3578
2204 3412
2204 2528
2205 5132
2208 4805
2208 4376
2209 7053
2210 7579
2210 3329
2211 6301
2211 5368
2212 7395
2213 3351
2213 5550
2214 2218
2214 7045
2215 4067
2215 4384
2216 7250
2217 5803
2218 7107
2218 2392
2219 4193
2219 4646
2221 3490
2221 3770
2222 5743
2222 6851
2223 5771
2223 4094
2224 2523
2226 2757
2226 3391
2227 2551
2227 2549
2227 7649
2228 4908
2228 2239
2229 4376
2230 6205
2231 2488
2232 4584
2232 6920
2233 3578
2234 6388
2234 3964
2235 2250
2235 2895
2236 2477
2236 6433
2238 4663
2240 4673
2240 6653
2241 3070
2242 7002
2242 3200
2243 6464
2243 5234
2244 6807
2245 7620
2245 3094
2247 4805
2248 3698
2249 4748
2249 6217
2250 4960
2251 4925
2251 6130
2252 7329
2253 4376
2253 4805
2254 7200
2254 4078
2255 6650
2255 4265
2256 5848
2256 4883
2257 2626
2258 3578
2259 4663
2260 4666
2261 4687
2261 6651
2264 4008
2264 6623
2265 3005
2266 2551
2266 2549
2266 7649
2267 4805
2267 4376
2268 6557
2268 5110
2269 4266
2270 2704
2270 4573
2271 6414
2272 7620
2273 4067
2273 6909
2274 4378
2274 3005
2275 2659
2276 6883
2276 7301
2277 7107
2277 2392
2278 2580
2278 6158
2280 5725
2280 2762
2281 6679
2281 4666
2282 3094
2282 7620
2283 3675
2284 4008
2284 3924
2285 3879
2285 5934
2287 4805
2288 4762
2288 4486
2289 3200
2290 4952
2290 4384
2291 5034
2291 4146
2292 5877
2292 6130
2293 4810
2293 4906
2294 4217
2295 2927
2295 5354
2296 2551
2296 2549
2296 7649
2297 3200
2297 7620
2298 4735
2299 3503
2299 7330
2300 2749
2300 7030
2300 5065
2301 5770
2302 6551
2302 4384
2303 3557
2303 4725
2304 3802
2305 2378
2305 2707
2306 3224
2309 6759
2310 4376
2311 2443
2311 6653
2312 4758
2314 5301
2317 3578
2318 7460
2319 3495
2319 6433
2320 5296
2320 4384
2321 6650
2321 3843
2322 5213
2322 5198
2323 7423
2323 5434
2325 3559
2325 3506
2326 4960
2327 6679
2327 4666
2328 6130
2329 4647
2329 3431
2330 4033
2330 5029
2331 4080
2331 6039
2332 6001
2333 6130
2336 6702
2337 6357
2338 6433
2338 3495
2339 4376
2339 4384
2341 3741
2341 6623
2342 5056
2343 5480
2344 4906
2345 4805
2346 7305
2347 4646
2349 7240
2349 3246
2350 6550
2350 6948
2351 3694
2352 2926
2353 3244
2353 4810
2354 6098
2354 3578
2355 5771
2356 3578
2356 4805
2357 4666
2357 7255
2358 3578
2359 6668
2360 4922
2360 5506
2361 5357
2361 3211
2363 7130
2363 2529
2364 2667
2365 7535
2366 3361
2366 7460
2367 6304
2368 7467
2368 3578
2369 5681
2369 6865
2370 4376
2371 4427
2372 3866
2372 3578
2374 3005
2374 4378
2375 3469
2376 6909
2377 4376
2377 4384
2378 5486
2379 3107
2381 6887
2381 4870
2382 6653
2382 4673
2383 5228
2383 4423
2383 4708
2385 2686
2385 4489
2386 5318
2386 5253
2387 4666
2388 3879
2388 7460
2389 5588
2389 6679
2390 3329
2390 7591
2391 7460
2392 7107
2393 4164
2394 3361
2394 3879
2395 4663
2396 6702
2397 6084
2399 4399
2399 4237
2400 4805
2400 3578
2401 4580
2401 4182
2402 6909
2403 2580
2404 7512
2404 6067
2405 4046
2407 6887
2408 5543
2408 5734
2409 3747
2409 3231
2410 4376
2411 2524
2411 2695
2412 3227
2412 6813
2414 4823
2414 7267
2415 7032
2416 7281
2416 6005
2417 2984
2420 3465
2420 4101
2421 5525
2422 4665
2423 4067
2424 6238
2425 3866
2426 2813
2426 6623
2427 3578
2428 3227
2428 3869
2429 6862
2429 3200
2430 4378
2432 6414
2433 2840
2433 7063
2434 3895
2434 4384
2435 6357
2435 3749
2436 3495
2436 6433
2437 5656
2437 4582
2437 3396
2438 2586
2438 7032
2439 7460
2440 3049
2440 4805
2441 4376
2441 4384
2443 6653
2443 4280
2444 4663
2445 5454
2445 6624
2448 2551
2448 2549
2448 7649
2449 4663
2450 4062
2451 5545
2452 5454
2453 3437
2453 6970
2454 6898
2454 5396
2456 4647
2456 3431
2457 2551
2457 2549
2457 7649
2458 7620
2458 3175
2459 3694
2459 3200
2460 7330
2460 4469
2461 4376
2462 4362
2463 5425
2463 3097
2465 3097
2465 2880
2466 3200
2466 7199
2467 6056
2467 3752
2468 4244
2468 4663
2469 5303
2470 4376
2473 5894
2473 6509
2475 5755
2476 4376
2477 6433
2478 4439
2479 4384
2479 5296
2480 3151
2481 2997
2481 6548
2482 3661
2483 6357
2483 7348
2485 6414
2486 5218
2486 6395
2487 5234
2487 3469
2489 4663
2490 3866
2491 4663
2492 2840
2492 7063
2493 5064
2494 4805
2494 3578
2496 5684
2496 7620
2497 4058
2499 4244
2499 4663
2501 3694
2503 7645
2505 6433
2506 6950
2507 3879
2508 5465
2509 7467
2509 3578
2510 5404
2511 5912
2511 4913
2513 4376
2513 4805
2514 3578
2514 3331
2515 4172
2515 3740
2516 6250
2517 6130
2517 2554
2518 3203
2519 2700
2520 4174
2524 7175
2525 6909
2526 3231
2526 6002
2527 7267
2527 6548
2528 4237
2529 3702
2530 5537
2530 6791
2531 4864
2532 4805
2532 3578
2533 5234
2533 4805
2535 3680
2535 3651
2536 6909
2537 5296
2537 4376
2538 4237
2538 4399
2540 6414
2542 6861
2542 4823
2543 4687
2543 4454
2544 5000
2544 4384
2545 5890
2545 3740
2546 5101
2547 3698
2548 5357
2548 4423
2549 5296
2549 4384
2550 7438
2551 7649
2551 5594
2552 5662
2553 6702
2554 6130
2555 3234
2556 2887
2556 5133
2557 6679
2558 4376
2558 4805
2559 3578
2560 7081
2561 3035
2562 7649
2563 3578
2564 4376
2565 4295
2565 6572
2567 6909
2568 7131
2568 4957
2569 7330
2570 2863
2570 4094
2572 3277
2573 4376
2574 5550
2576 3578
2577 7171
2577 3330
2578 6158
2579 6427
2580 6158
2581 7250
2581 4805
2582 4678
2582 6013
2583 5604
2583 7579
2584 7649
2585 5671
2586 7032
2587 4376
2588 4186
2588 7359
2589 7130
2589 7250
2590 7055
2590 5581
2591 3843
2591 3048
2593 3176
2594 2840
2594 7063
2595 4376
2596 4070
2596 4960
2597 4104
2598 5853
2598 5734
2599 7649
2600 4376
2602 7080
2602 5107
2603 3324
2604 3802
2605 4861
2605 3361
2606 4346
2606 3186
2607 3495
2607 6433
2608 3159
2608 3227
2610 5396
2610 4719
2611 2809
2611 4301
2612 4362
2612 5743
2613 7579
2613 3329
2616 4818
2617 4384
2619 7329
2619 7132
2620 4384
2621 3698
2623 6357
2624 7546
2624 5435
2625 3866
2626 7032
2627 4805
2628 6702
2629 3739
2630 6537
2630 5576
2630 5010
2631 5550
2631 7087
2632 6699
2632 3559
2633 6703
2633 4805
2634 3623
2635 6212
2636 5633
2638 5673
2638 3850
2639 7582
2640 4806
2641 3735
2641 4193
2641 6249
2642 4119
2642 6158
2643 4666
2644 3300
2645 5404
2646 2662
2647 3041
2647 5184
2648 4259
2648 7359
2649 5734
2652 5383
2653 2817
2654 4143
2654 6653
2655 6909
2656 5383
2656 6185
2657 4376
2657 4384
2658 6829
2659 4376
2660 4376
2662 4665
2662 2833
2663 3359
2665 5486
2666 6681
2667 5117
2668 4768
2669 3675
2670 5939
2670 5607
2672 7032
2673 7131
2674 5256
2676 7480
2676 3607
2677 3469
2677 3748
2678 4940
2679 7612
2679 4384
2680 2840
2681 3065
2682 6388
2682 7467
2683 4376
2684 6942
2684 5040
2685 5133
2687 7350
2687 4444
2688 7156
2689 6702
2690 7649
2691 3813
2693 3917
2694 7649
2695 3495
2695 6433
2696 6883
2696 4481
2697 5262
2697 4376
2698 3640
2698 4938
2699 3200
2702 7316
2702 5656
2703 4067
2704 4805
2704 5559
2705 5890
2705 7057
2706 3578
2706 4805
2707 5486
2708 3111
2708 7146
2709 3197
2710 3231
2712 3173
2712 3690
2713 7223
2713 4882
2714 4338
2714 7456
2715 7649
2716 4481
2717 6164
2718 4671
2718 5185
2719 4384
2720 7243
2720 3231
2721 3977
2722 3285
2722 3666
2723 5684
2723 3661
2724 7034
2725 6551
2726 4615
2726 6286
2727 5723
2728 6010
2729 7401
2730 3748
2731 7649
2732 4115
2733 7649
2734 5132
2734 3073
2735 4481
2735 5149
2736 5404
2737 7645
2739 4362
2741 4555
2741 5604
2742 6523
2742 5970
2743 3277
2744 5296
2744 4384
2745 4384
2746 6807
2746 3035
2747 4749
2748 7447
2748 7292
2749 6433
2750 3532
2751 3698
2752 7063
2753 7649
2755 4376
2756 4143
2756 6653
2757 4280
2757 6653
2758 6341
2759 5789
2760 4685
2761 3849
2762 5812
2762 6147
2763 3895
2764 7442
2764 3197
2765 4384
2770 4376
2772 4376
2773 3887
2774 6130
2775 3523
2775 3116
2776 4805
2777 6357
2778 5133
2779 6550
2779 6286
2780 3065
2783 3539
2783 6059
2784 7649
2785 7620
2785 5548
2786 4663
2787 4686
2788 4896
2788 3231
2789 4646
2789 4452
2790 6130
2791 5504
2792 6130
2793 5234
2794 5865
2798 5312
2798 4805
2800 6569
2800 4805
2802 4444
2804 6807
2805 5357
2805 4663
2806 4666
2806 7255
2808 4376
2809 3503
2809 4987
2810 3740
2811 3914
2812 6702
2813 3924
2813 6623
2814 4376
2815 4291
2815 4275
2816 3203
2817 4273
2818 7649
2819 7398
2819 4217
2821 5801
2822 4960
2823 7395
2824 4104
2824 4850
2825 7450
2825 4275
2826 3856
2827 4498
2828 6897
2828 4805
2828 5546
2829 4337
2830 6504
2831 3339
2832 6702
2833 4665
2834 4094
2834 2863
2835 6852
2836 7620
2836 4291
2837 3231
2837 5829
2838 5333
2839 6001
2839 5650
2840 7063
2840 4646
2841 6158
2842 4911
2843 4663
2844 6341
2844 5483
2845 4933
2845 7033
2846 4481
2847 3506
2848 4376
2849 4960
2851 7082
2852 5296
2852 4384
2853 4663
2854 2861
2855 4384
2856 4067
2857 3578
2858 6158
2858 4119
2860 5250
2862 4124
2863 4094
2863 4913
2864 6548
2865 5792
2867 3490
2869 6681
2869 6090
2871 7276
2871 4217
2872 3524
2873 4244
2873 4663
2875 6504
2876 7026
2876 7620
2877 3431
2878 4399
2878 3431
2879 4913
2881 4376
2883 4384
2884 4805
2885 3939
2885 4861
2886 5816
2886 5881
2887 5133
2888 4384
2889 4672
2889 7171
2890 6551
2891 5337
2892 4105
2894 7222
2894 2993
2896 4681
2896 4524
2896 5270
2897 6651
2898 5771
2898 3793
2899 4905
2900 4214
2900 5618
2901 4302
2902 6861
2902 5183
2903 6909
2903 4067
2904 4805
2906 3648
2907 3578
2907 4805
2908 5676
2908 3895
2909 3497
2909 7423
2909 7064
2910 4577
2910 3005
2911 4384
2912 6768
2914 4906
2915 6130
2916 4243
2917 7130
2917 7250
2918 4094
2918 5771
2919 7301
2920 5335
2920 3725
2920 6512
2921 4376
2922 4834
2922 2988
2923 7649
2924 4646
2925 6997
2926 4663
2927 5354
2927 5123
2928 4489
2928 5354
2929 6702
2929 5734
2933 7467
2933 3578
2934 4166
2935 4376
2936 6267
2937 6883
2938 4376
2939 3361
2940 6487
2940 3459
2941 7365
2942 7199
2943 3361
2943 6993
2945 4067
2945 6909
2946 4960
2947 4005
2948 7556
2951 3231
2954 6740
2955 3503
2956 4384
2957 5600
2957 3843
2959 3895
2960 5615
2960 5114
2961 4376
2962 4910
2962 6721
2963 5065
2963 6433
2964 5993
2965 3786
2966 6433
2968 7620
2968 5684
2969 4854
2969 5500
2971 5805
2971 4793
2972 4164
2973 6807
2974 4384
2976 7575
2976 7620
2977 3895
2978 4078
2979 6890
2980 7649
2982 4766
2982 7636
2983 4663
2984 5065
2984 7367
2986 4994
2987 4067
2988 6909
2989 7649
2990 4215
2990 5922
2992 3485
2993 3330
2994 7025
2995 6887
2996 3716
2997 7087
2997 4462
2998 5156
2999 4490
2999 4427
3000 7649
3002 3156
3002 3175
3003 4384
3004 3731
3004 3240
3005 4687
3005 4378
3006 6465
3007 6608
3008 6702
3009 4200
3010 7370
3010 3520
3011 5022
3012 4462
3012 4422
3013 7359
3014 5986
3014 4757
3015 3672
3015 3895
3016 3151
3016 4226
3017 5514
3018 5296
3018 7572
3019 4376
3021 5250
3023 5662
3025 4384
3026 6328
3026 4362
3027 3623
3027 3051
3028 3231
3029 4119
3030 5011
3030 5884
3033 7002
3034 6673
3035 6572
3036 6502
3037 3503
3037 7330
3038 3154
3039 4384
3040 5869
3040 4672
3041 3494
3041 3375
3042 4479
3043 6550
3044 3197
3045 6878
3045 3643
3046 7145
3047 6829
3047 4498
3047 4487
3048 3843
3049 4805
3050 4376
3051 6702
3052 6189
3052 6960
3053 7398
3053 4217
3054 6572
3054 4033
3056 3331
3057 3843
3058 7649
3059 7649
3060 5709
3060 4864
3061 5070
3062 6909
3064 6653
3064 4280
3065 6502
3066 5296
3068 5296
3069 3538
3071 6254
3074 5881
3075 6394
3076 7649
3077 6588
3078 6408
3078 4067
3080 4771
3082 4748
3083 3559
3083 3506
3084 6130
3085 3490
3086 3227
3087 5163
3087 3361
3090 4666
3092 7337
3094 7620
3096 5689
3096 6707
3096 5471
3098 4054
3100 7447
3100 5861
3101 3716
3102 5110
3103 3331
3104 6130
3105 6702
3106 7480
3106 4037
3107 4961
3107 7620
3108 7063
3108 3894
3109 6572
3110 4119
3110 6158
3111 4701
3112 7450
3113 7467
3114 4376
3115 4376
3115 4805
3116 4960
3117 6139
3117 6334
3118 4680
3119 4175
3119 3940
3120 6729
3122 3511
3123 4217
3124 5772
3124 4422
3125 6610
3126 7002
3127 6130
3128 7356
3128 3231
3129 7192
3130 3843
3131 4320
3131 7376
3133 3243
3136 4410
3137 7620
3137 3248
3138 6702
3139 3802
3140 3698
3141 7200
3142 4646
3142 7112
3143 3494
3143 6130
3144 4568
3145 6817
3145 6504
3148 4437
3148 7168
3149 4806
3150 4673
3150 4280
3151 6712
3153 6433
3154 6433
3155 3578
3155 4805
3156 7575
3156 3175
3160 4376
3161 5625
3162 3223
3163 3879
3163 7460
3164 3371
3165 7027
3165 5939
3166 3735
3167 6679
3168 5221
3169 3666
3169 3285
3170 5301
3170 3521
3171 4952
3173 5387
3173 4200
3174 4031
3174 3310
3175 7575
3175 7620
3177 4376
3178 4376
3179 5504
3180 6488
3181 7649
3182 4550
3182 6833
3183 4384
3186 3993
3187 3562
3187 5393
3189 5404
3189 5070
3190 4384
3190 5111
3191 7620
3192 7199
3192 3200
3193 4206
3194 6210
3195 6546
3196 4384
3198 5686
3198 4849
3200 6862
3200 7199
3201 3361
3201 4399
3203 4376
3203 3578
3204 3489
3205 4665
3205 4239
3206 4376
3207 7032
3208 7329
3209 5120
3209 3559
3210 6094
3211 4663
3213 6592
3213 5234
3214 5803
3215 7649
3216 4154
3216 7290
3217 5588
3218 3578
3219 4646
3220 5250
3220 6965
3222 7620
3222 3227
3223 3866
3225 4376
3226 4376
3227 3244
3227 6813
3228 4036
3229 6433
3230 7649
3231 4237
3231 7460
3232 6328
3232 4725
3234 4376
3236 4351
3236 6623
3238 4856
3239 4628
3240 3566
3240 5550
3241 6759
3242 4217
3243 5133
3244 4906
3245 3748
3246 7240
3247 3657
3247 5133
3248 5684
3248 7620
3249 3578
3250 6547
3252 7003
3253 5532
3255 4663
3256 3698
3257 6759
3257 4217
3258 5867
3258 6130
3259 5301
3260 4913
3262 5372
3263 3315
3263 4897
3264 4384
3265 5912
3265 3358
3267 7281
3268 3384
3269 4376
3270 4067
3270 3559
3273 4805
3274 6702
3275 4735
3275 4940
3276 6169
3276 7620
3279 5404
3280 7460
3281 3662
3281 7538
3284 4384
3285 7242
3286 3522
3287 6024
3287 6968
3288 6865
3289 6892
3290 4101
3291 4666
3292 7575
3293 5867
3293 6130
3295 7467
3295 3578
3296 5174
3297 5296
3297 4384
3298 3359
3299 5154
3299 4367
3300 4775
3301 3522
3302 7032
3303 7260
3303 7261
3304 4670
3304 4376
3306 5372
3307 3425
3307 3669
3308 3432
3308 4678
3309 3806
3310 6572
3311 4384
3312 5296
3313 4362
3313 6328
3315 3843
3316 4960
3317 5213
3318 6697
3321 7499
3321 6415
3323 4553
3323 4531
3323 7649
3325 5964
3325 3699
3329 4482
3329 7579
3330 7067
3330 3895
3331 3578
3332 5029
3332 7644
3333 4282
3333 5506
3334 4376
3335 5437
3336 4482
3338 6697
3340 7649
3342 5484
3342 6839
3344 3956
3346 5848
3346 4960
3349 4482
3350 5416
3351 4282
3351 5571
3352 4961
3353 6702
3354 3622
3354 3993
3356 4758
3356 6502
3360 7034
3361 4399
3361 4237
3362 4376
3365 5486
3366 4925
3366 7460
3367 4827
3368 4725
3369 3802
3370 4384
3372 7330
3372 4097
3374 4994
3375 3494
3376 6653
3376 4280
3378 4913
3378 5796
3379 6414
3381 3578
3382 4940
3383 7649
3384 4805
3384 4376
3385 5063
3386 3802
3387 5142
3389 5439
3391 4673
3391 6653
3392 7255
3392 4666
3393 4663
3394 4952
3394 3698
3395 6433
3396 6817
3397 5796
3397 3793
3398 3958
3399 4663
3399 5357
3400 4752
3401 4666
3402 4119
3402 6158
3403 5404
3404 7149
3404 3821
3406 4384
3407 5771
3407 6058
3408 4952
3408 4384
3409 4963
3409 7620
3410 3681
3411 4663
3412 4399
3413 6708
3413 6478
3415 3749
3415 6357
3416 5113
3416 6865
3419 3856
3420 4265
3420 5600
3421 3895
3422 7215
3423 4399
3424 6130
3425 4646
3425 7260
3426 6768
3427 7134
3427 4422
3429 5298
3429 7620
3430 6440
3430 3760
3431 7460
3432 6013
3433 4805
3433 3578
3434 3862
3435 6508
3435 5737
3436 7440
3436 6414
3437 4628
3439 6702
3440 4538
3440 6673
3442 5817
3442 5872
3444 7535
3445 6414
3447 5793
3448 7649
3449 4663
3450 6817
3450 4051
3451 5213
3451 6703
3452 4663
3453 4560
3454 5185
3454 4988
3455 5917
3456 4376
3458 5300
3458 5444
3459 4376
3460 4280
3461 5872
3462 7572
3463 6698
3464 7460
3464 4512
3465 4856
3466 3866
3466 3578
3467 4633
3467 4232
3468 3578
3468 4569
3469 5234
3470 7649
3471 5236
3471 5755
3472 4410
3472 6367
3474 3601
3474 3988
3477 6144
3477 4202
3479 4423
3479 5357
3480 3866
3480 3578
3481 3843
3481 4265
3482 7317
3484 4882
3485 6283
3485 4172
3486 4005
3487 4459
3490 6367
3491 5186
3491 4033
3492 3578
3493 4376
3494 5877
3494 6130
3495 6433
3496 7045
3497 7620
3498 4230
3501 3698
3503 7330
3504 4703
3505 4036
3506 4067
3506 6909
3508 3712
3509 5484
3509 4685
3510 6909
3512 6807
3513 4917
3514 5404
3516 4673
3516 4280
3517 6498
3519 5956
3519 7002
3521 4376
3521 5301
3522 4481
3524 4867
3525 4804
3527 4805
3528 4666
3529 4038
3530 6130
3531 4362
3534 5314
3534 3993
3535 4036
3536 6380
3536 3843
3538 4376
3538 4384
3541 6415
3542 5234
3543 5602
3544 6138
3545 4670
3545 4805
3546 4376
3547 6024
3549 4687
3550 3578
3551 7181
3553 6679
3553 7255
3554 4378
3555 5636
3556 7571
3557 7579
3557 4725
3558 7124
3558 4666
3559 4067
3560 5959
3560 6623
3562 4363
3562 7457
3563 4673
3563 6653
3565 5602
3566 5550
3567 3612
3568 6415
3569 4237
3570 6275
3571 7620
3572 4237
3573 4725
3575 4666
3575 7255
3576 4161
3577 6572
3579 3916
3579 6807
3580 5404
3581 5234
3582 6414
3584 4663
3585 5001
3586 4646
3587 4805
3587 5556
3588 4758
3589 3911
3589 7191
3589 4555
3590 7155
3590 6739
3592 6684
3592 7558
3592 7590
3595 4913
3598 5491
3599 7057
3600 3802
3601 6718
3602 4080
3602 4952
3603 7620
3604 7649
3605 6572
3606 4376
3607 3895
3608 4384
3609 3639
3609 4597
3610 5147
3610 5236
3611 5233
3611 7350
3612 4805
3612 7518
3613 3895
3613 6588
3614 7220
3616 4376
3617 4376
3618 5234
3620 6702
3621 4217
3622 3993
3624 7620
3626 4810
3628 4758
3629 7618
3631 7191
3631 4725
3633 3729
3633 4665
3635 4454
3636 4214
3637 3871
3638 6991
3639 7199
3640 7073
3641 4696
3642 7606
3643 4186
3643 6878
3644 6708
3645 6433
3646 4376
3647 5578
3649 5848
3650 4725
3650 4320
3651 3680
3652 4052
3652 6218
3653 6051
3654 3739
3656 6130
3657 5133
3658 4872
3659 4376
3661 5684
3661 7620
3662 5074
3664 6001
3666 4470
3667 6077
3671 3895
3672 4376
3672 3895
3674 4633
3674 6245
3675 5605
3676 4804
3676 4051
3677 4805
3678 6357
3679 7199
3680 7176
3681 7330
3682 6813
3684 6130
3684 6423
3685 4959
3687 5206
3688 4422
3690 5367
3691 7222
3692 4376
3693 5404
3694 7199
3695 6098
3696 7199
3697 4805
3699 3899
3700 7649
3701 6211
3703 6702
3705 6433
3706 4882
3707 5970
3707 6523
3708 4384
3711 6357
3712 4952
3714 5602
3717 3749
3718 4376
3719 4861
3722 5848
3722 4960
3723 6078
3724 3744
3725 6909
3726 4186
3727 7649
3729 3869
3730 6687
3733 4244
3734 4952
3734 4384
3735 6768
3735 7620
3736 7460
3736 4237
3737 4873
3737 7361
3738 5147
3740 7057
3741 3924
3741 6653
3742 7250
3743 4863
3744 3969
3744 4295
3746 3993
3747 3801
3748 4376
3750 4376
3752 6056
3753 4376
3753 4805
3754 6130
3754 6806
3755 4896
3755 6718
3758 4376
3760 6027
3760 7330
3761 7003
3762 4384
3763 6572
3765 6572
3766 4646
3769 4119
3770 4200
3770 5387
3772 5218
3772 3895
3775 5263
3775 5864
3777 5885
3777 4108
3778 4189
3779 4009
3779 4747
3780 7649
3781 4067
3782 6702
3783 4577
3783 4817
3785 7226
3786 7336
3787 6572
3787 6807
3788 4896
3791 4657
3791 4732
3792 5239
3793 4913
3794 6194
3794 7565
3794 7404
3795 7383
3796 4376
3797 7642
3799 6702
3800 4687
3800 6729
3803 5131
3804 4806
3805 4960
3807 4217
3809 5912
3810 7649
3811 6380
3812 7250
3812 3896
3813 7034
3814 6583
3815 4539
3815 6679
3816 5661
3817 4805
3818 6684
3818 7590
3818 4183
3819 3869
3820 4666
3821 7624
3822 4255
3824 4878
3824 7613
3825 4960
3826 4383
3827 7130
3828 5617
3828 5725
3829 7316
3830 5848
3831 7395
3831 6434
3832 4422
3833 6109
3833 4020
3836 7649
3837 7130
3837 7250
3839 4805
3841 6346
3841 6053
3845 7565
3845 6623
3846 4657
3846 5548
3846 6755
3847 6946
3847 4482
3848 5130
3848 7228
3850 4237
3850 5480
3851 6764
3851 7457
3852 5434
3852 7620
3853 6415
3855 5771
3855 6058
3857 6415
3858 5255
3861 4376
3863 7199
3864 5869
3865 4752
3867 5404
3867 4376
3868 4384
3868 6588
3870 4987
3870 7330
3872 7586
3872 4646
3873 3885
3873 4923
3875 5537
3875 6791
3876 7021
3877 7168
3879 7460
3880 4280
3880 4673
3881 4673
3881 4802
3882 4376
3883 5796
3883 4913
3886 4805
3888 7032
3890 6098
3892 4143
3892 6653
3893 7247
3894 5210
3895 4376
3895 4384
3896 6909
3897 6702
3898 4384
3900 4060
3900 5421
3901 5177
3903 6653
3904 6488
3904 4244
3905 6130
3906 5088
3907 4687
3907 4454
3908 6094
3908 7631
3909 5881
3911 4725
3912 5404
3913 4725
3915 6130
3916 5364
3917 6267
3918 4722
3918 4805
3919 6428
3920 5174
3921 7199
3924 4143
3924 6653
3925 6098
3926 4384
3928 6807
3929 5404
3932 7649
3933 5570
3933 5282
3933 6927
3934 6433
3935 6317
3935 5776
3935 6809
3936 4116
3936 4506
3938 4475
3938 7033
3939 4399
3939 4237
3940 5831
3940 4425
3941 6653
3941 4673
3942 5680
3943 6158
3945 5244
3948 4384
3949 5074
3949 5872
3950 4384
3952 6328
3952 4362
3953 6169
3953 7620
3954 6551
3955 7620
3956 6378
3957 7145
3958 6551
3958 4384
3960 4689
3960 5043
3961 5117
3962 4805
3963 5163
3964 7130
3964 7250
3965 5709
3965 7401
3967 6515
3968 7620
3969 6572
3970 4384
3971 7199
3972 4646
3973 6778
3974 6702
3975 6583
3976 6824
3978 6243
3979 5210
3980 5677
3980 4961
3982 4805
3983 4522
3985 6909
3986 5570
3987 6702
3988 4993
3988 6423
3989 7281
3990 5993
3991 5335
3996 4384
3996 4376
3997 6653
3998 4084
3998 5460
3999 4376
4000 7620
4002 7292
4002 4424
4004 4244
4006 7032
4007 5260
4008 6653
4009 4747
4009 6110
4010 7649
4013 4217
4013 6759
4014 6201
4015 5305
4016 4805
4017 4806
4017 5707
4018 4652
4019 6433
4020 6120
4021 7373
4026 5056
4027 5604
4027 7579
4029 7032
4029 4940
4030 7242
4030 6471
4031 5997
4032 5580
4034 7255
4034 4666
4037 7067
4039 4422
4040 5771
4040 4094
4044 7364
4045 7649
4046 7269
4047 6488
4048 4960
4049 4952
4051 5802
4052 6865
4052 5431
4054 7067
4055 6078
4056 4960
4057 6909
4057 7077
4058 6686
4060 5421
4060 6635
4062 4376
4063 6869
4063 6053
4064 6297
4064 4091
4066 6481
4067 4376
4068 5802
4069 7608
4070 5848
4071 5404
4073 7467
4074 6414
4075 6206
4076 4490
4077 4280
4077 6653
4078 7200
4079 7002
4080 4376
4080 4384
4082 5133
4083 4384
4083 4952
4084 4378
4086 4376
4087 5793
4087 4925
4088 6130
4089 4961
4090 5404
4091 4384
4092 7305
4094 4913
4095 4376
4096 4376
4096 4384
4097 7330
4099 6239
4099 5871
4100 6807
4101 5627
4103 6572
4104 7620
4106 4628
4108 6433
4109 6098
4110 7460
4111 7395
4112 4673
4112 6653
4113 4376
4115 6909
4116 7250
4116 4805
4117 4663
4118 4482
4119 6158
4120 4376
4120 4805
4121 5763
4121 7078
4123 4244
4125 6653
4125 4280
4129 7649
4131 5755
4134 7199
4135 7132
4135 6304
4136 7579
4136 7591
4137 5047
4138 5994
4138 4410
4139 6158
4140 4223
4141 7305
4143 4673
4143 6653
4144 6718
4145 5867
4145 6130
4146 6130
4147 4376
4148 4805
4148 6592
4149 6094
4150 5617
4151 4663
4152 6572
4155 5404
4155 5881
4159 6406
4160 4376
4160 4805
4162 5404
4163 4479
4164 5404
4165 7649
4166 6158
4167 4384
4167 6551
4168 6001
4169 6049
4169 4260
4170 5566
4171 6653
4172 6283
4174 4384
4174 4952
4175 4425
4175 4981
4176 6702
4177 4376
4177 4384
4178 7153
4179 4244
4180 7649
4181 7565
4181 6623
4183 4757
4183 7590
4191 4663
4194 4805
4195 6991
4197 4399
4198 5234
4199 7550
4200 4752
4201 7453
4201 4295
4204 5196
4204 7466
4205 4837
4206 6909
4207 7467
4208 6653
4211 6968
4211 5518
4212 7572
4212 4376
4214 6681
4215 5922
4216 4376
4217 6759
4217 7276
4219 4308
4220 4584
4220 7131
4222 6697
4225 5440
4226 6199
4226 5131
4227 7546
4228 4384
4229 5477
4231 6463
4231 7620
4232 4628
4233 4384
4234 5101
4235 7620
4236 4960
4237 7460
4238 7155
4239 6433
4240 6138
4242 7575
4244 4663
4245 4960
4245 5848
4246 7649
4248 4376
4249 4384
4252 4663
4253 4384
4254 6637
4255 5550
4257 4376
4259 6417
4259 7359
4261 7582
4262 4384
4263 4670
4263 4376
4267 5404
4269 4376
4270 5467
4271 6718
4272 6433
4272 5065
4273 4805
4275 7620
4276 5877
4277 4882
4279 5046
4280 4673
4280 6653
4282 5571
4283 7641
4283 4628
4284 7621
4285 4952
4286 4376
4286 4384
4288 5046
4288 7108
4290 4376
4291 7620
4292 5884
4292 4925
4293 4748
4295 6572
4296 6702
4298 6865
4299 7002
4300 4666
4300 6679
4301 4940
4303 4376
4303 4384
4304 4376
4310 4423
4311 5154
4313 4376
4313 4384
4314 7579
4314 4482
4315 6437
4316 7649
4317 6001
4320 4362
4320 6328
4321 4732
4321 5592
4323 4804
4325 6109
4326 6551
4326 4376
4328 6504
4329 4592
4329 4805
4330 4422
4331 7571
4332 6049
4332 4997
4335 7460
4335 4861
4336 6504
4338 7456
4339 6543
4340 7343
4341 7620
4342 5662
4343 7067
4344 4805
4344 5484
4346 5358
4348 6807
4348 7402
4349 7171
4351 6623
4353 4663
4354 7565
4356 4422
4357 6623
4358 6098
4359 6638
4359 5470
4360 7034
4361 6031
4362 6328
4362 7153
4363 6871
4364 7199
4365 4670
4365 4805
4366 4384
4367 5654
4367 5154
4369 6551
4370 7199
4371 4376
4371 4805
4372 7620
4372 5260
4374 4652
4375 4960
4378 4687
4379 6130
4379 6635
4382 6130
4383 5387
4385 7071
4388 6702
4389 7571
4390 5364
4391 6347
4400 4577
4401 5683
4409 7467
4411 4663
4412 4960
4414 5131
4415 6702
4416 4805
4416 5234
4420 4952
4421 6702
4423 4663
4425 5431
4426 4673
4426 6653
4427 6395
4429 7620
4430 5192
4431 6394
4432 4690
4432 7168
4433 5305
4435 6572
4436 5191
4437 7168
4437 4690
4438 7467
4441 7566
4441 6679
4442 4805
4444 5196
4445 5298
4446 6049
4452 6554
4455 7390
4456 6916
4457 5256
4460 7045
4461 6142
4461 5183
4462 7087
4464 5694
4470 7161
4471 7620
4472 6094
4474 6551
4475 4663
4477 6909
4478 4663
4479 6078
4482 7579
4483 6449
4486 4762
4487 4663
4488 6283
4490 7330
4491 4884
4491 5896
4492 6653
4493 4692
4494 4663
4495 6433
4495 7639
4496 4960
4499 7464
4500 6067
4502 6909
4506 4624
4506 5063
4507 7579
4508 4863
4509 6357
4512 7460
4513 5881
4514 7289
4515 6865
4516 5027
4517 4908
4518 5422
4520 5988
4523 6001
4524 4663
4526 5042
4526 6707
4527 5035
4528 7147
4529 7330
4529 5993
4530 4647
4530 7388
4531 6702
4533 5466
4536 5881
4537 7649
4538 6702
4539 4666
4539 6679
4540 6730
4541 4805
4543 7519
4544 7460
4552 7649
4553 5404
4555 4725
4555 5604
4557 5131
4558 7649
4559 5213
4559 5545
4560 5671
4561 6217
4563 6814
4564 4663
4566 7407
4567 7565
4571 7479
4572 7649
4573 4805
4574 5723
4575 7645
4581 6425
4582 7316
4583 6679
4583 4666
4585 4663
4587 7620
4588 6702
4589 5372
4589 7097
4590 6702
4592 7116
4592 4805
4596 6610
4597 7199
4598 5147
4599 4984
4599 7460
4600 5147
4602 5435
4603 4960
4606 4879
4606 5801
4607 4663
4609 6630
4609 5739
4610 7530
4610 4615
4612 7504
4612 4673
4613 7011
4617 5574
4619 7255
4619 4666
4620 7631
4621 6274
4624 6909
4625 7620
4627 7571
4628 4906
4631 4702
4631 5755
4635 6162
4635 4769
4637 7330
4640 5599
4641 6702
4646 7620
4647 7388
4649 6136
4650 4848
4651 6084
4651 7169
4652 7199
4653 7250
4654 5912
4656 6084
4657 4866
4657 4843
4659 4884
4659 5357
4660 7620
4661 6307
4664 6304
4667 6010
4668 6015
4668 5254
4669 6702
4670 4805
4671 6735
4671 7641
4672 6747
4672 5865
4673 6653
4674 7067
4674 7556
4675 5831
4676 6502
4677 7620
4678 6013
4679 4805
4683 6747
4685 5484
4686 5964
4689 5337
4690 7168
4691 4805
4695 6978
4696 5234
4698 6504
4699 5822
4699 4736
4701 7305
4702 5755
4704 6164
4705 6433
4706 6890
4708 5357
4709 5213
4710 5111
4711 7598
4712 7464
4712 6702
4713 6487
4715 5234
4718 5063
4719 6301
4720 5548
4721 4981
4721 6865
4723 6357
4725 5604
4728 6679
4730 6245
4732 4866
4732 4843
4733 7468
4733 6001
4735 4940
4736 4837
4736 5822
4737 6551
4740 6357
4741 7255
4742 5065
4745 6119
4745 5321
4747 7250
4748 6217
4753 5886
4754 4805
4756 7224
4756 7237
4757 7153
4757 6328
4760 5548
4760 4920
4761 5751
4763 7460
4766 7636
4767 5571
4770 4834
4772 7255
4774 6702
4775 5454
4775 7190
4776 5011
4777 4805
4780 6871
4783 5387
4788 7533
4788 6455
4793 6304
4794 7199
4795 5147
4797 7007
4798 5922
4799 5912
4800 6130
4801 5296
4802 6653
4803 4952
4804 5802
4806 5404
4807 7649
4808 7649
4809 5298
4810 4906
4813 6453
4813 5256
4814 6130
4815 7199
4816 6702
4818 7595
4819 6679
4821 7636
4823 7087
4824 7200
4825 7028
4832 7300
4834 6481
4836 5404
4837 5822
4838 6838
4840 7649
4841 4898
4843 4866
4845 5404
4847 6551
4847 5707
4848 7398
4849 6130
4850 7620
4850 4997
4852 7261
4853 5684
4853 5854
4856 6050
4856 7620
4858 7312
4858 5264
4859 6292
4860 6478
4862 4913
4863 7467
4867 7621
4868 4890
4868 5889
4869 4913
4871 6551
4875 7620
4876 5993
4877 5404
4877 5816
4886 5038
4887 6513
4889 5091
4889 6466
4891 5265
4892 4982
4893 6412
4895 6702
4896 6718
4897 5147
4899 7565
4899 6653
4901 7645
4902 5987
4904 7330
4907 7026
4907 7620
4909 6807
4910 6142
4911 6865
4912 5133
4916 6025
4917 6909
4920 6169
4921 5357
4921 5072
4922 6433
4922 4994
4925 6130
4927 5021
4927 7301
4929 7199
4930 5154
4936 6433
4937 6130
4938 6765
4938 5848
4941 6702
4942 5559
4943 6130
4944 5251
4946 6887
4951 6130
4953 7649
4955 6781
4957 6569
4959 6572
4962 5642
4963 6583
4965 6239
4966 7649
4967 7250
4968 5038
4969 5239
4969 7260
4970 6307
4972 5848
4974 5480
4978 6130
4981 5113
4981 6865
4982 5993
4984 7565
4985 7467
4987 7330
4988 5185
4989 7130
4990 5170
4991 5997
4992 6357
4994 6433
4996 7199
4997 7620
4999 6965
5003 5029
5004 6729
5005 6239
5005 6865
5010 5464
5012 5218
5014 5604
5018 5963
5019 7565
5020 7575
5022 7032
5027 7460
5029 7395
5030 6623
5030 6653
5031 6078
5031 7305
5032 6898
5033 7395
5034 6130
5040 6942
5043 5382
5044 6378
5045 7073
5049 5649
5050 6702
5051 6730
5051 6807
5053 6806
5053 6130
5057 6523
5059 7026
5059 7386
5064 5264
5064 6038
5065 6433
5069 5848
5074 5872
5076 7057
5078 7479
5083 5213
5084 6551
5085 5605
5086 7575
5086 7620
5087 7625
5088 5382
5089 6716
5092 5793
5093 7081
5093 7586
5094 6623
5095 6551
5100 6993
5101 7107
5102 7027
5103 6702
5105 7464
5106 6109
5107 5361
5109 6593
5109 6807
5110 6357
5113 6220
5113 6865
5114 6807
5115 6909
5118 5486
5119 7081
5119 5337
5122 5563
5123 5354
5128 5803
5129 7649
5134 6469
5137 6433
5138 5270
5140 7460
5147 6607
5148 6702
5153 6652
5153 6130
5154 5654
5157 7649
5160 6702
5162 6635
5162 6231
5165 7331
5168 6058
5169 6130
5170 6909
5172 6433
5174 6909
5175 5778
5176 5556
5177 5947
5178 6577
5178 5411
5182 6164
5182 5978
5183 6861
5183 5379
5186 5254
5187 5642
5189 7467
5191 6572
5193 5196
5195 5404
5198 6942
5198 5545
5202 6388
5205 6702
5205 5979
5206 5545
5209 6807
5215 7300
5216 6301
5217 7420
5217 6210
5220 5612
5223 5296
5224 7046
5225 6049
5232 5596
5232 6509
5233 6158
5235 6635
5235 7460
5237 6130
5238 5746
5240 6388
5241 6702
5242 6865
5248 5778
5252 5416
5252 6239
5255 6702
5256 7631
5262 6699
5265 6241
5267 6094
5268 5483
5268 6341
5269 5666
5276 6819
5276 5548
5280 5957
5281 6313
5283 6130
5285 7649
5289 7298
5291 5627
5292 6063
5293 6175
5294 5939
5294 5831
5294 7027
5295 7130
5300 6653
5306 7255
5306 6679
5308 7636
5315 6142
5317 7032
5319 7484
5319 6865
5321 5433
5321 6119
5322 7132
5323 7168
5324 6702
5325 6908
5326 7620
5328 6414
5330 5518
5331 6642
5336 7257
5336 7342
5337 5382
5339 5548
5339 7562
5339 5592
5342 7002
5342 5956
5343 5496
5343 6807
5344 5404
5346 6828
5347 5391
5349 6031
5355 7649
5356 7649
5359 6702
5369 6492
5369 7369
5370 7618
5371 6492
5373 6547
5377 6089
5379 6548
5380 6653
5388 6136
5391 6583
5393 5755
5396 6898
5397 6001
5399 6702
5400 7442
5401 7395
5402 5563
5402 6307
5407 7168
5407 6346
5410 5611
5410 7460
5413 5727
5414 5563
5416 6239
5418 5994
5420 6828
5420 6411
5421 6635
5424 6655
5424 6332
5428 6909
5429 7460
5431 6218
5432 6130
5433 6079
5434 7620
5435 6110
5436 6765
5437 6807
5439 7460
5440 6817
5441 6702
5444 6623
5449 7649
5450 7199
5451 6679
5453 6668
5456 6433
5458 6516
5461 6726
5461 6572
5462 7575
5465 7073
5467 6411
5469 6702
5472 7649
5473 5684
5476 5896
5477 7002
5484 5664
5493 6702
5496 6807
5499 7087
5501 6358
5501 5535
5508 7269
5509 6357
5511 7330
5513 6001
5514 6656
5515 6130
5516 6862
5520 6025
5520 7620
5521 5872
5525 6707
5526 7649
5528 7649
5529 7255
5532 6892
5535 6328
5535 6358
5536 7649
5539 6493
5542 5903
5542 6702
5546 6897
5548 7575
5552 7289
5552 6075
5553 6796
5554 7395
5555 6519
5558 7497
5558 5789
5560 7447
5567 6702
5568 6759
5572 6077
5572 7247
5576 7296
5578 7620
5579 6862
5580 7620
5580 7026
5581 6130
5582 7620
5584 6702
5585 7395
5586 5738
5587 6653
5588 6679
5590 6158
5591 7631
5596 6509
5599 6871
5601 5642
5603 7025
5604 7579
5607 6865
5608 5614
5611 7460
5615 6807
5616 6433
5618 6130
5618 5793
5621 7002
5624 7030
5630 7191
5631 6577
5634 5664
5637 6702
5637 6849
5640 5881
5642 6205
5643 5999
5643 6615
5644 6817
5647 7447
5648 7608
5653 7255
5654 6572
5655 7642
5656 7316
5657 6341
5660 5799
5661 6572
5663 6970
5665 7131
5668 7566
5672 7140
5674 7589
5675 5884
5681 6865
5682 6839
5684 7620
5686 6653
5687 6238
5688 6531
5688 7400
5690 6433
5694 6572
5695 7040
5696 6572
5697 6130
5698 6090
5699 7620
5701 6612
5701 7316
5705 6941
5709 7296
5710 6551
5713 6201
5717 7097
5720 7620
5727 5755
5731 6130
5741 6513
5745 7102
5745 6803
5748 6735
5748 7639
5752 7649
5753 5848
5754 6653
5757 6623
5760 7305
5761 6960
5763 6908
5767 6869
5768 7072
5769 6702
5771 6058
5773 6623
5774 6653
5775 6909
5776 6809
5779 6824
5781 6470
5781 6172
5785 5987
5790 5999
5790 6615
5793 6130
5794 5872
5801 7128
5809 6415
5811 7649
5813 6547
5813 6067
5817 5872
5819 7250
5819 6038
5820 7560
5823 7649
5826 6300
5826 7237
5827 6130
5828 6534
5835 6015
5843 6572
5843 6807
5847 7622
5847 7620
5849 6010
5852 7513
5854 7450
5854 7620
5860 6130
5861 6049
5861 7316
5863 6422
5864 7589
5867 6130
5868 6357
5870 7460
5871 6865
5875 7649
5877 6130
5879 6250
5880 7467
5885 6433
5889 7467
5890 7057
5892 7499
5894 6509
5900 7199
5902 6900
5903 6702
5905 6543
5907 6328
5907 7579
5913 6817
5915 6525
5916 6433
5918 6504
5919 7168
5919 6869
5921 6524
5922 7281
5923 6828
5925 7649
5927 6130
5929 6357
5932 6759
5934 6423
5936 5993
5939 7437
5942 7649
5946 6049
5947 7455
5950 6433
5953 6572
5955 6551
5966 6702
5967 6933
5970 6523
5971 7579
5973 6206
5979 6702
5980 6807
5983 7620
5985 6813
5987 6098
5991 6304
5992 7153
5993 7330
5994 6367
6002 6130
6003 7269
6006 6653
6007 6010
6008 6394
6009 7250
6012 7467
6018 6865
6020 7440
6020 7247
6025 7620
6029 6909
6031 7447
6031 7292
6032 7242
6035 7649
6036 6909
6037 7649
6038 7250
6042 6130
6045 6592
6050 7575
6050 7620
6052 6653
6053 7168
6055 6847
6061 6178
6061 7107
6063 7330
6068 7649
6071 6724
6072 7026
6085 6572
6088 6623
6090 6130
6091 6465
6093 6341
6094 6130
6095 7460
6101 7467
6102 6488
6104 6679
6107 7049
6110 7113
6113 7460
6117 6223
6118 6565
6118 6522
6122 6463
6128 7054
6131 6909
6132 6220
6132 6865
6134 6726
6134 6572
6135 6702
6137 7607
6138 7460
6139 6334
6141 7242
6142 7087
6142 6721
6148 6366
6150 7199
6153 7460
6153 7565
6154 6476
6157 7305
6159 6210
6159 7032
6160 6217
6167 7199
6169 7620
6171 6219
6178 7455
6181 7538
6182 7649
6185 7214
6186 6263
6189 6960
6190 7649
6191 6433
6193 6954
6195 7153
6198 7191
6199 6347
6205 7575
6207 7343
6209 6293
6213 6650
6214 7057
6220 6865
6222 6609
6224 7300
6231 6635
6239 6865
6240 7437
6245 6549
6247 6993
6248 7199
6254 6708
6260 7390
6261 7133
6265 6551
6268 7460
6269 6726
6269 6572
6276 7330
6278 6347
6279 7649
6280 7518
6281 7330
6285 6543
6286 6550
6290 6635
6293 6868
6296 6909
6298 6328
6302 7414
6304 7132
6306 7649
6316 7237
6320 6569
6324 7620
6326 7199
6326 6809
6327 7572
6328 7153
6332 6655
6337 6817
6347 7460
6351 6744
6353 6759
6359 7649
6361 6702
6365 6909
6365 7250
6368 7649
6370 7191
6373 6414
6377 6425
6383 7013
6384 7293
6386 6724
6398 6702
6399 6747
6401 6718
6402 6988
6404 6806
6410 6816
6411 7196
6414 6702
6415 7499
6417 7359
6426 6588
6430 6952
6432 7026
6441 7334
6441 6994
6443 7026
6445 6458
6450 6572
6456 7185
6456 7429
6463 7026
6472 7620
6478 6708
6480 7460
6489 6618
6495 7049
6499 7649
6506 7276
6510 6551
6514 7620
6515 7316
6515 7620
6517 7367
6522 6565
6525 6650
6528 6968
6529 7199
6533 7649
6546 7456
6547 6909
6550 7460
6561 6635
6563 7359
6564 7649
6569 6909
6572 6807
6577 7620
6580 7649
6581 7067
6583 7292
6587 6623
6588 7330
6589 6967
6589 7579
6594 7032
6594 7330
6595 7034
6599 7427
6603 6679
6615 7032
6617 7330
6619 7153
6623 7565
6623 6653
6628 7513
6635 7460
6643 7192
6644 7649
6655 6897
6662 7649
6665 7513
6672 6909
6677 7131
6685 6806
6686 6888
6689 7019
6694 7329
6699 6909
6712 7565
6713 7569
6715 6909
6717 7330
6720 7518
6721 7087
6727 6903
6730 6807
6733 7196
6735 7641
6741 7600
6741 7376
6742 6809
6743 6803
6746 6807
6752 6871
6755 7562
6764 6871
6767 7133
6768 7620
6775 7510
6785 7608
6790 7276
6790 7601
6797 6814
6803 7330
6808 7217
6809 7199
6814 7620
6815 7305
6818 7620
6823 7620
6835 7131
6858 6865
6862 7199
6875 7185
6878 7359
6879 7608
6879 7250
6905 6908
6915 7631
6917 7276
6922 7454
6925 7034
6935 7460
6944 7649
6948 7460
6953 7247
6956 7255
6960 7518
6962 7649
6964 7649
6973 7649
6975 7460
6976 7467
6977 7199
6979 7575
6979 7620
6982 7442
6998 7292
7002 7199
7012 7263
7016 7598
7034 7620
7050 7532
7051 7620
7058 7649
7069 7649
7081 7620
7095 7620
7098 7243
7100 7649
7111 7649
7123 7168
7128 7556
7130 7250
7138 7199
7141 7460
7142 7467
7146 7581
7157 7565
7172 7476
7175 7455
7177 7649
7178 7620
7185 7199
7186 7649
7193 7579
7227 7488
7257 7342
7260 7261
7270 7517
7285 7460
7287 7594
7287 7538
7295 7395
7299 7467
7323 7330
7333 7649
7334 7621
7362 7649
7379 7620
7396 7649
7399 7649
7421 7620
7423 7620
7431 7484
7450 7620
7451 7565
7461 7530
7475 7620
7496 7649
7508 7606
7522 7649
7532 7620
7542 7649
7547 7649
7557 7649
7558 7590
7559 7631
7575 7620
