0 1611
0 472
1 1847
1 1911
2 1249
2 1153
2 1363
3 234
3 769
3 2112
4 719
4 1864
5 1901
5 1803
6 712
6 1938
6 261
7 1356
7 257
7 986
8 1402
8 633
9 1449
9 1710
9 2243
10 70
10 2236
10 551
11 1270
11 2118
12 2003
12 179
13 467
13 2028
14 1623
14 633
14 959
15 602
15 609
16 948
16 2116
17 295
17 857
17 575
18 2061
18 1976
18 1741
19 399
19 1688
19 925
20 1325
20 202
20 1873
21 483
21 584
21 1658
22 296
22 956
23 367
23 487
24 586
24 740
24 530
25 195
25 1462
26 1846
26 110
27 663
27 929
27 902
28 95
28 115
29 1027
29 108
30 2021
30 1009
31 1570
31 1758
31 235
32 1662
32 1713
33 1356
33 1976
34 1325
34 202
34 1873
35 94
35 835
36 1708
36 491
37 2248
37 1226
37 1993
38 640
38 51
39 2079
39 938
40 723
40 1214
40 323
41 789
41 75
41 334
42 399
42 1688
42 925
43 1325
43 202
43 1873
44 141
44 242
44 1590
45 1563
45 1742
46 1680
46 1399
47 1449
47 1710
47 2243
48 712
48 1938
48 261
49 1449
49 1710
49 2243
50 1661
50 1911
51 640
52 1187
52 220
53 388
53 1547
54 664
54 392
54 1648
55 1190
55 2260
55 380
56 940
56 183
56 589
57 2007
57 1180
58 723
58 1214
58 323
59 586
59 740
59 530
60 220
60 2030
61 399
61 1688
61 925
62 1383
62 631
63 656
63 77
63 2123
64 1325
64 202
64 1873
65 586
65 740
65 530
66 850
66 2105
67 533
67 1463
68 1003
68 1798
68 2256
69 2249
69 1233
70 1569
70 2192
71 1778
71 1144
72 1560
72 859
72 1287
73 2181
73 776
74 1460
74 682
74 1964
75 789
75 334
76 531
76 218
77 1761
77 867
78 820
78 2226
79 789
79 334
80 281
80 555
81 2064
81 646
81 173
82 973
82 1351
83 1708
83 1092
84 1953
84 1763
85 1911
85 600
86 1404
86 613
87 446
87 1939
88 891
88 2201
89 1663
89 2220
90 203
90 1692
91 2072
91 403
92 1333
92 396
93 1158
93 1815
94 835
95 115
96 737
96 972
97 1201
97 2077
98 1560
98 859
98 1287
99 951
99 1291
100 1819
100 1126
100 1542
101 789
101 334
102 2143
102 2065
103 1325
103 202
103 1873
104 842
104 939
105 721
105 1256
105 411
106 706
106 608
106 1019
107 2138
107 1778
108 1027
108 885
109 588
109 1101
109 1283
110 2194
110 2098
111 297
111 1196
112 1560
112 859
112 1287
113 187
113 1266
114 632
114 939
115 1512
116 586
116 740
116 530
117 2263
117 1976
118 1249
118 1153
118 1363
119 811
119 301
120 2249
120 584
121 386
121 214
122 1462
122 1356
123 1931
123 2228
124 1976
124 645
124 306
125 1416
125 331
126 270
126 1204
127 1853
127 1266
127 731
128 1878
128 1914
129 1136
129 1818
130 399
130 969
131 1411
131 1097
131 1167
132 1325
132 202
132 1873
133 1003
133 1798
133 2256
134 789
134 334
135 2138
135 172
136 1697
136 2081
136 1670
137 1095
137 1166
138 1116
138 1708
139 1325
139 202
139 1873
140 1758
141 2177
141 220
142 1953
142 1763
143 399
143 969
144 586
144 740
144 530
145 641
145 2273
146 533
146 293
146 175
147 1183
147 1269
148 1903
148 2214
148 2118
149 781
149 506
149 1915
150 1652
150 180
151 269
151 1857
151 438
152 436
152 518
152 957
153 2054
153 1913
154 1362
155 1325
155 202
155 1873
156 1325
156 202
156 1873
157 2044
157 1123
157 1135
158 2021
158 1009
159 1190
159 2260
159 380
160 774
160 214
161 520
161 315
162 1633
163 1325
163 202
163 1873
164 2172
164 764
165 1819
165 1126
165 1542
166 1325
166 202
166 1873
167 1536
167 1034
168 890
168 2030
168 1923
169 1425
169 1960
170 917
170 1942
171 909
171 1987
171 1150
172 2138
173 2064
173 646
174 1912
174 2158
175 533
175 293
176 269
176 1857
176 438
177 1560
177 859
177 1287
178 1155
178 252
178 440
179 2003
180 1652
181 307
181 2176
181 2173
182 2175
182 1599
183 1411
183 1097
183 1167
184 738
184 1985
184 591
185 1190
185 2260
185 380
186 1976
186 1356
187 1761
187 867
188 2091
188 1481
188 545
189 2008
189 1985
190 2026
190 358
190 1374
191 1602
191 1687
191 1772
192 399
192 1688
192 925
193 1939
193 2246
193 984
194 1398
194 443
195 1989
195 371
196 1152
196 1774
197 1939
197 1976
198 1493
198 1708
199 586
199 740
199 530
200 1325
200 202
200 1873
201 1325
201 202
201 1873
202 1325
202 1873
203 468
203 634
204 1741
204 1976
205 1912
205 949
206 586
206 740
206 530
207 1700
207 1396
208 753
209 446
209 1381
210 357
210 2249
211 1866
211 1858
212 1622
212 241
213 586
213 740
213 530
214 386
215 614
215 1838
215 584
216 1325
216 1873
217 307
217 2176
217 2173
218 531
219 1141
219 1111
220 2058
220 1714
221 297
221 1196
222 242
222 1590
223 1749
223 467
223 1138
224 596
224 468
224 634
225 2071
225 574
225 1795
226 1628
226 1758
227 309
227 2151
228 1891
228 1525
228 1169
229 561
229 1779
230 1249
230 1153
230 1363
231 586
231 740
231 530
232 747
232 240
232 1278
233 439
233 250
234 769
234 2112
235 1570
235 1758
236 1567
237 1201
237 569
238 2140
238 1868
239 769
239 1601
240 747
240 1278
241 1622
242 1590
243 1201
243 340
244 1183
244 1269
245 399
245 1688
245 925
246 1939
246 1976
246 946
247 1710
247 1713
247 469
248 1339
248 1187
249 1749
249 1646
250 439
251 338
251 2171
252 1155
252 440
253 1939
253 336
254 1492
254 1263
254 388
255 1614
255 1389
256 399
256 1688
256 925
257 269
257 1857
257 438
258 1411
258 1097
258 1167
259 1325
259 1873
260 664
260 392
260 1648
261 712
261 1938
262 1579
263 2112
263 769
264 757
264 1643
265 491
265 1116
266 526
266 1740
266 800
267 513
267 1446
267 1292
268 1253
268 1640
269 1857
269 438
270 914
270 1277
271 1003
271 1798
271 2256
272 2246
272 1945
273 1555
273 1616
274 712
274 1938
275 1878
275 1914
276 1152
276 886
277 280
277 1417
278 663
278 929
278 902
279 1064
279 1131
279 1053
280 1417
281 555
282 1474
282 1686
283 1325
283 1873
284 526
284 1740
284 800
285 1578
285 2260
286 1591
286 462
287 449
287 850
287 2105
288 380
288 2237
289 2087
289 2089
290 316
290 1159
291 1560
291 859
291 1287
292 1560
292 859
292 1287
293 533
294 1003
294 1798
294 2256
295 857
295 575
296 760
296 2192
297 1196
298 2064
298 646
299 737
299 972
300 1155
300 440
301 811
302 442
303 1325
303 1873
304 586
304 740
304 530
305 307
305 2176
305 2173
306 1976
306 645
307 2176
307 2173
308 922
308 636
309 2151
310 660
311 1155
311 440
312 1804
312 513
313 712
313 1938
314 1911
314 555
315 520
316 1159
317 1405
317 1748
318 759
318 1943
319 388
319 1547
320 2263
320 1161
321 2076
321 1679
322 443
323 723
323 1214
324 2158
324 979
324 881
325 469
325 1474
326 2176
326 2173
327 2247
327 1075
328 539
328 1556
329 1411
329 1097
329 1167
330 996
330 1382
330 958
331 1416
332 2176
332 2173
333 1975
333 1306
334 789
335 2218
335 1756
336 1356
336 2263
337 1102
337 402
338 1940
338 764
339 2246
339 1976
340 1201
341 1560
341 859
341 1287
342 789
343 480
343 1621
344 1758
345 941
345 1261
345 989
346 944
346 1939
347 1155
347 440
348 1710
348 1713
348 469
349 2123
349 656
350 483
350 584
350 1658
351 1714
352 595
352 745
353 955
353 1357
354 1089
354 1220
355 2058
355 1912
356 367
356 1726
357 2249
358 2026
358 1374
359 1878
359 1914
360 2249
360 1454
361 747
361 1278
362 1866
362 1858
363 1976
363 2263
364 876
364 1142
364 544
365 1190
365 2260
365 380
366 2225
366 897
367 487
368 835
368 1143
368 2001
369 384
369 1402
370 1409
370 1569
371 1989
372 1939
372 652
373 699
373 1321
374 551
375 1043
375 1271
376 1190
376 2260
376 380
377 388
377 1547
378 683
378 2246
379 1743
379 833
380 1190
380 2260
381 1560
381 859
381 1287
382 1846
382 944
383 589
383 1714
384 1560
384 859
384 1287
385 1761
385 1423
387 2077
388 956
388 2192
389 1939
389 2093
390 1159
391 2177
391 1923
391 393
392 664
392 1648
393 2177
394 904
394 636
395 663
395 929
395 902
396 1333
397 1064
397 1131
397 1053
398 1325
398 1873
399 969
400 941
400 1261
400 989
401 1158
401 1651
402 1102
403 2065
404 1968
404 2186
405 535
405 1531
405 469
406 1622
407 467
407 2028
408 1178
408 1504
409 1688
409 925
410 586
410 740
410 530
411 721
411 1256
412 1860
412 1641
413 2143
413 2065
414 2039
414 1240
414 644
415 657
415 2230
416 1320
416 483
417 712
417 1938
418 586
418 740
418 530
419 1921
420 748
420 2240
420 1604
421 2018
421 1354
422 1733
423 760
424 503
424 1638
424 2203
425 1183
425 1269
426 588
426 1101
426 1283
427 2112
427 1601
428 2039
428 1240
428 644
429 2263
429 842
430 931
430 450
430 1212
431 1125
431 1428
431 815
432 850
432 1406
433 1948
433 1625
433 2006
434 1986
434 528
435 837
435 1505
436 518
436 957
437 905
437 724
437 577
438 1857
440 1155
441 1590
442 1201
443 699
443 2223
444 1979
444 1105
445 1688
445 925
446 2265
446 2139
447 721
447 1256
448 2007
448 1180
449 743
449 2184
450 931
450 1212
451 1560
451 859
451 1287
452 712
452 1938
453 1448
453 1017
454 921
454 482
455 2226
455 1720
456 2263
456 1976
457 1449
457 1710
457 2243
458 663
458 929
458 902
459 1939
459 1976
460 1584
460 908
461 588
461 1101
461 1283
462 1591
463 712
463 1938
464 663
464 929
464 902
465 1152
466 1160
466 910
466 1059
467 2028
468 634
469 632
469 1474
470 1204
471 2106
471 973
472 1611
473 1688
473 925
474 768
474 711
475 1547
475 956
476 831
476 633
476 705
477 586
477 740
477 530
478 1383
478 1488
479 660
480 1912
481 1171
481 1718
482 921
483 1939
484 1590
485 853
485 1889
486 1688
486 925
488 1747
488 1478
488 894
489 1171
489 1718
490 1976
490 1939
491 1708
492 941
492 1261
492 989
493 712
493 1938
494 739
494 1658
495 1968
495 936
496 1856
496 1238
497 1384
497 1284
498 1986
498 591
498 1320
499 1325
499 1873
500 1857
501 789
502 1325
502 1873
503 1638
503 2203
504 1103
504 1895
505 2122
506 781
506 1915
507 1804
507 513
508 1560
508 859
508 1287
509 2249
509 1454
510 909
510 1987
510 1150
511 676
511 776
511 1974
512 1241
512 794
513 1560
513 859
513 1287
514 1824
514 2058
515 660
515 1875
516 1891
516 1525
516 1169
517 1449
517 1710
517 2243
518 957
519 1983
519 1274
519 1951
520 1917
520 1799
521 712
521 1938
522 693
522 1198
523 712
523 1938
524 2176
524 2173
525 789
526 1740
526 800
527 2041
528 1986
529 1249
529 1153
529 1363
530 586
530 740
531 1187
532 789
534 1282
534 1337
534 1049
535 560
535 1055
535 1252
536 1976
536 2234
537 2044
537 1123
537 1135
538 1848
538 984
538 937
539 1556
540 1575
540 1998
541 1563
541 1742
542 1688
542 925
543 1655
543 1930
544 876
544 1142
545 1325
545 1873
546 1741
546 1976
547 1710
547 1713
548 1155
549 2165
549 1535
550 1159
551 620
552 915
552 935
553 712
553 1938
554 1325
554 1873
555 1847
555 1911
556 1288
556 1000
557 1159
558 1155
559 738
559 1985
559 591
560 1190
560 2260
561 1779
562 731
562 1275
563 712
563 1938
564 1857
565 1531
566 1325
566 1873
567 1522
567 1777
568 1078
568 1272
569 1201
570 1688
570 925
571 739
571 1658
572 2134
572 956
573 712
573 1938
574 2071
574 1795
575 857
576 2013
576 1011
577 905
577 724
578 747
578 1278
579 781
579 1915
580 1939
580 1976
581 1152
582 2111
582 1030
583 789
584 1976
584 2249
585 1403
586 740
587 835
588 1101
588 1283
589 1714
590 712
590 1938
591 1474
592 1160
592 910
592 1059
593 1416
594 1325
594 1873
595 1741
595 2263
596 634
597 1857
598 1155
599 789
600 2151
601 1897
602 609
603 707
603 1907
604 1520
604 845
605 886
605 2121
605 1691
606 2186
607 1101
607 1283
608 706
608 1019
611 1688
611 925
612 853
612 1889
613 1404
614 687
614 2190
615 2021
615 1009
616 1265
617 740
618 2218
618 1756
620 760
620 1569
621 2092
621 720
622 1346
622 2211
623 1831
623 1191
623 1624
624 2014
624 635
625 740
626 1939
626 1447
627 789
628 803
628 1451
629 2007
629 1180
630 1134
630 1381
631 1330
631 2069
632 1474
633 1402
635 2014
636 904
637 2179
638 1225
638 1911
639 1857
640 1743
640 2069
641 2273
642 1190
642 2260
643 1286
643 2249
644 1003
644 1798
644 2256
645 1976
646 2064
647 1201
647 1343
648 2176
648 2173
649 1402
649 959
650 1976
650 1356
651 663
651 929
651 902
652 1976
652 1939
653 931
653 2129
653 1245
654 1003
654 1798
654 2256
655 1303
656 2123
657 2230
658 2143
658 2065
659 1688
659 925
660 2158
661 2111
661 1030
662 1913
662 2054
663 929
663 902
664 1648
665 1308
665 838
667 789
668 1851
668 1424
669 2179
669 1334
670 1155
671 1939
671 985
672 1155
673 1325
673 1873
674 1741
674 1976
675 1393
675 1677
675 713
676 1974
677 892
677 2166
678 738
678 1985
679 1749
679 1138
680 1003
680 1798
680 2256
681 1325
681 1873
682 1460
682 1964
683 2097
683 2159
684 1122
684 1939
685 1325
685 1873
686 1688
686 925
687 1400
687 1077
688 789
689 906
690 2176
690 2173
691 1159
692 2158
693 1198
694 2012
694 2221
695 1804
696 1325
696 1873
697 1254
697 1256
698 1190
698 2260
699 1321
699 2134
700 1945
701 2076
701 1679
702 906
703 1971
703 1037
704 712
704 1938
705 1190
705 2260
706 1019
707 1907
709 1370
709 1145
710 858
710 1534
711 1356
712 1938
713 1393
713 1677
714 789
715 1325
715 1873
716 1740
716 800
717 1957
717 2096
718 740
719 2065
719 1846
720 1656
721 1256
722 1560
722 859
722 1287
723 1214
724 905
725 1125
725 1428
725 815
726 1859
726 2019
727 1939
727 2263
728 1293
728 1930
729 1804
730 2064
731 1853
731 1266
732 789
733 1591
734 2044
734 1123
734 1135
735 1665
735 1939
735 1644
736 1845
736 754
737 972
738 1356
738 2047
739 1658
741 1446
741 1292
742 2138
743 1003
743 1798
743 2256
744 1094
744 956
746 797
746 2172
747 1278
748 2240
748 1604
749 2064
750 1902
750 1330
751 2187
751 1435
752 1938
754 1845
755 760
756 1638
756 2203
758 1911
758 1803
759 2161
760 1547
760 2221
761 1474
761 1854
763 1846
763 928
764 1940
764 2172
766 1639
766 1581
767 930
767 1401
769 1601
770 929
770 902
771 1538
771 1887
772 941
772 1261
772 989
773 1938
774 1640
775 1664
775 1980
776 2249
776 1741
777 857
778 1824
778 2058
779 1582
779 1649
780 957
781 1915
782 1206
782 2038
783 1185
783 1201
784 2044
784 1123
784 1135
785 1560
785 859
785 1287
786 1591
786 1939
787 1249
787 1153
787 1363
788 1165
788 2053
790 1688
790 925
791 1961
791 1912
792 1638
792 2203
794 1241
795 1522
795 1777
796 1278
797 1940
797 2172
798 1911
799 1393
799 1677
800 1740
801 1938
802 1325
802 1873
803 1638
803 2203
804 1939
804 1976
805 1325
805 1873
806 2263
806 1976
807 2071
807 1795
808 1495
809 1951
809 1274
810 1804
810 869
812 1325
812 1873
813 850
813 977
814 1443
814 1635
814 1869
815 1125
815 1428
816 2263
816 1741
817 893
817 1626
818 1403
819 1638
819 2203
820 1901
820 2226
821 1746
821 1336
821 1483
822 1843
822 1199
824 1325
824 1873
825 1560
825 859
825 1287
826 2263
826 1976
827 2186
828 2176
828 2173
829 1569
829 2192
831 1190
831 2260
832 1212
832 1926
833 1743
833 2069
834 2032
834 1690
834 849
835 1143
835 2001
837 1505
838 1308
839 2007
839 1180
840 1003
840 1798
840 2256
841 1321
841 2134
842 2263
842 1976
844 1003
844 1798
844 2256
845 1648
846 1101
846 1283
847 1804
848 1309
848 1607
849 2032
849 1690
850 2105
850 977
851 1688
851 925
852 2151
853 1889
854 1249
854 1153
854 1363
855 1749
855 1660
856 1432
856 1965
856 1273
858 1534
859 1560
859 1287
860 1929
860 878
861 1843
861 1179
862 1564
862 2249
863 1159
864 1688
864 925
865 1976
866 1055
866 1252
867 1748
867 1761
868 1449
868 1710
868 2243
869 1804
870 1425
870 1960
871 1325
871 1873
872 969
873 1915
874 1688
874 925
876 1142
878 1929
879 1974
879 2242
880 1152
881 2177
882 957
882 2233
883 1739
884 1325
884 1873
885 1027
888 1507
888 2084
889 1648
890 1714
891 2201
892 2166
893 1512
894 1747
894 1478
895 1010
895 2068
896 1343
896 1223
897 2134
898 1526
899 1486
900 2175
900 2221
901 1231
901 1937
902 929
903 1986
903 1320
904 1184
907 1155
908 1584
909 1987
909 1150
910 1059
910 954
911 1325
911 1873
912 1857
913 1951
913 1274
914 1277
916 2164
916 1087
917 1942
918 1393
918 1677
919 1866
919 1858
920 1159
921 2177
922 1727
923 1911
923 2151
924 1932
925 969
926 2248
926 1226
926 1993
928 1052
928 2195
930 1401
931 1846
931 944
933 1837
934 2263
934 1976
935 1414
935 2175
936 2030
937 1848
937 984
938 2079
939 2249
939 1062
940 1648
941 1261
941 989
942 2064
943 1346
943 1356
944 2194
944 1846
946 1191
946 1939
946 1091
947 974
948 2018
948 2116
949 2030
950 1261
950 989
951 1291
952 1206
952 2038
954 1674
955 971
955 1829
955 1593
956 1569
958 996
958 1382
959 1402
960 1187
962 2236
964 2263
964 1939
965 2172
966 1915
967 1983
967 1274
967 1951
968 1325
968 1873
970 1569
971 1829
971 1593
973 2106
974 2249
975 1010
976 1159
977 2105
978 1590
979 2030
980 2007
980 1180
981 2176
981 2173
982 1393
982 1677
984 1848
985 1939
986 1857
987 1804
988 2199
988 1251
988 1618
989 1261
990 2248
990 1226
990 1993
991 1101
991 2002
992 1940
993 2192
994 1578
994 2260
995 1987
995 1150
996 1382
997 1938
998 1857
999 1942
1000 1288
1001 2176
1001 2173
1002 1159
1003 1798
1003 2256
1004 1875
1004 1480
1005 1912
1005 1923
1006 1938
1007 1161
1007 2130
1008 1976
1008 2154
1009 2021
1010 2068
1011 1495
1011 1303
1012 2069
1013 1321
1013 2134
1014 1932
1016 1958
1017 1980
1017 2197
1018 1739
1020 1624
1020 1976
1021 2252
1021 1218
1022 1325
1022 1873
1023 2192
1024 1591
1025 1648
1028 1938
1029 1249
1029 1153
1029 1363
1030 2111
1031 1673
1032 1202
1032 2260
1033 1912
1034 1536
1035 1703
1035 1939
1036 1688
1037 1971
1038 1819
1038 1126
1038 1542
1039 1968
1039 2186
1040 1866
1040 1858
1041 1857
1042 1938
1043 1271
1044 1161
1045 1656
1045 2245
1046 1134
1046 1381
1047 1819
1047 1126
1047 1542
1048 1325
1048 1873
1049 1282
1049 1337
1051 1688
1052 1384
1052 1284
1053 1064
1053 1131
1054 2263
1054 1939
1055 1190
1055 2260
1056 1425
1056 1960
1058 1560
1058 1287
1059 1147
1060 1393
1060 1677
1061 2134
1061 1535
1062 1400
1063 1976
1063 1909
1064 1131
1065 1648
1066 1187
1067 1819
1067 1126
1067 1542
1068 1369
1068 2174
1069 1688
1070 1534
1071 1819
1071 1126
1071 1542
1072 1937
1072 1668
1074 1218
1075 2247
1076 1325
1076 1873
1077 1400
1078 1272
1079 1648
1080 1648
1081 2249
1081 1976
1082 1325
1082 1873
1083 2076
1083 1679
1084 1710
1085 1814
1085 1152
1086 1510
1086 1188
1087 2164
1089 1220
1090 1152
1091 1191
1091 1939
1094 2042
1094 2175
1095 1166
1096 2196
1096 1345
1097 1411
1097 1167
1098 1846
1099 1477
1100 1938
1101 1283
1102 2111
1103 1895
1104 1530
1105 1979
1106 1708
1107 2176
1107 2173
1108 1560
1108 1287
1109 1384
1109 1284
1111 1303
1111 1495
1112 1602
1112 1687
1112 1772
1113 1834
1113 1702
1114 1939
1114 1967
1115 1202
1115 1594
1116 1708
1117 1613
1118 1635
1118 1281
1119 1325
1119 1873
1120 1710
1120 1713
1121 1224
1122 1841
1123 2044
1123 1135
1124 1974
1125 1428
1126 1819
1126 1542
1127 2134
1129 1560
1129 1287
1130 1960
1132 1976
1132 1939
1133 1449
1133 1710
1133 2243
1134 1848
1135 2044
1136 1818
1137 2019
1138 2249
1138 2009
1139 1857
1141 1789
1142 1939
1143 2001
1144 2151
1145 1370
1146 2176
1146 2173
1147 1674
1148 1325
1148 1873
1149 1939
1149 1356
1150 1987
1151 2110
1151 1939
1152 1912
1153 1249
1153 1363
1154 1951
1154 1946
1156 1843
1156 2138
1158 1651
1160 1819
1160 1542
1161 1611
1161 2130
1162 1961
1162 1714
1163 1976
1163 1741
1164 1739
1164 2174
1165 2053
1167 1411
1168 1939
1169 1891
1169 1525
1170 1714
1171 1718
1172 1393
1172 1677
1173 1471
1173 1643
1174 1382
1176 1520
1177 1561
1178 1425
1178 1960
1179 1911
1179 1847
1180 2007
1181 1878
1181 1914
1182 1325
1182 1873
1183 1269
1186 1301
1186 1577
1188 1510
1189 1665
1189 1939
1189 1644
1190 2260
1191 1939
1192 1417
1193 1560
1193 1287
1195 2007
1198 1939
1198 2249
1199 1843
1200 2240
1200 1664
1202 1741
1202 2263
1203 1332
1203 1789
1204 2065
1204 1897
1205 1846
1206 2038
1207 1531
1208 1938
1209 1270
1209 2118
1210 1449
1210 1710
1210 2243
1212 1926
1213 2019
1215 1786
1215 1511
1216 1819
1216 1542
1217 1325
1217 1873
1218 2252
1219 2247
1221 2092
1222 1911
1223 1343
1224 2223
1225 1847
1225 1911
1226 2248
1226 1993
1227 1710
1227 1713
1228 1325
1228 1873
1230 1276
1230 2254
1231 1937
1232 1569
1233 1939
1233 2249
1234 2099
1234 1515
1235 1602
1235 1687
1235 1772
1236 1798
1236 2256
1237 1714
1238 1856
1239 1638
1239 2203
1240 1482
1240 1394
1241 1961
1242 1971
1243 1938
1244 1976
1245 1846
1246 1560
1246 1287
1247 1321
1247 2134
1248 1937
1248 1259
1249 1363
1250 1648
1251 2199
1251 1618
1252 1686
1253 1640
1254 1256
1255 1309
1255 1607
1257 1725
1257 2264
1259 1939
1259 1741
1260 1938
1262 1714
1263 1569
1263 1538
1264 1325
1264 1873
1265 2197
1265 1980
1266 1275
1266 1853
1267 1325
1267 1873
1268 2221
1268 2053
1270 2118
1273 1432
1273 1965
1274 2263
1274 1976
1275 1853
1276 2254
1279 1325
1279 1873
1280 1741
1280 1933
1281 1974
1281 1939
1282 1337
1284 1384
1285 1918
1286 2249
1287 1560
1288 2177
1290 1939
1290 1724
1291 2177
1292 1560
1293 1955
1293 2272
1294 1682
1295 1898
1296 2071
1296 1795
1297 1853
1297 1761
1298 1740
1299 1853
1300 1779
1301 1937
1301 1668
1302 1871
1302 2021
1303 2221
1304 2260
1304 1976
1304 2263
1305 1602
1305 1687
1305 1772
1306 2172
1309 1607
1310 1612
1310 1479
1312 2256
1312 1939
1313 1356
1314 1560
1315 2249
1315 1741
1317 1449
1317 1710
1317 2243
1320 2232
1321 2134
1323 1688
1324 2118
1325 1873
1326 1912
1327 1828
1328 1560
1329 2263
1329 1939
1330 1743
1330 2069
1331 1692
1331 2078
1332 1789
1333 1741
1333 1976
1334 2179
1335 1638
1335 2203
1336 1873
1338 2038
1339 2058
1340 1714
1341 2042
1342 2229
1344 1569
1345 2227
1346 2211
1346 1356
1347 1912
1348 2176
1348 2173
1349 1747
1349 1478
1350 1939
1353 1938
1354 2018
1355 1386
1355 1552
1356 1860
1356 2246
1357 2064
1357 1939
1359 2197
1360 2076
1360 1679
1362 1626
1365 1798
1365 2256
1367 1406
1367 1396
1368 1873
1369 1714
1369 1912
1372 2171
1372 2172
1372 1952
1373 1449
1373 1710
1373 2243
1374 2026
1375 1986
1376 2121
1376 1691
1377 1688
1377 2047
1378 1873
1379 1560
1380 2026
1381 1574
1382 1777
1382 2186
1383 1902
1384 1976
1384 2260
1385 1560
1386 1552
1387 1976
1387 2154
1388 1526
1388 1431
1389 1614
1390 1949
1390 2122
1391 1911
1392 1959
1392 1583
1393 1677
1394 1482
1395 1638
1395 2203
1396 1954
1396 2008
1397 1593
1399 1891
1399 1525
1404 2263
1404 1976
1405 1748
1406 1939
1408 2094
1408 2246
1410 2041
1410 2072
1412 1939
1413 1688
1414 2175
1415 1939
1415 2149
1418 1786
1418 1511
1419 2175
1424 1851
1426 1456
1427 2197
1427 1980
1429 1700
1429 1985
1430 1432
1430 1965
1431 1526
1432 1965
1433 1873
1436 2176
1436 2173
1441 1974
1443 1635
1443 1869
1445 1526
1446 1560
1447 1939
1448 2240
1448 1604
1449 1710
1449 2243
1451 2088
1451 2039
1452 2058
1452 1923
1454 1939
1454 2249
1455 1665
1455 1939
1455 1644
1456 2164
1457 1843
1458 1976
1459 1718
1459 1693
1460 1964
1461 1873
1462 1989
1462 2263
1463 1862
1463 2174
1464 1819
1464 1542
1466 2030
1467 1582
1467 1649
1468 1798
1468 2256
1469 1769
1469 2260
1470 1873
1471 2065
1472 2044
1473 1598
1474 1939
1475 1986
1476 1714
1477 1698
1478 1747
1479 1554
1480 1875
1481 1873
1482 2263
1482 1976
1483 1873
1484 1779
1486 1543
1487 1937
1488 2069
1488 1743
1489 1708
1490 2021
1490 1793
1491 1710
1491 2243
1492 1569
1493 1708
1496 1857
1497 2263
1497 1976
1498 1710
1498 1713
1499 1714
1499 2119
1500 1846
1501 2032
1501 1690
1506 1688
1507 2084
1508 2039
1509 1873
1510 1547
1510 1918
1511 1786
1512 2113
1513 1938
1515 2099
1516 1983
1516 2071
1519 1688
1521 1938
1522 1777
1523 1866
1523 1858
1525 1891
1527 1939
1527 2234
1528 1747
1529 2263
1529 2130
1532 1547
1532 1925
1535 2165
1536 2261
1538 1569
1539 2187
1540 1873
1541 1938
1542 1819
1543 1692
1544 1582
1544 2110
1546 1857
1547 2221
1548 1710
1548 2243
1549 2249
1549 1939
1551 2176
1551 2173
1552 1939
1553 1737
1554 1911
1554 1612
1557 2192
1557 1750
1558 1729
1558 2043
1559 1740
1561 1939
1561 1974
1562 1688
1563 1742
1564 2249
1566 1710
1566 2243
1568 1741
1568 1976
1569 2221
1570 1758
1572 1983
1572 1951
1575 1998
1576 2007
1577 1939
1577 1976
1578 2260
1579 2088
1579 2256
1581 1639
1582 1649
1583 1959
1587 1938
1588 2176
1588 2173
1589 1775
1591 1939
1592 1911
1592 1924
1593 1829
1596 1923
1596 2058
1597 1939
1597 2243
1598 1911
1599 1895
1600 1942
1600 1939
1602 1687
1602 1772
1603 1911
1603 1847
1604 2240
1605 1710
1605 2243
1606 2223
1608 1819
1610 1741
1610 2263
1611 2130
1612 1776
1615 1714
1615 2183
1616 2031
1616 1741
1617 2211
1617 1838
1618 2199
1619 1891
1620 1878
1620 1914
1621 1640
1621 1912
1622 2192
1623 1939
1624 1939
1625 1948
1625 2006
1626 1761
1627 1873
1628 1758
1630 1666
1631 1939
1631 2227
1635 1869
1636 1665
1636 1939
1636 1644
1637 1873
1638 2203
1639 1912
1640 1714
1641 1860
1642 1873
1644 1665
1644 1939
1645 1873
1646 1749
1650 1938
1651 2064
1651 1939
1652 1795
1652 1939
1653 2203
1654 2226
1654 1901
1655 1955
1655 2272
1656 2175
1658 2249
1659 1688
1660 1976
1660 2263
1661 1847
1661 1911
1662 1713
1663 2220
1664 1980
1664 2197
1665 1976
1665 1939
1667 1991
1668 1937
1669 1932
1669 1741
1670 1697
1670 2081
1671 1899
1672 1819
1674 1976
1677 1911
1678 1771
1678 2260
1679 2076
1680 2030
1680 1903
1681 1873
1682 1976
1684 1976
1684 2263
1685 2064
1687 1772
1688 2047
1690 2032
1691 2121
1692 1911
1693 1980
1693 2197
1697 2081
1701 2176
1701 2173
1702 1834
1703 1939
1704 1741
1704 2246
1706 1741
1707 2248
1707 1993
1710 2243
1711 1939
1711 1818
1712 1976
1712 2246
1713 2263
1713 2246
1714 2030
1716 2095
1717 2186
1718 1980
1718 2197
1719 1873
1720 1847
1720 1911
1721 1940
1721 2180
1723 1938
1724 2207
1724 1939
1725 2264
1727 2122
1729 1986
1731 2042
1732 1879
1732 1928
1733 2030
1734 1798
1734 2256
1738 2243
1741 2263
1741 1976
1743 2069
1745 2177
1746 1873
1748 1761
1749 2260
1752 1939
1754 2175
1754 2204
1755 1891
1756 2218
1759 2138
1763 1953
1764 2194
1764 2098
1766 1938
1767 2243
1768 2176
1768 2173
1769 2260
1771 1951
1771 1889
1775 2231
1775 2020
1776 1911
1777 2186
1777 2158
1778 1911
1778 2138
1780 1857
1781 1986
1783 1938
1784 2076
1788 1968
1789 1932
1789 1939
1791 2243
1792 2071
1792 1795
1793 1976
1793 2021
1794 1976
1795 2071
1796 1819
1798 2256
1799 2212
1799 2246
1803 1847
1803 1911
1805 2058
1805 2075
1807 1873
1809 1971
1812 2240
1813 1834
1814 2030
1815 2246
1818 1939
1821 1873
1824 2058
1825 1873
1827 2177
1828 1939
1829 1939
1831 1939
1832 1848
1832 2253
1833 2256
1834 1939
1834 2249
1835 2190
1836 1841
1839 2219
1841 1939
1842 1938
1843 1847
1843 1911
1844 1986
1844 1939
1846 2194
1847 1911
1849 1939
1852 2176
1852 2173
1854 1976
1854 2249
1856 2197
1858 1866
1860 2246
1861 2060
1862 2174
1863 1976
1864 1911
1865 1953
1866 1976
1866 2246
1868 2140
1871 1976
1874 2248
1874 1993
1875 1968
1876 2265
1877 2113
1878 1914
1879 1928
1880 2175
1881 2256
1882 2007
1884 2021
1885 2067
1887 2223
1887 2192
1889 1976
1889 1939
1892 1984
1894 2032
1895 2192
1899 2201
1901 1911
1903 2118
1905 1911
1907 1976
1907 1939
1909 2263
1912 2179
1913 2054
1916 2201
1917 2276
1920 1921
1925 2175
1927 2176
1927 2173
1932 1939
1934 1938
1936 2030
1937 2263
1939 1976
1942 2246
1944 2064
1945 2246
1946 1951
1948 2006
1955 2272
1956 1976
1957 2099
1964 2123
1966 2067
1970 2045
1973 2243
1976 2263
1979 2071
1980 2197
1982 2199
1983 2263
1984 2177
1986 2249
1988 2225
1989 2263
1990 2064
1991 2130
1993 2248
1996 2256
1997 2260
1999 2258
1999 2193
2000 2032
2009 2043
2009 2249
2012 2221
2021 2249
2022 2226
2027 2179
2028 2043
2028 2249
2031 2263
2035 2217
2035 2208
2036 2260
2037 2105
2039 2088
2043 2249
2044 2249
2046 2263
2049 2243
2053 2192
2055 2084
2065 2143
2070 2199
2071 2110
2073 2203
2074 2260
2079 2264
2080 2143
2083 2176
2083 2173
2086 2176
2086 2173
2093 2249
2094 2213
2097 2159
2098 2194
2100 2243
2101 2194
2102 2256
2103 2176
2103 2173
2107 2260
2109 2187
2109 2113
2110 2234
2119 2191
2134 2192
2139 2246
2141 2214
2142 2194
2146 2203
2150 2201
2157 2276
2162 2263
2165 2192
2166 2263
2167 2172
2169 2261
2170 2176
2170 2173
2171 2172
2173 2176
2175 2221
2180 2229
2193 2218
2196 2260
2208 2263
2212 2246
2217 2249
2227 2252
2237 2260
2239 2263
2255 2269
2256 2263
2260 2263
