0 2130
0 1044
0 472
0 1611
0 1161
1 1225
1 1847
1 1911
1 2138
1 2226
2 854
2 1029
2 230
2 1153
2 1249
2 1363
3 1601
3 234
3 239
3 769
3 2112
4 1704
4 761
4 1216
4 719
4 1864
5 1843
5 1901
5 1911
5 1847
5 1803
6 1006
6 712
6 1938
6 1028
6 274
6 261
7 1496
7 1356
7 257
7 176
7 564
7 986
8 2094
8 2159
8 2246
8 1402
8 633
9 1373
9 517
9 1710
9 1449
9 2243
10 1538
10 70
10 1220
10 2236
10 551
11 1434
11 1183
11 244
11 1270
11 2118
12 1989
12 371
12 1976
12 2003
12 179
13 1729
13 2249
13 407
13 467
13 2028
14 1055
14 1749
14 1623
14 249
14 633
14 959
15 2234
15 1939
15 1976
15 602
15 609
16 2018
16 421
16 1354
16 948
16 2116
17 2249
17 777
17 295
17 857
17 575
18 1939
18 2263
18 1976
18 2061
18 1741
19 1696
19 399
19 1688
19 398
19 1686
19 925
20 554
20 1325
20 202
20 201
20 200
20 1873
21 2232
21 416
21 120
21 483
21 584
21 1658
22 1898
22 2199
22 1895
22 296
22 956
23 356
23 1726
23 2208
23 487
23 367
24 1128
24 877
24 718
24 740
24 586
24 530
25 1989
25 371
25 2263
25 1462
25 195
26 102
26 668
26 1846
26 1010
26 110
27 651
27 663
27 929
27 395
27 1229
27 902
28 2187
28 1877
28 1512
28 95
28 115
29 757
29 1693
29 885
29 1027
29 108
30 2249
30 158
30 615
30 2021
30 1009
31 908
31 1628
31 1570
31 1758
31 235
32 1674
32 2089
32 1055
32 1662
32 1713
33 2263
33 1976
33 1356
33 2195
33 1462
34 554
34 1325
34 202
34 201
34 200
34 1873
35 1143
35 2001
35 141
35 835
35 94
36 2112
36 769
36 1601
36 1708
36 491
37 1707
37 990
37 1226
37 2248
37 1993
38 1488
38 1902
38 1383
38 640
38 51
39 2246
39 1419
39 1556
39 2079
39 938
40 58
40 723
40 2144
40 1214
40 323
41 79
41 793
41 583
41 789
41 75
41 334
42 1696
42 399
42 1688
42 398
42 1686
42 925
43 554
43 1325
43 202
43 201
43 200
43 1873
44 1639
44 890
44 141
44 484
44 242
44 1590
45 220
45 1931
45 541
45 1563
45 1742
46 1755
46 1891
46 2229
46 1399
46 1680
47 1373
47 517
47 1710
47 1449
47 2243
48 1006
48 712
48 1938
48 1028
48 274
48 261
49 1373
49 517
49 1710
49 1449
49 2243
50 2138
50 1720
50 1911
50 1661
50 1847
51 1488
51 1902
51 1383
51 640
52 2030
52 890
52 220
52 1187
52 1912
53 1322
53 319
53 377
53 1547
53 388
54 845
54 2051
54 664
54 392
54 1648
55 705
55 365
55 1190
55 698
55 2260
55 380
56 454
56 1522
56 2081
56 940
56 183
56 589
57 1882
57 629
57 980
57 2007
57 1180
58 723
58 2144
58 1214
58 323
59 1128
59 877
59 718
59 740
59 586
59 530
60 1152
60 1714
60 1912
60 220
60 2030
61 1696
61 399
61 1688
61 398
61 1686
61 925
62 1841
62 750
62 1902
62 1383
62 631
63 317
63 111
63 113
63 77
63 656
63 2123
64 554
64 1325
64 202
64 201
64 200
64 1873
65 1128
65 877
65 718
65 740
65 586
65 530
66 813
66 850
66 1406
66 977
66 2105
67 146
67 175
67 293
67 1463
67 533
68 844
68 1365
68 133
68 1003
68 1798
68 2256
69 1939
69 2249
69 1976
69 1233
70 1321
70 1303
70 1547
70 1569
70 2192
71 2151
71 1911
71 227
71 1778
71 1144
72 2031
72 1695
72 292
72 859
72 1560
72 1287
73 2208
73 2071
73 1866
73 2181
73 776
74 2123
74 1748
74 1460
74 682
74 1964
75 79
75 793
75 583
75 789
75 334
76 1912
76 2030
76 220
76 531
76 218
77 2014
77 2123
77 1748
77 867
77 1761
78 1843
78 1507
78 1720
78 820
78 2226
79 793
79 583
79 789
79 334
80 1901
80 1847
80 555
80 281
80 1911
81 1685
81 730
81 1944
81 2064
81 646
81 173
82 279
82 2106
82 1053
82 973
82 1351
83 138
83 1708
83 1643
83 1092
83 1245
84 2079
84 1953
84 1763
84 1865
84 938
85 2057
85 1737
85 1911
85 2250
85 600
86 1108
86 1385
86 613
86 1404
87 1595
87 738
87 1296
87 446
87 1939
88 2165
88 1899
88 2150
88 891
88 2201
89 890
89 1714
89 774
89 1663
89 2220
90 105
90 468
90 203
90 634
90 1692
91 2065
91 270
91 2072
91 470
91 403
92 1797
92 2263
92 1939
92 1333
92 396
93 1831
93 804
93 946
93 1158
93 1815
94 1143
94 2001
94 141
94 835
95 1512
95 1435
95 2113
95 115
96 1952
96 1502
96 737
96 338
96 972
97 1445
97 442
97 1201
97 302
97 2077
98 2031
98 1695
98 292
98 859
98 1560
98 1287
99 1931
99 220
99 951
99 1291
99 960
100 1038
100 1464
100 1819
100 1796
100 1126
100 1542
101 793
101 583
101 789
101 334
102 931
102 658
102 2143
102 2080
102 2065
103 554
103 1325
103 202
103 201
103 200
103 1873
104 595
104 1794
104 2162
104 842
104 939
105 1911
105 447
105 721
105 1256
105 411
106 1812
106 706
106 1939
106 608
106 1019
107 2151
107 600
107 309
107 2138
107 1778
108 2268
108 1027
108 1693
108 885
109 461
109 1816
109 1773
109 1101
109 588
109 1283
110 1851
110 668
110 1764
110 2194
110 2098
111 867
111 1423
111 221
111 297
111 1196
112 2031
112 1695
112 292
112 859
112 1560
112 1287
113 2123
113 317
113 1853
113 187
113 1266
114 591
114 469
114 632
114 1474
114 939
115 1435
115 1877
115 1512
116 1128
116 877
116 718
116 740
116 586
116 530
117 1660
117 2246
117 1741
117 1976
117 2263
118 854
118 1029
118 230
118 1153
118 1249
118 1363
119 237
119 1403
119 811
119 818
119 301
120 494
120 1658
120 1482
120 2249
120 584
121 1923
121 927
121 619
121 386
121 214
122 1565
122 2263
122 1989
122 1462
122 1356
123 1670
123 636
123 1697
123 1931
123 2228
124 1974
124 1244
124 1976
124 645
124 306
125 1939
125 1741
125 593
125 1416
125 331
126 2065
126 270
126 1204
126 1277
126 914
127 1299
127 1853
127 1266
127 731
128 275
128 1181
128 1878
128 359
128 1914
129 1490
129 1525
129 1711
129 1136
129 1818
130 1197
130 1800
130 399
130 1802
130 969
131 1411
131 1097
131 258
131 329
131 1167
132 554
132 1325
132 202
132 201
132 200
132 1873
133 844
133 1365
133 1003
133 1798
133 2256
134 793
134 583
134 789
134 334
135 1778
135 742
135 2138
135 172
136 636
136 220
136 1697
136 2081
136 1670
137 751
137 643
137 1095
137 2174
137 1166
138 2112
138 1489
138 491
138 1116
138 1708
139 554
139 1325
139 202
139 201
139 200
139 1873
140 235
140 1758
140 836
140 1570
141 2030
141 1714
141 890
141 2177
141 220
142 2079
142 1953
142 1763
142 1865
142 938
143 1197
143 1800
143 399
143 1802
143 969
144 1128
144 877
144 718
144 740
144 586
144 530
145 238
145 2140
145 2273
145 153
145 641
146 220
146 2174
146 533
146 293
146 175
147 244
147 1183
147 1269
147 1434
147 425
148 883
148 1489
148 1903
148 2214
148 2118
149 966
149 579
149 781
149 506
149 1915
150 513
150 509
150 1652
150 2249
150 180
151 176
151 500
151 269
151 1857
151 438
152 1225
152 436
152 518
152 780
152 957
153 662
153 2140
153 2273
153 1913
153 2054
154 1958
154 1362
155 554
155 1325
155 202
155 201
155 200
155 1873
156 554
156 1325
156 202
156 201
156 200
156 1873
157 784
157 537
157 2044
157 1939
157 1123
157 1135
158 2249
158 615
158 2021
158 1009
159 705
159 365
159 1190
159 698
159 2260
159 380
160 619
160 1666
160 774
160 214
161 2202
161 334
161 520
161 315
161 1823
162 1814
162 1931
162 1633
163 554
163 1325
163 202
163 201
163 200
163 1873
164 992
164 797
164 1940
164 2172
164 764
165 1038
165 1464
165 1819
165 1796
165 1126
165 1542
166 554
166 1325
166 202
166 201
166 200
166 1873
167 1976
167 1381
167 1536
167 538
167 1034
168 922
168 2058
168 890
168 904
168 2030
168 1923
169 1021
169 1425
169 1124
169 870
169 1960
170 1474
170 469
170 999
170 1942
170 917
171 510
171 909
171 1987
171 995
171 1150
172 1778
172 742
172 2138
173 1685
173 730
173 1944
173 2064
173 646
174 2058
174 1640
174 1714
174 2158
174 1912
175 220
175 2174
175 533
175 293
176 500
176 269
176 1857
176 438
177 2031
177 1695
177 292
177 859
177 1560
177 1287
178 1822
178 311
178 907
178 1155
178 252
178 440
179 1989
179 371
179 1976
179 2003
180 513
180 509
180 1652
180 2249
181 1927
181 305
181 2259
181 2176
181 307
181 2173
182 956
182 1895
182 2192
182 2175
182 1599
183 1411
183 1097
183 258
183 329
183 1167
184 559
184 1794
184 1429
184 738
184 1985
184 591
185 705
185 365
185 1190
185 698
185 2260
185 380
186 2246
186 1741
186 1356
186 1674
186 1976
187 1748
187 2014
187 1761
187 867
188 1873
188 1483
188 1719
188 1481
188 2091
188 545
189 1700
189 1954
189 1396
189 2008
189 1985
190 1714
190 1380
190 2026
190 358
190 1374
191 1305
191 1602
191 1687
191 1806
191 1235
191 1772
192 1696
192 399
192 1688
192 398
192 1686
192 925
193 538
193 924
193 1939
193 2246
193 984
194 1762
194 373
194 1398
194 2134
194 443
195 2263
195 1462
195 1976
195 1989
195 371
196 1814
196 1187
196 1152
196 1774
196 220
197 1081
197 1482
197 546
197 1939
197 1976
198 758
198 757
198 778
198 1493
198 1708
199 1128
199 877
199 718
199 740
199 586
199 530
200 554
200 1325
200 202
200 201
200 1873
201 554
201 1325
201 202
201 1873
202 554
202 1325
202 1873
203 1331
203 2078
203 1692
203 468
203 634
204 2203
204 1866
204 2246
204 1741
204 1976
205 636
205 531
205 220
205 949
205 1912
206 1128
206 877
206 718
206 740
206 586
206 530
207 1945
207 1985
207 1753
207 1700
207 1396
208 838
208 753
208 491
208 665
209 2265
209 1876
209 1381
209 446
210 2217
210 1740
210 2249
210 357
210 1732
211 362
211 1523
211 1040
211 1866
211 1858
212 1538
212 1263
212 406
212 241
212 1622
213 1128
213 877
213 718
213 740
213 586
213 530
214 1923
214 927
214 619
214 386
215 1835
215 2237
215 614
215 1838
215 584
216 554
216 1325
216 1873
217 1927
217 305
217 2259
217 2176
217 307
217 2173
218 1912
218 2030
218 220
218 531
219 2276
219 1867
219 1790
219 1141
219 1111
220 2030
220 1912
220 1923
220 2058
220 1714
221 867
221 1423
221 297
221 1196
222 1639
222 890
222 484
222 242
222 1590
223 1756
223 1740
223 449
223 1749
223 467
223 1138
224 2271
224 2251
224 596
224 468
224 634
225 807
225 1296
225 2071
225 574
225 1795
226 1584
226 1570
226 908
226 1758
226 1628
227 2138
227 1911
227 2250
227 2151
227 309
228 516
228 1891
228 1399
228 1525
228 1169
229 1916
229 1300
229 561
229 1484
229 1779
230 854
230 1029
230 1153
230 1249
230 1363
231 1128
231 877
231 718
231 740
231 586
231 530
232 578
232 361
232 747
232 240
232 1278
233 1808
233 1358
233 1983
233 439
233 250
234 1601
234 239
234 769
234 2112
235 908
235 1628
235 1570
235 1758
236 1253
236 268
236 1640
236 1567
237 1626
237 1403
237 1201
237 569
237 818
238 641
238 2140
238 1868
239 769
239 1601
239 2112
239 491
240 578
240 361
240 747
240 1278
241 1538
241 1263
241 406
241 1622
242 1639
242 890
242 484
242 1590
243 1403
243 569
243 1201
243 340
244 1183
244 1269
244 1434
244 425
245 1696
245 399
245 1688
245 398
245 1686
245 925
246 1741
246 1939
246 1976
246 595
246 2263
246 946
247 384
247 1710
247 1713
247 1712
247 1711
247 469
248 1931
248 1824
248 1339
248 1187
249 633
249 1055
249 1997
249 1749
249 1646
250 1808
250 1358
250 1983
250 439
251 333
251 992
251 1318
251 338
251 2171
252 1822
252 311
252 907
252 1155
252 440
253 1239
253 2234
253 1527
253 1939
253 336
254 1538
254 1263
254 1492
254 388
255 2139
255 1939
255 2246
255 1614
255 1389
256 1696
256 399
256 1688
256 398
256 1686
256 925
257 500
257 269
257 1857
257 438
258 1411
258 1097
258 329
258 1167
259 554
259 1325
259 1873
260 845
260 2051
260 664
260 392
260 1648
261 1006
261 712
261 1938
261 1028
261 274
262 1468
262 680
262 850
262 1579
263 899
263 2214
263 1486
263 769
263 2112
264 761
264 2276
264 757
264 758
264 1643
265 1958
265 1489
265 491
265 1116
266 1298
266 1559
266 1740
266 526
266 800
267 1108
267 2031
267 741
267 1446
267 513
267 1292
268 2058
268 1912
268 1253
268 1640
269 500
269 1857
269 438
270 945
270 2065
270 1204
270 1277
270 914
271 844
271 1365
271 1003
271 1798
271 2256
272 456
272 1976
272 1939
272 2246
272 1945
273 1674
273 350
273 347
273 1616
273 1555
274 1006
274 712
274 1938
274 1028
275 1181
275 1878
275 359
275 1914
276 1184
276 1152
276 886
276 890
276 1714
277 1192
277 2261
277 2147
277 280
277 1417
278 651
278 663
278 929
278 395
278 1229
278 902
279 1635
279 1064
279 397
279 1131
279 1053
280 1192
280 2261
280 2147
280 1417
281 1901
281 1847
281 555
281 1911
282 469
282 632
282 2008
282 1474
282 1686
283 554
283 1325
283 1873
284 1298
284 1559
284 1740
284 526
284 800
285 1055
285 2074
285 1578
285 2260
286 1939
286 1024
286 733
286 1591
286 462
287 1406
287 2037
287 449
287 1286
287 850
287 2105
288 560
288 2074
288 380
288 698
288 2237
289 1713
289 352
289 1384
289 2087
289 2089
290 1421
290 1870
290 316
290 1440
290 1159
291 2031
291 1695
291 292
291 859
291 1560
291 1287
292 2031
292 1695
292 859
292 1560
292 1287
293 2174
293 533
294 844
294 1365
294 1003
294 1798
294 2256
295 2249
295 777
295 857
295 575
296 2221
296 1895
296 1569
296 760
296 2192
297 867
297 1423
297 1196
298 1685
298 730
298 1944
298 2064
298 646
299 1952
299 1502
299 737
299 338
299 972
300 1822
300 311
300 907
300 1155
300 440
301 1403
301 811
301 818
302 2077
302 2148
302 1201
302 442
303 554
303 1325
303 1873
304 1128
304 877
304 718
304 740
304 586
304 530
305 1927
305 2259
305 2176
305 307
305 2173
306 1974
306 1244
306 1976
306 645
307 1927
307 2259
307 2176
307 2173
308 1845
308 636
308 329
308 922
308 1291
309 1778
309 2138
309 2250
309 2151
310 2158
310 960
310 660
311 1822
311 907
311 1155
311 440
312 1287
312 1108
312 810
312 1804
312 513
313 1006
313 712
313 1938
313 1028
314 1901
314 1847
314 2226
314 1911
314 555
315 2202
315 334
315 520
315 1823
316 1421
316 1870
316 1440
316 1159
317 1275
317 1761
317 867
317 1405
317 1748
318 762
318 758
318 759
318 760
318 1943
319 1322
319 377
319 1547
319 388
320 1333
320 1976
320 1939
320 1161
320 2263
321 1360
321 2076
321 1083
321 701
321 1679
322 1918
322 699
322 1530
322 443
323 723
323 2144
323 1214
324 2030
324 531
324 1875
324 2158
324 979
324 881
325 1518
325 469
325 1686
325 1400
325 1474
326 1927
326 2259
326 2176
326 2173
327 1908
327 1906
327 1219
327 2247
327 1075
328 1598
328 1256
328 539
328 447
328 1556
329 1411
329 1097
329 1167
330 1777
330 1174
330 996
330 1382
330 958
331 1939
331 1741
331 593
331 1416
332 1927
332 2259
332 2176
332 2173
333 2172
333 797
333 1306
333 1940
333 1975
334 793
334 583
334 789
335 2021
335 618
335 2193
335 1756
335 2218
336 2234
336 1989
336 584
336 1356
336 2263
337 2175
337 1102
337 402
338 797
338 2171
338 2167
338 1940
338 764
339 1356
339 2110
339 1741
339 2246
339 1976
340 818
340 1201
340 1403
341 2031
341 1695
341 859
341 1560
341 1287
342 793
342 583
342 789
343 1640
343 1339
343 1824
343 1621
343 480
344 1256
344 1419
344 1758
345 400
345 1976
345 1922
345 941
345 1261
345 989
346 1010
346 2068
346 944
346 1939
346 1764
347 1822
347 907
347 1155
347 440
348 384
348 1710
348 1713
348 1712
348 1711
348 469
349 1748
349 2123
349 656
349 867
350 2232
350 416
350 483
350 584
350 1658
351 2177
351 2030
351 921
351 1714
352 1364
352 2270
352 745
352 595
353 1939
353 971
353 955
353 1829
353 1357
354 2175
354 1895
354 2134
354 1089
354 1220
355 1187
355 531
355 2058
355 1912
356 2208
356 1612
356 367
356 1726
357 2217
357 1740
357 2249
357 1732
358 1714
358 1380
358 2026
358 1374
359 1181
359 1878
359 1914
360 1986
360 2009
360 1665
360 2249
360 1454
361 578
361 747
361 1278
362 1523
362 1040
362 1866
362 1858
363 1939
363 842
363 1741
363 1976
363 2263
364 1976
364 1939
364 876
364 1142
364 544
365 705
365 1190
365 698
365 2260
365 380
366 2013
366 2223
366 1127
366 2225
366 897
367 1780
367 487
368 1714
368 835
368 1143
368 2001
369 1402
369 1736
369 384
370 2192
370 1344
370 956
370 1409
370 1569
371 2263
371 1462
371 1976
371 1989
372 2230
372 1682
372 1939
372 1932
372 652
373 1013
373 2134
373 1321
373 699
374 1918
374 620
374 2236
374 551
375 1917
375 1533
375 1422
375 1043
375 1271
376 705
376 1190
376 698
376 2260
376 380
377 1322
377 1547
377 388
378 850
378 2159
378 683
378 2097
378 2246
379 1383
379 1902
379 1743
379 1841
379 833
380 705
380 1190
380 698
380 2260
381 2031
381 1695
381 859
381 1560
381 1287
382 832
382 2142
382 1846
382 944
382 2194
383 886
383 1912
383 589
383 1714
384 2031
384 1695
384 859
384 1560
384 1287
385 867
385 635
385 1405
385 1761
385 1423
386 1923
386 927
386 619
387 442
387 2148
387 2077
388 2165
388 760
388 2175
388 2192
388 956
389 1831
389 946
389 2249
389 1939
389 2093
390 1421
390 1870
390 1440
390 1159
391 881
391 724
391 2179
391 1923
391 2177
391 393
392 845
392 2051
392 664
392 1648
393 1923
393 2058
393 921
393 2177
394 1814
394 2081
394 636
394 904
395 651
395 663
395 929
395 1229
395 902
396 1797
396 2263
396 1939
396 1333
397 1635
397 1064
397 1131
397 1053
398 554
398 1325
398 1873
399 1197
399 1800
399 1802
399 969
400 1976
400 1922
400 941
400 1261
400 989
401 804
401 1191
401 1158
401 2263
401 1651
402 2175
402 1102
403 945
403 1277
403 2065
404 1814
404 1875
404 1968
404 2186
405 1540
405 1527
405 1529
405 535
405 1531
405 469
406 1538
406 1263
406 1622
407 1729
407 2249
407 467
407 2028
408 536
408 756
408 1178
408 1179
408 1504
409 1696
409 1688
409 1686
409 925
410 1128
410 877
410 718
410 740
410 586
410 530
411 1911
411 447
411 721
411 1256
412 1191
412 1976
412 1939
412 1860
412 1641
413 931
413 658
413 2143
413 2080
413 2065
414 654
414 1508
414 2039
414 428
414 1240
414 644
415 1350
415 1682
415 652
415 657
415 2230
416 1518
416 2102
416 2232
416 1320
416 483
417 1006
417 712
417 1938
417 1028
418 1128
418 877
418 718
418 740
418 586
418 530
419 620
419 2236
419 1921
420 1655
420 1448
420 748
420 2240
420 1604
421 2116
421 948
421 2018
421 1354
422 1097
422 1167
422 1814
422 1733
423 956
423 1322
423 760
424 1239
424 2073
424 819
424 1638
424 503
424 2203
425 1183
425 1269
425 1434
426 461
426 1816
426 1773
426 1101
426 588
426 1283
427 2112
427 1601
427 769
428 654
428 1508
428 2039
428 1240
428 644
429 1741
429 2263
429 842
429 1939
429 1976
430 2067
430 442
430 944
430 450
430 931
430 1212
431 2156
431 725
431 1428
431 1125
431 815
432 2105
432 1286
432 850
432 977
432 1406
433 1948
433 1625
433 2006
434 2249
434 1986
434 1729
434 1781
434 528
435 1976
435 2132
435 1939
435 837
435 1505
436 1225
436 518
436 780
436 957
437 636
437 724
437 905
437 577
438 500
438 1857
439 1808
439 1358
439 1983
440 1822
440 907
440 1155
441 1639
441 890
441 484
441 1590
442 2148
442 1201
443 1321
443 2223
443 699
444 2234
444 779
444 1979
444 1105
445 1696
445 1688
445 1686
445 925
446 1684
446 1350
446 2265
446 2139
447 1911
447 721
447 1256
448 1882
448 629
448 980
448 2007
448 1180
449 1579
449 743
449 844
449 2184
450 2067
450 944
450 931
450 1212
451 2031
451 1695
451 859
451 1560
451 1287
452 1006
452 712
452 1938
452 1028
453 1171
453 1265
453 1448
453 1017
453 1655
454 531
454 660
454 482
454 921
455 1843
455 555
455 1911
455 1720
455 2226
456 1202
456 1939
456 1741
456 2263
456 1976
457 1373
457 517
457 1710
457 1449
457 2243
458 651
458 663
458 929
458 1229
458 902
459 1741
459 1487
459 2263
459 1939
459 1976
460 1570
460 2015
460 908
460 1584
461 1816
461 1773
461 1101
461 588
461 1283
462 1939
462 1024
462 733
462 1591
463 1006
463 712
463 1938
463 1028
464 651
464 663
464 929
464 1229
464 902
465 2030
465 581
465 1187
465 1152
466 592
466 1160
466 910
466 1059
467 1729
467 2249
467 2028
468 1331
468 2078
468 1692
468 634
469 1838
469 939
469 1474
469 632
470 2065
470 945
470 1204
470 1277
471 755
471 973
471 2106
471 1351
472 2130
472 1044
472 1611
472 1161
473 1696
473 1688
473 1686
473 925
474 1723
474 768
474 711
475 760
475 1547
475 956
475 2221
475 1569
476 807
476 698
476 1296
476 831
476 633
476 705
477 1128
477 877
477 718
477 740
477 586
477 530
478 833
478 2069
478 1383
478 1488
478 1902
479 960
479 2177
479 886
479 660
480 514
480 1824
480 778
480 1912
481 1459
481 1693
481 489
481 1171
481 1718
482 531
482 660
482 921
483 2249
483 1939
483 1976
483 1320
484 1639
484 890
484 1590
485 1939
485 1154
485 612
485 853
485 1889
486 1696
486 1688
486 1686
486 925
487 894
487 1479
487 1478
488 1179
488 1349
488 1478
488 1747
488 894
489 1459
489 1693
489 1171
489 1718
490 1741
490 1976
490 1939
490 546
490 2249
491 1489
491 1708
492 1976
492 1922
492 941
492 1261
492 989
493 1006
493 712
493 1938
493 1028
494 584
494 739
494 571
494 1658
495 1004
495 1875
495 1968
495 936
496 1655
496 1171
496 2240
496 1238
496 1856
497 1939
497 1109
497 1052
497 1384
497 1284
498 584
498 1356
498 591
498 1986
498 1320
499 554
499 1325
499 1873
500 1857
501 793
501 583
501 789
502 554
502 1325
502 1873
503 1239
503 2073
503 819
503 1638
503 2203
504 1547
504 2199
504 1103
504 1895
505 1912
505 1152
505 2122
505 637
506 966
506 579
506 781
506 1915
507 1287
507 1108
507 810
507 1804
507 513
508 2031
508 1695
508 859
508 1560
508 1287
509 1986
509 2249
509 1454
509 1976
509 1939
510 909
510 1987
510 995
510 1150
511 2188
511 2253
511 924
511 776
511 676
511 1974
512 958
512 1241
512 794
512 996
512 1174
513 2031
513 1695
513 859
513 1560
513 1287
514 1339
514 1824
514 778
514 2058
515 2058
515 2030
515 1968
515 660
515 1875
516 1891
516 1399
516 1525
516 1169
517 1373
517 1710
517 1449
517 2243
518 1225
518 780
518 957
519 2260
519 1983
519 1274
519 2252
519 1951
520 2246
520 2157
520 2276
520 1799
520 1917
521 1006
521 712
521 1938
521 1028
522 1729
522 2249
522 693
522 1198
523 1006
523 712
523 1938
523 1028
524 1927
524 2259
524 2176
524 2173
525 793
525 583
525 789
526 1298
526 1559
526 1740
526 800
527 914
527 2065
527 2041
528 2249
528 1986
528 1729
528 1781
529 854
529 1029
529 1153
529 1249
529 1363
530 1128
530 877
530 718
530 740
530 586
531 2058
531 1912
531 2179
531 1187
532 793
532 583
532 789
533 2174
534 1751
534 1609
534 1675
534 1337
534 1282
534 1049
535 698
535 544
535 700
535 1055
535 560
535 1252
536 1860
536 2110
536 1356
536 2234
536 1976
537 784
537 2044
537 1939
537 1123
537 1135
538 1932
538 1134
538 984
538 1848
538 937
539 1598
539 1256
539 1556
540 2249
540 1575
540 867
540 1998
541 1931
541 1563
541 1742
542 1696
542 1688
542 1686
542 925
543 1955
543 2272
543 1293
543 1655
543 1930
544 1976
544 1939
544 876
544 1142
545 554
545 1325
545 1873
546 2249
546 2263
546 1976
546 1741
546 1939
547 1710
547 1713
547 1712
547 1711
548 1822
548 907
548 1155
549 760
549 1895
549 2165
549 1535
550 1421
550 1870
550 1440
550 1159
551 2236
551 2185
551 620
552 1089
552 2134
552 1939
552 915
552 935
553 1006
553 712
553 1938
553 1028
554 1325
554 1873
555 1905
555 2226
555 1911
555 1847
555 1803
556 949
556 904
556 1923
556 1288
556 1000
557 1421
557 1870
557 1440
557 1159
558 1822
558 907
558 1155
559 1794
559 1429
559 738
559 1985
559 591
560 705
560 1190
560 698
560 2260
561 1916
561 1300
561 1484
561 1779
562 1853
562 731
562 1275
562 1299
563 1006
563 712
563 1938
563 1028
564 1857
565 1540
565 1527
565 1529
565 1531
566 1325
566 1873
567 1968
567 795
567 1522
567 1777
568 2226
568 1901
568 1514
568 1078
568 1272
569 818
569 1626
569 1403
569 1201
570 1696
570 1688
570 1686
570 925
571 584
571 739
571 1658
572 897
572 956
572 760
572 2192
572 2134
573 1006
573 712
573 1938
573 1028
574 807
574 1296
574 2071
574 1795
575 2249
575 777
575 857
576 1013
576 2013
576 1011
576 962
577 636
577 724
577 905
578 747
578 1278
579 966
579 781
579 1915
580 2263
580 2249
580 1741
580 1939
580 1976
581 2006
581 1640
581 2030
581 1152
582 1232
582 1988
582 661
582 2111
582 1030
583 793
583 789
584 1482
584 2088
584 2217
584 2249
584 1976
585 818
585 1201
585 1403
586 1128
586 877
586 718
586 740
587 1143
587 2001
587 835
588 1816
588 1773
588 1101
588 1283
589 886
589 1912
589 1714
590 1006
590 712
590 1938
590 1028
591 1356
591 939
591 632
591 1474
592 1160
592 910
592 1059
593 1939
593 1741
593 1416
594 1325
594 1873
595 1333
595 1939
595 2263
595 1741
595 1976
596 2271
596 2251
596 634
597 1857
598 1822
598 907
598 1155
599 793
599 789
600 2250
600 2151
600 1737
601 893
601 1897
602 2234
602 1939
602 1976
602 609
603 2249
603 777
603 707
603 1907
604 1772
604 1520
604 951
604 949
604 845
605 1376
605 886
605 2121
605 2153
605 1691
606 936
606 1717
606 1241
606 2186
607 1816
607 1773
607 1101
607 1283
608 1812
608 706
608 1939
608 1019
609 2234
609 1939
609 1976
610 857
610 777
611 1696
611 1688
611 1686
611 925
612 1939
612 1154
612 853
612 1889
613 1108
613 1385
613 1404
614 813
614 977
614 1062
614 687
614 2190
615 2249
615 2021
615 1009
616 1955
616 1265
616 1655
616 1448
617 1128
617 877
617 718
617 740
618 2021
618 2193
618 1756
618 2218
619 1923
619 927
620 1232
620 2175
620 1344
620 760
620 1569
621 1086
621 1221
621 1656
621 720
621 2092
622 2246
622 2211
622 943
622 1356
622 1346
623 1741
623 2260
623 1831
623 1191
623 1624
624 1761
624 1201
624 635
624 2014
624 867
625 1128
625 877
625 718
625 740
626 1838
626 1617
626 1939
626 1447
626 1320
627 793
627 789
628 792
628 1653
628 2146
628 803
628 1451
629 1882
629 980
629 2007
629 1180
630 1848
630 984
630 1134
630 1381
631 833
631 1841
631 1743
631 1330
631 2069
632 1838
632 939
632 1474
633 2213
633 850
633 2246
633 1402
634 1331
634 2078
634 1692
635 1761
635 1201
635 2014
635 867
636 1814
636 1931
636 904
637 1714
637 1912
637 2179
638 2084
638 1905
638 1225
638 1911
639 1857
640 1841
640 1743
640 2069
640 833
640 2249
641 2140
641 2273
642 705
642 1190
642 698
642 2260
643 1516
643 1524
643 993
643 1286
643 2249
644 844
644 1365
644 1003
644 1798
644 2256
645 1974
645 1244
645 1976
646 1685
646 730
646 1944
646 2064
647 893
647 818
647 1201
647 1343
648 1927
648 2259
648 2176
648 2173
649 1997
649 1402
649 959
650 2263
650 1462
650 1976
650 1356
650 1565
651 663
651 929
651 1229
651 902
652 1932
652 2263
652 1741
652 1976
652 1939
653 2068
653 931
653 2129
653 895
653 1010
653 1245
654 844
654 1365
654 1003
654 1798
654 2256
655 2175
655 1530
655 1303
655 2225
656 1748
656 2123
656 867
657 1350
657 1682
657 2230
658 931
658 2143
658 2080
658 2065
659 1696
659 1688
659 1686
659 925
660 921
660 2158
661 1232
661 1988
661 2111
661 1030
662 1868
662 2140
662 1913
662 2054
663 929
663 1229
663 902
664 845
664 2051
664 1648
665 760
665 753
665 838
665 1308
666 2177
666 890
666 1923
667 793
667 789
668 944
668 1846
668 2068
668 1851
668 1424
669 1912
669 2027
669 2179
669 1334
670 1822
670 907
670 1155
671 1306
671 2171
671 737
671 985
671 1939
672 1822
672 907
672 1155
673 1325
673 1873
674 1674
674 1356
674 1741
674 1976
674 1860
675 1172
675 918
675 1060
675 1677
675 1393
675 713
676 1932
676 1974
676 1124
676 924
677 2110
677 1287
677 892
677 2166
677 1129
678 1794
678 1429
678 738
678 1985
679 1756
679 1740
679 1749
679 1138
680 844
680 1365
680 1003
680 1798
680 2256
681 1325
681 1873
682 2123
682 1748
682 1460
682 1964
683 2097
683 2159
684 989
684 1956
684 1132
684 1122
684 1939
685 1325
685 1873
686 1696
686 1688
686 1686
686 925
687 2190
687 1062
687 1400
687 1077
688 793
688 789
689 1236
689 2104
689 743
689 906
690 1927
690 2259
690 2176
690 2173
691 1421
691 1870
691 1440
691 1159
692 1640
692 1912
692 2158
692 2030
693 1729
693 2249
693 1198
694 1303
694 2012
694 2225
694 2221
695 1287
695 1108
695 810
695 1804
696 1325
696 1873
697 1254
697 1256
698 705
698 1190
698 2260
699 1013
699 2134
699 1321
700 1954
700 1429
700 1945
701 1360
701 2076
701 1083
701 1679
702 1236
702 2104
702 743
702 906
703 1809
703 2168
703 1242
703 1971
703 1037
704 1006
704 712
704 1938
704 1028
705 1190
705 2260
706 1812
706 1939
706 1019
707 2249
707 777
707 1907
708 2236
708 2185
709 1116
709 1543
709 760
709 1370
709 1145
710 927
710 858
710 1534
711 917
711 1356
712 1006
712 1938
712 1028
713 1172
713 918
713 1060
713 1677
713 1393
714 793
714 789
715 1325
715 1873
716 1298
716 1559
716 1740
716 800
717 2252
717 2099
717 1231
717 2096
717 1957
718 1128
718 877
718 740
719 895
719 1098
719 1846
719 2065
720 2092
720 1471
720 1656
720 1221
721 1911
721 1256
722 2031
722 1695
722 859
722 1560
722 1287
723 2144
723 1214
724 905
725 2156
725 1428
725 1125
725 815
726 1201
726 1137
726 1761
726 1859
726 2019
727 776
727 1976
727 1939
727 2263
727 1741
728 1955
728 1655
728 1293
728 1930
729 1287
729 1108
729 810
729 1804
730 1685
730 1944
730 2064
731 1299
731 1853
731 1266
732 793
732 789
733 1939
733 1024
733 1591
734 784
734 2044
734 1939
734 1123
734 1135
735 1455
735 1636
735 1939
735 1665
735 1644
736 1253
736 754
736 1845
736 1097
737 1952
737 1502
737 972
738 1062
738 1474
738 1356
738 2047
739 1658
740 1128
740 877
741 1108
741 2031
741 1446
741 1292
742 1911
742 1720
742 1225
742 2138
743 844
743 1365
743 1003
743 1798
743 2256
744 1530
744 956
744 993
744 1094
745 1364
745 2270
746 764
746 1940
746 797
746 2172
747 1278
748 1655
748 1448
748 2240
748 1604
749 1685
749 1944
749 2064
750 1122
750 1383
750 1330
750 1902
751 1877
751 2113
751 2187
751 1539
751 1435
752 1006
752 1938
752 1028
753 838
754 1253
754 1845
754 1097
755 758
755 759
755 760
755 2276
756 1239
756 2073
756 819
756 1638
756 2203
757 1808
757 1358
757 1983
758 2055
758 1603
758 1911
758 1803
759 881
759 960
759 2179
759 2161
760 1918
760 956
760 1569
760 1547
760 2221
761 1356
761 1381
761 1854
761 1474
762 1128
762 877
763 1867
763 1846
763 928
764 992
764 797
764 1940
764 2172
765 1128
765 877
766 1912
766 1581
766 1639
767 2208
767 930
767 1401
767 1854
767 2249
768 1723
769 1601
769 2112
770 929
770 1229
770 902
771 1535
771 2134
771 1569
771 1887
771 1538
772 1976
772 1922
772 941
772 1261
772 989
773 1006
773 1938
773 1028
774 1640
774 1253
774 1683
775 1017
775 1856
775 2240
775 1664
775 1980
776 2263
776 1741
776 1976
776 2249
777 2249
777 857
778 1339
778 1824
778 2058
779 1699
779 2110
779 2087
779 1649
779 1582
780 1225
780 957
781 966
781 1915
782 2186
782 1338
782 952
782 1206
782 2038
783 1204
783 1185
783 1201
783 2194
784 2044
784 1939
784 1123
784 1135
785 2031
785 1695
785 859
785 1560
785 1287
786 2246
786 1350
786 1741
786 1591
786 1939
787 854
787 1029
787 1153
787 1249
787 1363
788 1535
788 1165
788 1103
788 2053
789 793
790 1696
790 1688
790 1686
790 925
791 1923
791 1033
791 1961
791 1912
792 1239
792 2073
792 819
792 1638
792 2203
794 958
794 1241
794 996
794 1174
795 1968
795 1522
795 1777
796 1278
797 992
797 1940
797 2172
798 2057
798 1737
798 1911
798 2250
799 1172
799 918
799 1060
799 1677
799 1393
800 1298
800 1559
800 1740
801 1006
801 1938
801 1028
802 1325
802 1873
803 1239
803 2073
803 819
803 1638
803 2203
804 2234
804 2263
804 1939
804 1976
805 1325
805 1873
806 1333
806 1741
806 1939
806 2263
806 1976
807 1296
807 2071
807 1795
808 1530
808 2223
808 1495
809 1889
809 831
809 1951
809 1274
810 987
810 2137
810 1804
810 869
811 1403
811 818
812 1325
812 1873
813 1400
813 2133
813 2105
813 850
813 977
814 1974
814 1443
814 1635
814 1869
815 2156
815 1428
815 1125
816 1333
816 1976
816 826
816 2263
816 1741
817 893
817 1626
818 1201
818 1403
819 1239
819 2073
819 1638
819 2203
820 1905
820 1924
820 1720
820 1901
820 2226
821 1765
821 1336
821 1746
821 1483
822 1901
822 1911
822 1457
822 1843
822 1199
824 1325
824 1873
825 2031
825 1695
825 859
825 1560
825 1287
826 2246
826 1741
826 1976
826 2263
827 1717
827 2186
827 1382
828 1927
828 2259
828 2176
828 2173
829 1547
829 2221
829 2192
829 1569
831 1190
831 2260
832 944
832 1212
832 1846
832 1926
833 1330
833 1841
833 2069
833 1743
834 1894
834 1501
834 1690
834 2032
834 849
835 1714
835 1143
835 2001
836 842
836 1560
837 1976
837 2132
837 1939
837 1505
838 1308
839 1882
839 980
839 2007
839 1180
840 844
840 1365
840 1003
840 1798
840 2256
841 1013
841 2134
841 1321
842 1333
842 1939
842 1976
842 2263
842 1741
844 1365
844 1003
844 1798
844 2256
845 2051
845 1648
846 1816
846 1773
846 1101
846 1283
847 1287
847 1108
847 1804
848 1255
848 2210
848 1715
848 1309
848 1607
849 1894
849 1501
849 1690
849 2032
850 1062
850 2105
850 2133
850 977
851 1696
851 1688
851 1686
851 925
852 2057
852 2138
852 2151
853 1939
853 1154
853 1889
854 1029
854 1153
854 1249
854 1363
855 2260
855 1749
855 2263
855 1660
856 1432
856 1965
856 2268
856 1430
856 1273
857 2249
858 927
858 1534
859 2031
859 1695
859 1560
859 1287
860 1714
860 2275
860 1929
860 878
861 1803
861 1911
861 1847
861 1843
861 1179
862 2009
862 2043
862 1198
862 1564
862 2249
863 1421
863 1870
863 1440
863 1159
864 1696
864 1688
864 1686
864 925
865 1974
865 1244
865 1976
866 1055
866 1252
867 1853
867 2014
867 1761
867 1748
868 1373
868 1710
868 1449
868 2243
869 987
869 2137
869 1804
870 1021
870 1425
870 1124
870 1960
871 1325
871 1873
872 1197
872 1800
872 1802
872 969
873 966
873 1915
874 1696
874 1688
874 1686
874 925
875 1128
875 877
876 1976
876 1939
876 1142
877 1128
878 1714
878 2275
878 1929
879 1635
879 1869
879 1974
879 2242
880 1184
880 2006
880 1152
881 890
881 1714
881 2177
882 1225
882 957
882 2233
883 1742
883 1727
883 1670
883 1739
884 1325
884 1873
885 1976
885 1693
885 1027
886 2158
886 1714
887 1263
887 2082
887 2085
888 1911
888 2055
888 1507
888 2084
889 2051
889 1648
890 1923
890 1814
890 2030
890 1714
891 2165
891 1899
891 2150
891 2201
892 2110
892 1287
892 2166
892 1129
893 1958
893 1897
893 1512
894 1179
894 1349
894 1478
894 1747
895 2194
895 944
895 1846
895 1010
895 2068
896 1343
896 1223
897 1013
897 1344
897 2134
898 2148
898 1473
898 1526
899 1543
899 1486
899 1116
900 2013
900 2236
900 2175
900 2221
901 2096
901 1957
901 1231
901 1487
901 1937
902 929
902 1229
903 1356
903 1986
903 1320
904 2081
904 1152
904 1567
904 1184
905 960
906 1236
906 2104
907 1822
907 1155
908 1628
908 2015
908 1584
909 1987
909 995
909 1150
910 1939
910 2263
910 1059
910 954
911 1325
911 1873
912 1857
913 1889
913 1951
913 1274
914 945
914 2065
914 1204
914 1277
915 2254
915 2228
916 924
916 1974
916 2164
916 1087
917 1356
917 999
917 1942
917 1312
918 1172
918 1060
918 1677
918 1393
919 1523
919 1040
919 1866
919 1858
920 1421
920 1870
920 1440
920 1159
921 2058
921 2030
921 2177
922 1371
922 1727
923 2057
923 2250
923 2151
923 1911
924 1124
924 2164
924 1939
924 1932
925 1197
925 1800
925 1802
925 969
926 1707
926 990
926 1226
926 2248
926 1993
927 1923
928 1052
928 2195
929 1229
930 2249
930 1401
930 2208
930 1741
931 2065
931 2080
931 1846
931 944
932 1263
932 2082
932 2085
933 1318
933 2032
933 1837
934 1356
934 1741
934 1976
934 2263
935 1168
935 1939
935 1880
935 1414
935 2175
936 1814
936 1714
936 2030
937 1932
937 1134
937 984
937 1848
938 2246
938 1419
938 1556
938 2079
939 1474
939 2249
939 1062
940 2051
940 1648
941 1976
941 1922
941 1261
941 989
942 1685
942 1944
942 2064
943 1860
943 1356
943 2211
943 1346
944 2143
944 2194
944 1846
945 2065
945 1204
945 1277
946 1624
946 1191
946 1623
946 1939
946 1091
947 2093
947 974
948 1354
948 2116
948 2018
949 1912
949 2030
950 1976
950 1922
950 1261
950 989
951 1931
951 1291
951 960
952 2186
952 1338
952 1206
952 2038
953 1128
954 1147
954 1741
954 1976
954 1674
955 2064
955 1944
955 1829
955 971
955 1593
956 1921
956 1547
956 2221
956 1569
957 1225
958 1777
958 1174
958 996
958 1382
959 1997
959 1402
960 1187
960 2177
961 1128
962 2236
962 1220
963 1128
964 2246
964 1976
964 1741
964 2263
964 1939
965 2172
966 1915
967 2260
967 1983
967 1274
967 2252
967 1951
968 1325
968 1873
969 1197
969 1800
969 1802
970 2134
970 1321
970 1569
970 2013
971 2064
971 1944
971 1829
971 1593
972 1952
972 1502
973 2106
973 1351
974 1939
974 1564
974 2249
975 1098
975 2068
975 1010
976 1421
976 1870
976 1440
976 1159
977 1400
977 2133
977 2105
978 1639
978 1590
979 2030
979 2158
979 1949
980 1882
980 2007
980 1180
981 1927
981 2259
981 2176
981 2173
982 1172
982 1060
982 1677
982 1393
983 1128
984 1932
984 1134
984 1848
985 1306
985 2171
985 1939
986 1857
987 2137
987 1804
988 2070
988 2199
988 1251
988 1982
988 1618
989 1976
989 1922
989 1261
990 1707
990 1226
990 2248
990 1993
991 1741
991 1816
991 1301
991 1101
991 2002
992 2172
992 1940
993 2165
993 1569
993 2192
994 1055
994 2074
994 1578
994 2260
995 1987
995 1150
996 1777
996 1174
996 1382
997 1006
997 1938
997 1028
998 1857
999 1474
999 1942
1000 1923
1000 1288
1001 1927
1001 2259
1001 2176
1001 2173
1002 1421
1002 1870
1002 1440
1002 1159
1003 1365
1003 1798
1003 2256
1004 2179
1004 1480
1004 1875
1004 1968
1005 1714
1005 2026
1005 1912
1005 1923
1006 1938
1006 1028
1007 2263
1007 2137
1007 2130
1007 1161
1007 1611
1008 1749
1008 1402
1008 2260
1008 1976
1008 2154
1009 2249
1009 2021
1010 2194
1010 1846
1010 2068
1011 1530
1011 2221
1011 1303
1011 1495
1012 1122
1012 1841
1012 2069
1013 2134
1013 1321
1014 1574
1014 1632
1014 1932
1016 1362
1016 1512
1016 1958
1017 1664
1017 1265
1017 1980
1017 2197
1017 1427
1018 1875
1018 1739
1018 2058
1019 1812
1019 1939
1020 1191
1020 2263
1020 1976
1020 1624
1021 1937
1021 1939
1021 2252
1021 1218
1022 1325
1022 1873
1023 1988
1023 1285
1023 2225
1023 2192
1024 1939
1024 1591
1025 2051
1025 1648
1027 1693
1028 1938
1029 1153
1029 1249
1029 1363
1030 1232
1030 1988
1030 2111
1031 1643
1031 1708
1031 1673
1032 1976
1032 1202
1032 2260
1033 2020
1033 1639
1033 1912
1033 2186
1034 1976
1034 1381
1034 1536
1035 1703
1035 1939
1036 1696
1036 1688
1036 1686
1037 1809
1037 2168
1037 1242
1037 1971
1038 1464
1038 1819
1038 1796
1038 1126
1038 1542
1039 1912
1039 2186
1039 1968
1039 1875
1040 1523
1040 1866
1040 1858
1041 1857
1042 1938
1043 1917
1043 1533
1043 1422
1043 1271
1044 2162
1044 1611
1044 1161
1045 2175
1045 1589
1045 1656
1045 2245
1046 1848
1046 1134
1046 1381
1047 1464
1047 1819
1047 1796
1047 1126
1047 1542
1048 1325
1048 1873
1049 1751
1049 1609
1049 1675
1049 1337
1049 1282
1051 1696
1051 1688
1051 1686
1052 1939
1052 1109
1052 1384
1052 1284
1053 1635
1053 1064
1053 1131
1054 1333
1054 1741
1054 1976
1054 1939
1054 2263
1055 1190
1055 2260
1056 1425
1056 1124
1056 1960
1057 1128
1058 2031
1058 1695
1058 1560
1058 1287
1059 1939
1059 2263
1059 1147
1060 1172
1060 1677
1060 1393
1061 2175
1061 2134
1061 1242
1061 1535
1062 1077
1062 1400
1063 2263
1063 1741
1063 1939
1063 1909
1063 1976
1064 1635
1064 1131
1065 2051
1065 1648
1066 2179
1066 1187
1066 1912
1067 1464
1067 1819
1067 1796
1067 1126
1067 1542
1068 1340
1068 1621
1068 2174
1068 1369
1068 1912
1069 1696
1069 1688
1069 1686
1070 1923
1070 1534
1071 1464
1071 1819
1071 1796
1071 1126
1071 1542
1072 2263
1072 1939
1072 1301
1072 1668
1072 1937
1073 2276
1074 1464
1074 1203
1074 1869
1074 1218
1075 1908
1075 1906
1075 1219
1075 2247
1076 1325
1076 1873
1077 1356
1077 2105
1077 1400
1078 2226
1078 1901
1078 1514
1078 1272
1079 2051
1079 1648
1080 2051
1080 1648
1081 2093
1081 1454
1081 1939
1081 2249
1081 1976
1082 1325
1082 1873
1083 1360
1083 2076
1083 1679
1084 1712
1084 1708
1084 1710
1085 2006
1085 1814
1085 1152
1085 2058
1086 1569
1086 1510
1086 1188
1087 1974
1087 2164
1089 2175
1089 1895
1089 2134
1089 1220
1090 2006
1090 1814
1090 1152
1091 1624
1091 1191
1091 1623
1091 1939
1092 2194
1092 1708
1093 1128
1094 2165
1094 2042
1094 2175
1095 2174
1095 1166
1096 1301
1096 1937
1096 1218
1096 2196
1096 1345
1097 1411
1097 1167
1098 1851
1098 2080
1098 1846
1099 1939
1099 1477
1100 1938
1101 1816
1101 1773
1101 1283
1102 2090
1102 1714
1102 2145
1102 2111
1103 1547
1103 2199
1103 1895
1104 1887
1104 1492
1104 1530
1105 2234
1105 1979
1106 1601
1106 1708
1107 1927
1107 2259
1107 2176
1107 2173
1108 2031
1108 1695
1108 1560
1108 1287
1109 1939
1109 1384
1109 1284
1111 1530
1111 2221
1111 1303
1111 1495
1112 1305
1112 1602
1112 1687
1112 1806
1112 1235
1112 1772
1113 1729
1113 2249
1113 1813
1113 1834
1113 1702
1114 1939
1114 1967
1115 1190
1115 1202
1115 2036
1115 1594
1116 1958
1116 1489
1116 1708
1117 1640
1117 1814
1117 1152
1117 1613
1118 1443
1118 1974
1118 1635
1118 1281
1119 1325
1119 1873
1120 1710
1120 1713
1120 1712
1120 1711
1121 1530
1121 1224
1122 1939
1122 2249
1122 1841
1123 2044
1123 1939
1123 1135
1124 1932
1124 1939
1124 1974
1125 2156
1125 1428
1126 1464
1126 1819
1126 1796
1126 1542
1127 1344
1127 2134
1129 2031
1129 1695
1129 1560
1129 1287
1130 1624
1130 1960
1131 1635
1132 1741
1132 2263
1132 1976
1132 1939
1133 1373
1133 1710
1133 1449
1133 2243
1134 1932
1134 1848
1135 2044
1135 1939
1136 1490
1136 1525
1136 1711
1136 1818
1137 1405
1137 1761
1137 2019
1138 2009
1138 1729
1138 2249
1139 1857
1141 1194
1141 1220
1141 1790
1141 1789
1142 1976
1142 2263
1142 1939
1143 1714
1143 2001
1144 2151
1144 1778
1144 1911
1145 1419
1145 1543
1145 1370
1145 1486
1146 1927
1146 2259
1146 2176
1146 2173
1147 2234
1147 1741
1147 1976
1147 1674
1148 1325
1148 1873
1149 1674
1149 1939
1149 1356
1150 1987
1151 1967
1151 2110
1151 1939
1152 1714
1152 2179
1152 1912
1153 1249
1153 1363
1154 1889
1154 1951
1154 1946
1154 1771
1155 1822
1156 1901
1156 1720
1156 1843
1156 2138
1158 1191
1158 2263
1158 1651
1159 1421
1159 1870
1159 1440
1160 1464
1160 1819
1160 1796
1160 1542
1161 1611
1161 2130
1162 2153
1162 2026
1162 1961
1162 2275
1162 1714
1163 2230
1163 2263
1163 1752
1163 1976
1163 1741
1164 1640
1164 1739
1164 2174
1164 1714
1165 1535
1165 2053
1166 1806
1166 2231
1167 1411
1168 1480
1168 2246
1168 1939
1169 1891
1169 1399
1169 1525
1170 2030
1170 1714
1171 1459
1171 1693
1171 1718
1172 1677
1172 1393
1173 2068
1173 1471
1173 1643
1174 1777
1174 1382
1175 1868
1175 1950
1175 2054
1176 1772
1176 1520
1177 2144
1177 2164
1177 2188
1177 1561
1178 1425
1178 1960
1179 1720
1179 1225
1179 1911
1179 1803
1179 1847
1180 1882
1180 2007
1181 1878
1181 1914
1182 1325
1182 1873
1183 1269
1183 1434
1184 1567
1185 1512
1186 1976
1186 1906
1186 1301
1186 1577
1187 1912
1187 2058
1187 2179
1188 1569
1188 1510
1189 1455
1189 1636
1189 1939
1189 1665
1189 1644
1190 2260
1191 1624
1191 1623
1191 1939
1192 2261
1192 2147
1192 1417
1193 2031
1193 1695
1193 1560
1193 1287
1194 1867
1194 1741
1194 1939
1195 1882
1195 2007
1196 1423
1197 1800
1197 1802
1198 2009
1198 1564
1198 2249
1198 1939
1199 1901
1199 1911
1199 1457
1199 1843
1200 1448
1200 2240
1200 1664
1200 1655
1201 2077
1201 1846
1202 1741
1202 1976
1202 2263
1203 1960
1203 2110
1203 1332
1203 1789
1204 2065
1204 1277
1204 1897
1205 1694
1205 1846
1206 2186
1206 1338
1206 2038
1207 1540
1207 1527
1207 1529
1207 1531
1208 1938
1209 1434
1209 1270
1209 2118
1210 1373
1210 1710
1210 1449
1210 2243
1211 1421
1211 1870
1211 1440
1212 1846
1212 1926
1213 1405
1213 2019
1214 2144
1215 2263
1215 1799
1215 1418
1215 1786
1215 1511
1216 1464
1216 1819
1216 1796
1216 1542
1217 1325
1217 1873
1218 1937
1218 1939
1218 2252
1219 1908
1219 1906
1219 2247
1220 2175
1220 1895
1220 2134
1221 1812
1221 1846
1221 2092
1222 2138
1222 1847
1222 1225
1222 1911
1223 1343
1224 1247
1224 1321
1224 2223
1225 1803
1225 1911
1225 1847
1225 1905
1226 1707
1226 2248
1226 1993
1227 1710
1227 1713
1227 1712
1227 1711
1228 1325
1228 1873
1230 1640
1230 1683
1230 1276
1230 2254
1231 2099
1231 1487
1231 1957
1231 1937
1232 1547
1232 2221
1232 1569
1233 1454
1233 1976
1233 1939
1233 2249
1234 1517
1234 1957
1234 1937
1234 2099
1234 1515
1235 1305
1235 1602
1235 1687
1235 1806
1235 1772
1236 1365
1236 1798
1236 2256
1237 2030
1237 1288
1237 1714
1238 1655
1238 2240
1238 1856
1239 2073
1239 1638
1239 2203
1240 2263
1240 1976
1240 1939
1240 1482
1240 1394
1241 1777
1241 2186
1241 1961
1242 1809
1242 2168
1242 1971
1243 1938
1244 1974
1244 1976
1245 2067
1245 1643
1245 1846
1246 2031
1246 1695
1246 1560
1246 1287
1247 2134
1247 1321
1248 1939
1248 1976
1248 1668
1248 1937
1248 1259
1249 1363
1250 2051
1250 1648
1251 2070
1251 2199
1251 1982
1251 1618
1252 1945
1252 2246
1252 1286
1252 1686
1253 2058
1253 1912
1253 1640
1254 1256
1255 2210
1255 1715
1255 1309
1255 1607
1256 1911
1257 1517
1257 1516
1257 1725
1257 2264
1259 1937
1259 1976
1259 1939
1259 2263
1259 1741
1260 1938
1261 1976
1261 1922
1262 1640
1262 1714
1263 1569
1263 1538
1263 2175
1264 1325
1264 1873
1265 1664
1265 1427
1265 1980
1265 2197
1266 1299
1266 1761
1266 1275
1266 1853
1267 1325
1267 1873
1268 1285
1268 1918
1268 1547
1268 2053
1268 2221
1269 1434
1270 1434
1270 2118
1271 1917
1271 1533
1271 1422
1272 2226
1272 1901
1272 1514
1273 1432
1273 1965
1273 2268
1273 1430
1274 1937
1274 1741
1274 1939
1274 2263
1274 1976
1275 1761
1275 1853
1276 1640
1276 1683
1276 2254
1277 2065
1279 1325
1279 1873
1280 2263
1280 1939
1280 1741
1280 1933
1281 2246
1281 1974
1281 1939
1282 1751
1282 1609
1282 1675
1282 1337
1283 1816
1283 1773
1284 1939
1284 1384
1285 1569
1285 1547
1285 1918
1285 2221
1286 2249
1287 2031
1287 1695
1287 1560
1288 1714
1288 1923
1288 2177
1289 2271
1289 2251
1290 2260
1290 1665
1290 2110
1290 1939
1290 1724
1291 1371
1291 2177
1292 2031
1292 1695
1292 1560
1293 1427
1293 1655
1293 1955
1293 2272
1294 2110
1294 1682
1295 1547
1295 1898
1296 2071
1296 1795
1297 1626
1297 1853
1297 1761
1298 1559
1298 1740
1299 2014
1299 1853
1300 1916
1300 1484
1300 1779
1301 2263
1301 1939
1301 1668
1301 1937
1302 1871
1302 2021
1303 2192
1303 1569
1303 2221
1304 1741
1304 1939
1304 1976
1304 2260
1304 2263
1305 1602
1305 1687
1305 1806
1305 1772
1306 1940
1306 2172
1307 2256
1307 2088
1308 1708
1309 2210
1309 1715
1309 1607
1310 1457
1310 1911
1310 1612
1310 1479
1311 1822
1312 1976
1312 1482
1312 2256
1312 1939
1313 2162
1313 2088
1313 1860
1313 1356
1314 2031
1314 1695
1314 1560
1315 1884
1315 1706
1315 1741
1315 2249
1317 1373
1317 1710
1317 1449
1317 2243
1318 1952
1318 1502
1320 1939
1320 2232
1321 2134
1323 1696
1323 1688
1323 1686
1324 1456
1324 1634
1324 2118
1325 1873
1326 2209
1326 2179
1326 1912
1327 2261
1327 1939
1327 1828
1328 2031
1328 1695
1328 1560
1329 1976
1329 2246
1329 1741
1329 1939
1329 2263
1330 1841
1330 1743
1330 2069
1331 2271
1331 1692
1331 2078
1332 1960
1332 2110
1332 1789
1333 2246
1333 1939
1333 1741
1333 2263
1333 1976
1334 1912
1334 2027
1334 2179
1335 2073
1335 1638
1335 2203
1336 1873
1337 1751
1337 1609
1337 1675
1338 2186
1338 2038
1339 1824
1339 2058
1340 2177
1340 2030
1340 1714
1341 1569
1341 1898
1341 2042
1342 2276
1342 2229
1344 1547
1344 1569
1345 2260
1345 1889
1345 1983
1345 2227
1346 2211
1346 1356
1347 2179
1347 1923
1347 1912
1348 1927
1348 2259
1348 2176
1348 2173
1349 1478
1349 1747
1350 2110
1350 1976
1350 2263
1350 1939
1351 2106
1353 1938
1354 2116
1354 2018
1355 1386
1355 1579
1355 1552
1356 2234
1356 1741
1356 1976
1356 2246
1356 1860
1357 1651
1357 1990
1357 1944
1357 2064
1357 1939
1358 1808
1358 1983
1359 1718
1359 1439
1359 2197
1360 2076
1360 1679
1362 1626
1364 2270
1365 1798
1365 2256
1366 1822
1367 1429
1367 2008
1367 1396
1367 1406
1368 1873
1369 2158
1369 1640
1369 1714
1369 1912
1370 1419
1370 1543
1370 1486
1371 2177
1372 2000
1372 1392
1372 2171
1372 2172
1372 1952
1373 1710
1373 1449
1373 2243
1374 1714
1374 1380
1374 2026
1375 1986
1376 2121
1376 2153
1376 1691
1377 1881
1377 1688
1377 2047
1378 1873
1379 2031
1379 1695
1379 1560
1380 1714
1380 2026
1381 1974
1381 1574
1382 1875
1382 1777
1382 2186
1383 1841
1383 1902
1384 1937
1384 1741
1384 2263
1384 2260
1384 1976
1385 2031
1385 1695
1385 1560
1386 1579
1386 1552
1387 1749
1387 1402
1387 2260
1387 1976
1387 2154
1388 2077
1388 1445
1388 1526
1388 1431
1389 2139
1389 1939
1389 2246
1389 1614
1390 2122
1390 1949
1391 1803
1391 1847
1391 1901
1391 1911
1392 2221
1392 1569
1392 1959
1392 1583
1392 1898
1393 1677
1394 2263
1394 1976
1394 1939
1394 1482
1395 2073
1395 1638
1395 2203
1396 1429
1396 2008
1396 1700
1396 1954
1397 1990
1397 1829
1397 1593
1398 2134
1399 1891
1399 1525
1401 2208
1401 1854
1402 2105
1402 2246
1404 2263
1404 1976
1405 1761
1405 1748
1406 2249
1406 1939
1407 2104
1408 2094
1408 2213
1408 2246
1409 2192
1410 2065
1410 2041
1410 2072
1412 2137
1412 2132
1412 1939
1413 1696
1413 1688
1413 1686
1414 1693
1414 1919
1414 2175
1414 1880
1415 1976
1415 1741
1415 2263
1415 1939
1415 2149
1416 1939
1416 1741
1417 2261
1417 2147
1418 2263
1418 1799
1418 1786
1418 1511
1419 1925
1419 2175
1421 1870
1421 1440
1422 1917
1422 1533
1424 1846
1424 2068
1424 1851
1425 2153
1425 1520
1426 1456
1427 1693
1427 1664
1427 2197
1427 1980
1428 2156
1429 1700
1429 1985
1429 1954
1429 2008
1430 1432
1430 1965
1430 2268
1431 2077
1431 1445
1431 1526
1432 1965
1432 2268
1433 1873
1435 1877
1435 2187
1436 1927
1436 2259
1436 2176
1436 2173
1438 1870
1438 1440
1439 1814
1439 1613
1440 1870
1441 1537
1441 1561
1441 1974
1443 1974
1443 1635
1443 1869
1444 1816
1444 1773
1445 2077
1445 1526
1446 2031
1446 1695
1446 1560
1447 1838
1447 1617
1447 1939
1448 1655
1448 2240
1448 1604
1449 1710
1449 2243
1450 1808
1450 1983
1451 1741
1451 1976
1451 1939
1451 2088
1451 2039
1452 2058
1452 2177
1452 1923
1454 1741
1454 1854
1454 1976
1454 1939
1454 2249
1455 1636
1455 1939
1455 1665
1455 1644
1456 1750
1456 1557
1456 2164
1457 1901
1457 1911
1457 1843
1458 1741
1458 2263
1458 1976
1459 2197
1459 1718
1459 1693
1460 2123
1460 1748
1460 1964
1461 1873
1462 2195
1462 1976
1462 1989
1462 2263
1463 1714
1463 1862
1463 2174
1464 1819
1464 1796
1464 1542
1465 1976
1465 1922
1466 2030
1467 1699
1467 2110
1467 2087
1467 1649
1467 1582
1468 1798
1468 2256
1469 1749
1469 1769
1469 2260
1470 1873
1471 2067
1471 2065
1472 2044
1472 1939
1473 1598
1474 2263
1474 2249
1474 1976
1474 1939
1475 1986
1476 2179
1476 1714
1477 1929
1477 1698
1478 1747
1479 1747
1479 1612
1479 1554
1480 2179
1480 1875
1480 1968
1481 1873
1482 2256
1482 1939
1482 1741
1482 2263
1482 1976
1483 1873
1484 1916
1484 1779
1486 1543
1487 2096
1487 2099
1487 1937
1488 1841
1488 2069
1488 1743
1489 1958
1489 1708
1490 2021
1490 1793
1490 1658
1491 1710
1491 2243
1492 1918
1492 1569
1493 1708
1495 2013
1495 1569
1496 1857
1497 1741
1497 2263
1497 1976
1497 1939
1498 1722
1498 1710
1498 1713
1498 1712
1498 1711
1499 2026
1499 1714
1499 2119
1500 2143
1500 2065
1500 1846
1501 1894
1501 1690
1501 2032
1502 1952
1505 1976
1505 2132
1505 1939
1506 1696
1506 1688
1506 1686
1507 1911
1507 2055
1507 2084
1508 2039
1509 1873
1510 2221
1510 1547
1510 1918
1511 2263
1511 1799
1511 1786
1512 2113
1513 1938
1514 2226
1514 1901
1515 1517
1515 1957
1515 1937
1515 2099
1516 2088
1516 1974
1516 1658
1516 1983
1516 2071
1518 1686
1519 1696
1519 1688
1519 1686
1520 2030
1520 2177
1521 1938
1522 1968
1522 1777
1523 1866
1523 1858
1524 1976
1524 1922
1525 1891
1526 2077
1527 1831
1527 2246
1527 2110
1527 1939
1527 2234
1528 1612
1528 1747
1529 2263
1529 2130
1529 2260
1530 1988
1531 1822
1532 1750
1532 1547
1532 1925
1533 1917
1534 1714
1534 1949
1534 2177
1535 1895
1535 2165
1536 1932
1536 2261
1536 1921
1537 2144
1538 1569
1538 2175
1539 2187
1540 1873
1541 1938
1542 1819
1542 1796
1543 1569
1543 1967
1543 1692
1544 2087
1544 2243
1544 2110
1544 1582
1545 2112
1545 1601
1546 1857
1547 1918
1547 1569
1547 2221
1548 1710
1548 2243
1549 1818
1549 2243
1549 1741
1549 1939
1549 2249
1551 1927
1551 2259
1551 2176
1551 2173
1552 1939
1553 2151
1553 1737
1554 1911
1554 1843
1554 1612
1554 1776
1555 2105
1556 1939
1556 2079
1557 2223
1557 1750
1557 2192
1558 1781
1558 2043
1558 1729
1559 1740
1560 2031
1560 1695
1561 1741
1561 2230
1561 1976
1561 1939
1561 1974
1562 1696
1562 1688
1562 1686
1563 1931
1563 1742
1564 2043
1564 2009
1564 2249
1565 2263
1565 1989
1566 1710
1566 2243
1567 1640
1568 2263
1568 1976
1568 1741
1569 2221
1570 1628
1570 1758
1572 2260
1572 1983
1572 2252
1572 1951
1573 1714
1574 2188
1575 2249
1575 1998
1576 1882
1576 2007
1577 1741
1577 2260
1577 2263
1577 1939
1577 1976
1578 2074
1578 2260
1579 1658
1579 1976
1579 2256
1579 2088
1580 1976
1580 1922
1581 1912
1581 1639
1582 1699
1582 2110
1582 2087
1582 1649
1583 2221
1583 1959
1583 1898
1584 1758
1584 2015
1585 1870
1586 1772
1587 1938
1588 1927
1588 2259
1588 2176
1588 2173
1589 2274
1589 2020
1589 1775
1589 2231
1590 1639
1591 1741
1591 1939
1592 2226
1592 1847
1592 2138
1592 1924
1592 1911
1593 2064
1593 1944
1593 1829
1594 2036
1595 2031
1595 1695
1596 1714
1596 1912
1596 1923
1596 2058
1597 2093
1597 1741
1597 1738
1597 1939
1597 2243
1598 1661
1598 2138
1598 1911
1599 2165
1599 1895
1600 1942
1600 1976
1600 1939
1601 2112
1602 1687
1602 1806
1602 1772
1603 1843
1603 1911
1603 1847
1604 1655
1604 2240
1605 1710
1605 2243
1606 2223
1607 2210
1607 1715
1608 1819
1608 1796
1609 1751
1609 1675
1610 1741
1610 1939
1610 1976
1610 2263
1611 2130
1612 1843
1612 1911
1612 1776
1613 2030
1614 2139
1614 1939
1614 2246
1615 2174
1615 2026
1615 1714
1615 2183
1616 2263
1616 1741
1616 1976
1616 2246
1616 2031
1617 2008
1617 2211
1617 1833
1617 1838
1618 2070
1618 2199
1618 1982
1619 1891
1620 1878
1620 1914
1621 1714
1621 1777
1621 2174
1621 1640
1621 1912
1622 2192
1622 2134
1623 1624
1623 1939
1624 1939
1625 1948
1625 2006
1626 1761
1627 1873
1628 1758
1630 2006
1630 1666
1631 2252
1631 2227
1631 1939
1632 1939
1632 1932
1635 1974
1635 1869
1636 1939
1636 1665
1636 1644
1637 1873
1638 2073
1638 2203
1639 1714
1639 1912
1640 2058
1640 2158
1640 1912
1640 1714
1641 1976
1641 1939
1641 1860
1642 1873
1644 1939
1644 1665
1645 1873
1646 1997
1646 1749
1648 2051
1649 1699
1649 2110
1649 2087
1650 1938
1651 1990
1651 1944
1651 2064
1651 1939
1652 2249
1652 2071
1652 1939
1652 1795
1653 2073
1653 2203
1654 2138
1654 2226
1654 1901
1655 1955
1655 2272
1656 2245
1656 2175
1658 1976
1658 2088
1658 2249
1659 1696
1659 1688
1659 1686
1660 2246
1660 1741
1660 1976
1660 2263
1661 2226
1661 1847
1661 1905
1661 1911
1662 1674
1662 2089
1662 1713
1663 1714
1663 2220
1664 1980
1664 2197
1665 2093
1665 1939
1665 1976
1667 1914
1667 2156
1667 2130
1667 1991
1668 2263
1668 1939
1668 1937
1669 1932
1669 1741
1670 1697
1670 2081
1671 2150
1671 2201
1671 1899
1672 1819
1672 1796
1674 2234
1674 2246
1674 1976
1675 1751
1676 2246
1676 1939
1676 2217
1677 2201
1677 1916
1677 1976
1677 1911
1678 1771
1678 2260
1679 2076
1680 2180
1680 2030
1680 1903
1681 1873
1682 2246
1682 1939
1682 1976
1683 1912
1683 2030
1684 2166
1684 2031
1684 2110
1684 2263
1684 1976
1685 1944
1685 2064
1686 2008
1687 1806
1687 1772
1688 1881
1688 2047
1690 1894
1690 2032
1691 2121
1691 2153
1692 1901
1692 1911
1692 2078
1693 1980
1693 2197
1694 1846
1695 2031
1697 2081
1698 2276
1699 2110
1699 2087
1700 1985
1700 2008
1701 1927
1701 2259
1701 2176
1701 2173
1702 1729
1702 2249
1702 1813
1702 1834
1703 1939
1704 2234
1704 1741
1704 2246
1704 2263
1706 2021
1706 2249
1706 2230
1706 1741
1707 2248
1707 1993
1710 2243
1711 2230
1711 1854
1711 1939
1711 1818
1712 1741
1712 1939
1712 1976
1712 2246
1713 2260
1713 2263
1713 2246
1714 1912
1714 1923
1714 2030
1715 2210
1716 1843
1716 2095
1717 2186
1718 2197
1718 1980
1719 1873
1720 1905
1720 1803
1720 2226
1720 1847
1720 1911
1721 2180
1721 1940
1721 2111
1723 1938
1724 1741
1724 2249
1724 2207
1724 1939
1725 2264
1726 2208
1727 2122
1729 2249
1729 1986
1729 1781
1730 1822
1731 2175
1731 2042
1732 1879
1732 1928
1733 2058
1733 2030
1734 1798
1734 2256
1736 2031
1737 1911
1737 2250
1738 2249
1738 1939
1738 1741
1738 2243
1739 1949
1741 2246
1741 1939
1741 1976
1741 2263
1742 1931
1743 2069
1743 1841
1745 2158
1745 1814
1745 2177
1746 1873
1747 1847
1747 1901
1748 2123
1748 1761
1749 2260
1749 1976
1750 2013
1752 1976
1752 2263
1752 1939
1753 1954
1753 2008
1754 2165
1754 2175
1754 2204
1755 1891
1756 2021
1756 2193
1756 2218
1759 1847
1759 1911
1759 1803
1759 2138
1761 2014
1761 1853
1763 2079
1763 1953
1763 1865
1764 1851
1764 2194
1764 2098
1766 1938
1767 2243
1768 1927
1768 2259
1768 2176
1768 2173
1769 2260
1771 2252
1771 1951
1771 1889
1772 1806
1773 1816
1775 2081
1775 2158
1775 2020
1775 2231
1776 1843
1776 1911
1777 1968
1777 2186
1777 2158
1778 1911
1778 2138
1779 1916
1780 1857
1781 2249
1781 1986
1783 1938
1784 2076
1786 2263
1786 1799
1787 2031
1788 2186
1788 1968
1788 1814
1789 2261
1789 1828
1789 1932
1789 1939
1790 2276
1790 1867
1791 2243
1792 2071
1792 1795
1793 1871
1793 2021
1793 1976
1794 2249
1794 1976
1794 2263
1794 2088
1795 2071
1796 1819
1797 2031
1798 2256
1799 1917
1799 2276
1799 2212
1799 2157
1799 2246
1800 1802
1803 1901
1803 1843
1803 1911
1803 1847
1803 1905
1804 2137
1805 2058
1805 1824
1805 2075
1807 1873
1808 1983
1809 2168
1809 1971
1812 2240
1813 2249
1813 1834
1814 2058
1814 2030
1815 2246
1817 2179
1817 1968
1817 2030
1818 2093
1818 2243
1818 1939
1821 1873
1824 2058
1825 1873
1827 2177
1828 1932
1828 2188
1828 1939
1829 1944
1829 1939
1831 1939
1832 2253
1832 1848
1833 2256
1834 1956
1834 1976
1834 1939
1834 2249
1835 2190
1836 1939
1836 2069
1836 1841
1837 1940
1839 1939
1839 1937
1839 2219
1841 2069
1841 2249
1841 1939
1842 1938
1843 1901
1843 1911
1843 1847
1844 1939
1844 1986
1845 2122
1846 2068
1846 2194
1847 1901
1847 1911
1848 1932
1849 2234
1849 2263
1849 1976
1849 1939
1851 2143
1851 2194
1852 1927
1852 2259
1852 2176
1852 2173
1853 2014
1854 2009
1854 1939
1854 1976
1854 2249
1856 1980
1856 2197
1858 1866
1859 2019
1860 2110
1860 1976
1860 2246
1861 1912
1861 2060
1862 1923
1862 2174
1863 1976
1863 2263
1863 2260
1864 1911
1865 2079
1865 1953
1866 2110
1866 1976
1866 2246
1868 2140
1869 1974
1871 1976
1871 2021
1874 2248
1874 1993
1875 2030
1875 1968
1876 2265
1877 2113
1877 2187
1878 1914
1879 1928
1880 2175
1881 2256
1882 2007
1883 1976
1883 1922
1884 2021
1885 2065
1885 2067
1886 2249
1886 1939
1887 2223
1887 2192
1887 2134
1889 2234
1889 2263
1889 1939
1889 1976
1890 1976
1890 1922
1892 1984
1894 2032
1895 2192
1895 2221
1897 2065
1898 1918
1899 2165
1899 2150
1899 2201
1900 1923
1900 2177
1901 1911
1903 2214
1903 2118
1905 2226
1905 1911
1906 2031
1907 2263
1907 1976
1907 1939
1908 2031
1909 2031
1909 1976
1909 2263
1912 2179
1912 2058
1913 2273
1913 2140
1913 2054
1916 1976
1916 2201
1917 2246
1917 2212
1917 2157
1917 2276
1918 2221
1919 1930
1919 2240
1920 1959
1920 1921
1922 1976
1923 2030
1923 2058
1925 2175
1927 2259
1927 2176
1927 2173
1929 2275
1930 1980
1931 2030
1932 1974
1932 1939
1933 2263
1933 1939
1934 1938
1936 2158
1936 2030
1937 1939
1937 1976
1937 2263
1939 2249
1939 2263
1939 1976
1942 2246
1943 1998
1944 1990
1944 2064
1945 1976
1945 2246
1946 1951
1948 2006
1949 2030
1950 2054
1951 2252
1953 2079
1954 1985
1954 2008
1955 2272
1956 1976
1957 2099
1959 2221
1960 1986
1961 2158
1962 2144
1964 2123
1965 2268
1966 2067
1968 2030
1970 2045
1971 2168
1973 2243
1976 2246
1976 2263
1977 2274
1977 2020
1979 2263
1979 2071
1980 2197
1982 2070
1982 2199
1983 2263
1984 2030
1984 2177
1985 2008
1986 2043
1986 2249
1986 2009
1988 2192
1988 2225
1989 2246
1989 2263
1990 2064
1991 2130
1993 2248
1996 2256
1997 2260
1999 2258
1999 2193
1999 2218
2000 2032
2001 2030
2004 2030
2006 2030
2009 2043
2009 2249
2011 2031
2012 2225
2012 2221
2018 2116
2020 2058
2021 2230
2021 2249
2022 2226
2027 2179
2028 2249
2028 2043
2030 2058
2031 2263
2035 2210
2035 2217
2035 2208
2036 2260
2037 2105
2038 2186
2039 2088
2041 2072
2042 2165
2042 2221
2042 2192
2043 2249
2044 2263
2044 2249
2046 2166
2046 2260
2046 2263
2049 2243
2053 2192
2054 2273
2054 2140
2055 2084
2058 2179
2060 2177
2061 2263
2065 2080
2065 2143
2066 2104
2070 2199
2071 2263
2071 2260
2071 2110
2073 2203
2074 2260
2077 2148
2078 2271
2079 2246
2079 2264
2080 2143
2083 2259
2083 2176
2083 2173
2086 2259
2086 2176
2086 2173
2087 2110
2088 2249
2088 2263
2090 2177
2090 2145
2093 2249
2094 2213
2096 2099
2097 2159
2098 2194
2100 2243
2101 2194
2102 2256
2103 2259
2103 2176
2103 2173
2105 2133
2107 2260
2109 2187
2109 2113
2110 2234
2113 2187
2119 2158
2119 2191
2121 2153
2130 2162
2133 2190
2134 2165
2134 2192
2134 2223
2138 2226
2139 2249
2139 2246
2140 2175
2140 2165
2141 2214
2142 2194
2145 2209
2145 2177
2146 2203
2147 2261
2149 2246
2149 2263
2150 2165
2150 2201
2153 2191
2154 2260
2157 2246
2157 2212
2157 2276
2162 2263
2163 2208
2165 2192
2166 2263
2167 2172
2168 2209
2169 2172
2169 2261
2169 2242
2170 2259
2170 2176
2170 2173
2171 2172
2173 2259
2173 2176
2175 2221
2176 2259
2180 2229
2181 2210
2185 2236
2192 2221
2193 2218
2195 2263
2196 2260
2199 2225
2203 2234
2203 2246
2206 2246
2207 2264
2208 2263
2208 2249
2212 2276
2212 2246
2217 2249
2218 2249
2224 2259
2227 2263
2227 2252
2230 2249
2231 2274
2235 2263
2237 2260
2239 2246
2239 2263
2243 2263
2249 2263
2251 2271
2255 2269
2256 2263
2257 2263
2260 2263
