0 1701
1 1666
2 2003
3 903
4 1256
5 1659
6 2073
7 902
8 418
9 2614
10 306
11 979
12 1318
13 1820
13 1869
14 1020
15 1090
16 364
17 1301
18 1623
19 1542
20 2270
21 1920
22 1966
23 2160
23 2157
24 1636
25 1928
26 99
27 2360
28 246
28 1003
29 706
29 258
30 1080
31 901
32 666
33 442
34 1040
34 1750
35 440
36 1505
37 2428
38 794
39 94
40 1936
41 596
42 2164
43 2240
44 2624
45 486
46 1284
47 559
48 788
49 2381
50 241
51 2216
52 1628
53 1358
54 104
55 65
56 1616
57 1293
57 65
58 1358
59 1358
60 1156
61 149
62 839
63 2265
64 1358
66 2707
67 747
68 1709
69 1464
70 441
71 745
72 1718
73 1358
74 1118
75 284
76 851
77 354
78 994
79 1873
80 2180
81 525
83 449
84 2224
85 864
86 2041
87 2016
88 415
89 963
90 1763
91 2123
92 898
93 645
94 2356
95 525
96 2023
97 661
98 1013
100 315
101 1745
102 1779
103 1623
104 864
105 2651
106 903
107 1360
108 1504
109 306
110 1199
111 758
112 608
113 747
114 2287
115 252
115 682
116 1399
117 259
118 1343
119 904
120 1980
121 1158
124 153
125 1555
126 153
128 2269
129 1455
130 815
131 2168
132 379
133 1769
134 505
134 2505
135 2504
136 741
136 1638
137 2144
138 1572
138 2078
139 887
140 444
141 2033
143 1821
144 537
145 1593
146 1435
147 2108
148 2538
150 875
151 2237
152 2399
153 1772
154 1358
155 156
157 1636
158 791
159 2076
160 1986
161 2016
162 2394
163 1579
164 1614
165 1473
166 638
167 2438
168 2437
169 2707
171 180
172 1472
173 687
174 1749
175 1914
176 306
177 2679
178 2036
179 232
180 2034
181 1464
182 1837
183 997
184 903
185 332
186 1536
187 903
188 1358
188 1714
189 1262
191 1197
192 642
192 591
193 1276
194 2564
195 1839
196 1051
197 2217
198 2248
199 2309
200 1439
201 1636
202 353
203 1097
204 818
204 593
206 1986
207 2036
208 903
209 1390
209 2683
210 1914
212 1213
213 537
214 324
215 563
216 1334
217 2648
218 2075
219 251
219 1931
220 1736
221 1736
222 901
223 1358
224 1812
225 2707
226 1337
227 609
227 629
228 689
229 1508
230 511
231 869
232 1701
233 370
234 2288
235 1337
236 306
237 2242
238 1827
238 1408
240 512
242 838
243 2473
244 687
245 1510
246 1154
247 902
248 443
250 903
251 1413
252 539
253 1933
253 812
254 402
255 2030
256 2186
257 736
258 1443
259 2537
260 2469
261 1479
262 1592
263 1756
264 448
266 2228
267 2606
268 2392
268 2390
269 1996
271 299
273 2146
274 1145
275 1703
276 1463
277 2009
278 2349
278 2589
279 2280
280 2293
281 972
282 540
283 1260
284 2224
285 818
286 588
287 2707
288 938
289 1070
290 480
291 2348
291 1514
292 1036
293 2034
294 2045
295 877
296 732
298 1000
300 851
302 308
303 519
304 2344
305 1923
305 1924
306 1623
307 902
308 519
309 1278
310 1950
311 1701
312 1358
313 1134
315 1416
316 598
318 1337
319 1358
320 1643
321 1083
322 848
324 1039
325 1013
326 1752
327 2063
328 2507
329 1584
330 2122
332 1986
333 1040
334 1851
335 1859
335 1453
337 1499
339 2376
340 2463
341 1358
342 945
343 1865
344 1884
345 2036
346 1750
347 525
348 1138
349 1869
351 1814
352 1946
353 1250
355 1527
356 621
357 1229
358 364
358 1756
359 905
360 1826
361 1390
361 2683
362 443
362 1971
363 1687
364 1358
365 1475
366 1995
367 752
368 2248
369 2483
370 392
371 2270
372 1358
373 1042
374 2146
375 2401
376 1224
377 733
378 602
379 1959
380 2569
381 1257
382 424
383 2291
384 887
385 2484
386 2519
387 1670
388 2491
389 1483
390 2707
391 1709
393 701
393 1881
394 577
395 765
395 1090
396 1986
397 411
398 2367
399 1623
400 2270
400 1183
401 1065
402 1413
403 2445
404 1476
405 1435
406 2083
407 948
408 423
409 695
410 1955
411 2601
412 447
413 2146
413 846
414 496
414 2113
418 2551
419 465
420 1701
421 2214
422 903
424 1981
425 1007
427 1398
428 2249
429 2034
430 1891
430 1261
431 2695
433 885
434 2499
435 2302
436 2405
437 438
439 853
441 973
444 2464
445 1986
446 2030
449 1189
450 1050
451 973
452 608
453 1818
455 2147
456 1628
457 2214
458 2363
460 745
462 902
463 1966
464 1742
465 2309
466 1358
467 1857
468 1312
469 923
472 1579
473 2474
474 2707
475 485
476 519
477 2569
479 1022
480 687
481 1358
482 1810
483 1980
485 2052
486 2075
488 515
489 1740
490 1526
491 2135
492 1257
493 1358
494 1599
495 1328
496 644
499 2649
500 1957
500 2242
501 1750
502 666
503 574
504 1420
507 1542
508 1768
509 1242
510 1909
513 1361
514 661
515 2464
516 661
520 901
521 547
521 2707
522 2098
523 2043
524 1169
526 1154
528 2100
529 2260
531 2230
533 1007
534 883
535 2451
538 901
539 1849
541 1650
542 1775
543 1068
545 2707
546 2124
548 2229
549 1095
550 1495
552 823
553 1986
554 581
555 2131
556 1251
557 1745
558 1358
559 1183
560 585
561 2176
562 969
562 1412
564 1072
565 1358
566 673
568 962
573 1779
575 1382
576 1692
577 2351
578 1526
579 2309
580 1358
582 623
583 2222
586 1131
587 2707
589 2252
590 1958
591 2472
592 903
593 1908
594 663
598 1701
599 2367
600 1420
600 1421
601 809
603 1810
605 729
606 2578
607 785
608 1775
609 1041
610 2288
611 903
612 1955
612 676
613 1546
614 1475
616 1709
618 2230
619 2418
622 2204
623 2464
624 2051
625 2707
626 1610
628 1358
630 682
631 1513
632 1718
633 1862
635 1378
636 2291
636 2182
638 2383
639 811
640 2367
641 901
642 1017
643 1313
644 1914
645 1824
646 1959
646 1537
649 1019
650 957
651 2024
652 857
653 902
656 1775
657 867
658 2486
658 2146
659 1803
660 1780
660 910
661 854
662 902
663 2194
664 1337
665 2040
668 1981
669 2247
670 2000
672 817
674 717
675 2357
676 1179
677 1112
678 2291
679 2266
679 948
680 2200
681 687
682 1583
683 2168
684 1735
686 1738
687 1358
688 2673
688 2538
689 1719
690 1132
691 791
692 902
693 1013
694 1072
695 1681
696 743
697 738
700 902
701 1237
702 1973
703 1022
704 1483
705 2043
706 1443
707 1635
708 1724
709 1897
709 793
712 1359
713 901
714 2518
715 2292
715 1265
716 1821
718 1985
720 1619
721 902
722 1874
724 1396
725 755
726 1109
727 2571
728 1470
729 981
730 2177
731 2186
733 2291
734 736
735 739
737 1309
740 1002
741 831
742 1358
743 2009
744 1742
745 1986
746 2163
748 1358
749 2312
751 964
752 1757
754 1620
756 1692
757 1604
759 1062
764 1103
765 1090
767 1479
768 1358
769 1924
770 2118
770 1508
771 2021
772 1013
773 1801
774 2526
775 790
776 1936
777 779
777 822
778 1919
779 1919
780 2707
782 1162
783 911
785 2147
786 902
787 1983
789 1702
790 1807
791 1807
792 2338
793 1897
795 1821
796 1292
797 1189
798 1796
799 2555
799 2599
800 2359
803 830
804 922
804 2536
805 1141
806 2503
807 1226
808 893
809 2227
810 1015
813 911
814 1051
815 851
816 1979
817 1358
818 851
820 1830
821 902
822 1637
823 1719
824 889
825 1492
825 1750
826 2288
827 2156
828 2464
829 1810
830 1675
831 1072
832 2707
833 2495
834 2169
835 962
837 2679
838 2280
839 2219
840 1902
841 1968
842 2010
843 1523
845 1297
847 1682
848 1358
849 2351
850 1359
851 1677
852 1072
855 2398
856 1138
857 1115
859 2026
860 1742
861 2054
862 1160
865 1920
868 2425
869 1701
870 2125
871 2440
873 1701
874 1337
875 1947
876 1189
877 1542
878 1039
880 1583
881 1566
882 1040
882 1750
885 1332
886 1002
887 1779
888 2470
889 2045
890 1314
891 1900
892 1944
892 1947
893 2382
894 1598
895 1913
896 1869
896 2304
897 1927
898 2157
901 2186
902 1358
904 1022
905 1483
906 1129
907 1535
908 1644
909 1434
911 2383
912 1891
912 1261
914 1942
915 1358
916 1303
916 2531
918 2067
919 1040
919 1750
920 1868
923 2534
925 1224
926 1701
928 2063
929 1040
930 2569
931 1035
932 2707
934 2357
935 1884
936 2515
938 2296
939 2174
940 1070
941 2516
943 1367
948 2319
949 2406
950 1495
951 1749
952 2105
953 2565
956 1257
960 2078
961 2599
962 1810
963 2645
964 2197
965 1388
967 2707
969 1412
970 1738
971 1113
973 1224
974 2707
975 2098
976 1431
977 1358
977 1746
978 1284
979 2241
980 1778
983 1891
983 1261
984 1015
987 2359
988 1526
989 1343
990 1950
995 2103
996 1257
998 1358
999 1752
1000 2247
1001 1318
1002 1654
1003 2707
1006 2197
1009 1856
1011 2093
1013 1914
1014 2338
1015 1618
1016 2176
1018 2001
1020 2076
1021 1043
1023 1453
1026 1812
1027 1420
1027 1421
1028 1880
1028 1353
1031 2205
1032 2707
1033 1586
1034 2707
1035 1745
1037 1383
1040 1720
1040 1719
1042 1416
1043 2310
1044 2707
1045 1787
1046 1202
1047 2333
1049 1215
1050 2564
1052 1337
1053 1894
1054 1950
1055 1334
1061 1143
1062 1818
1066 1986
1068 1481
1069 1376
1070 1740
1074 1676
1076 1501
1079 1905
1081 1342
1083 2519
1084 1290
1085 1421
1087 2401
1088 2093
1089 1505
1090 2367
1091 2175
1092 1874
1093 2367
1094 1157
1095 1812
1098 2065
1099 1542
1101 2146
1102 2464
1103 1358
1104 1652
1105 1974
1106 2501
1107 1823
1108 2707
1109 2671
1110 1583
1111 1119
1114 2560
1116 1810
1117 1524
1119 2126
1120 2025
1121 1655
1122 1953
1123 1718
1124 1701
1125 1481
1126 1810
1127 1995
1128 1958
1130 1641
1131 1538
1135 1257
1136 1358
1137 1652
1140 1986
1144 1770
1146 2107
1147 2367
1148 2220
1149 1709
1150 1358
1151 2572
1152 2295
1154 1358
1155 1199
1157 1530
1158 2383
1159 1221
1161 1599
1163 1482
1164 1358
1167 1725
1168 1963
1169 1358
1170 1476
1172 1701
1173 1345
1175 1189
1176 1177
1178 1529
1180 1304
1181 2707
1182 2029
1185 1469
1186 2534
1190 2100
1191 2340
1196 1778
1198 2052
1198 2198
1199 1358
1200 1382
1201 2216
1202 1428
1203 1655
1205 1721
1206 2673
1207 2464
1208 2707
1209 2616
1212 1337
1214 1358
1216 2448
1217 1810
1219 1329
1220 1376
1223 1810
1224 1370
1226 1955
1228 2580
1230 1342
1231 2707
1232 1450
1234 1703
1235 1663
1237 1881
1238 1339
1241 1946
1247 1316
1251 1779
1252 2522
1256 2176
1257 2671
1259 2018
1261 1891
1264 1531
1267 1826
1269 1630
1270 1289
1272 1944
1274 1376
1275 1927
1276 1963
1277 2071
1279 2199
1280 2581
1282 1735
1283 1735
1284 1358
1285 2072
1288 1741
1289 2081
1292 1739
1293 2021
1294 1944
1303 2197
1305 1738
1311 1313
1315 1316
1316 2140
1317 1358
1319 1614
1320 1634
1323 1337
1327 2160
1328 2161
1331 1815
1332 1978
1338 2103
1339 1753
1340 1542
1341 1526
1344 2317
1347 2247
1350 2240
1350 2399
1351 1914
1352 1914
1353 1880
1354 2375
1355 1855
1356 2707
1357 2027
1359 1464
1361 1398
1362 1592
1363 1936
1368 1637
1371 2707
1374 1617
1374 1568
1376 1909
1378 2150
1380 2564
1381 1795
1384 1749
1385 1519
1386 2570
1390 2683
1391 1524
1392 2213
1394 1908
1395 1682
1396 2394
1397 2068
1399 2228
1402 2132
1404 2270
1405 2118
1406 1510
1408 1827
1410 2136
1411 1459
1413 1542
1414 2269
1415 2270
1421 2109
1422 2670
1423 1514
1424 1810
1425 1789
1426 2459
1427 1712
1432 1605
1433 1833
1436 2335
1437 1639
1440 1864
1441 1954
1442 1597
1445 1986
1447 2475
1448 1623
1449 2683
1450 2579
1452 2262
1453 1859
1454 1666
1455 2184
1458 2176
1460 1469
1461 1545
1462 2124
1463 2133
1467 2182
1468 1907
1469 2349
1473 2707
1480 1718
1482 1683
1483 2450
1488 2609
1489 1810
1492 1750
1497 1983
1498 1692
1501 2394
1503 1957
1505 2094
1510 2336
1514 2348
1516 1752
1517 2052
1518 2352
1521 1849
1522 1634
1523 1937
1527 1908
1530 1653
1532 1634
1533 2675
1534 2376
1535 2155
1540 2054
1543 1958
1544 2150
1544 2058
1546 1740
1549 1901
1550 1732
1552 2086
1553 1828
1554 2688
1557 1685
1558 2555
1559 2250
1560 1779
1562 1750
1563 2707
1565 1738
1565 1709
1569 2564
1571 1773
1572 2078
1574 1998
1576 1812
1577 1607
1580 2199
1581 1948
1582 2701
1582 2624
1584 1656
1591 2303
1594 2707
1595 2247
1595 2243
1596 2651
1601 1765
1601 1766
1603 1986
1608 2125
1614 1968
1615 2034
1615 1701
1620 1743
1621 1813
1625 1675
1626 1907
1632 2642
1639 2682
1640 2089
1643 2248
1644 1847
1644 1850
1646 1750
1647 2157
1649 2263
1651 2046
1659 2546
1662 1666
1664 2486
1667 1984
1669 1889
1671 2034
1673 2707
1675 1849
1677 2178
1678 2495
1680 2311
1681 1682
1688 2675
1695 2131
1697 2004
1702 1703
1705 2080
1711 1755
1712 1716
1713 1732
1718 1748
1719 1720
1722 1740
1726 1735
1730 1731
1730 1765
1740 2451
1744 1750
1745 1751
1746 1748
1747 1753
1758 2445
1761 2176
1768 1778
1774 1776
1785 1787
1788 1801
1791 1998
1792 2050
1793 1794
1797 1805
1799 1804
1806 1810
1811 1813
1815 1944
1817 1818
1830 2307
1831 1832
1835 2160
1840 1841
1842 2405
1843 1847
1843 1850
1846 1867
1852 1856
1855 1865
1866 1877
1870 1875
1871 1877
1878 1879
1879 1981
1880 1885
1882 2015
1889 2130
1890 2034
1891 2039
1894 2117
1896 1903
1906 1966
1907 1986
1922 1923
1923 1924
1945 1950
1946 1947
1951 1952
1955 1956
1957 2207
1969 2237
1974 2178
1977 1981
1984 2350
1987 2009
1992 2349
2000 2009
2001 2122
2011 2302
2013 2394
2027 2028
2040 2121
2051 2052
2053 2172
2057 2172
2058 2150
2066 2067
2068 2330
2069 2070
2077 2667
2082 2145
2084 2089
2087 2090
2095 2144
2102 2103
2111 2113
2114 2115
2138 2707
2145 2504
2188 2189
2220 2221
2223 2225
2227 2394
2230 2307
2236 2238
2257 2599
2284 2286
2290 2464
2305 2306
2329 2504
2330 2331
2345 2348
2368 2369
2374 2375
2387 2498
2389 2392
2389 2390
2390 2391
2410 2707
2413 2597
2424 2453
2431 2707
2443 2444
2444 2445
2447 2448
2454 2455
2487 2488
2509 2519
2548 2549
2555 2599
2556 2558
2566 2567
2570 2571
2586 2707
2600 2707
2619 2707
2626 2707
2634 2693
2635 2636
2657 2658
2661 2662
2672 2675
2674 2675
2686 2688
2704 2707
