0 1866
0 1701
1 332
1 1666
2 179
2 2003
3 901
3 903
4 982
4 1256
5 466
5 1659
6 1926
6 2073
7 901
7 902
8 2063
8 418
9 494
9 2614
10 1986
10 306
11 1894
11 979
12 2662
12 1318
13 1820
13 1869
14 486
14 1020
15 2367
15 1090
16 1756
16 364
17 2139
17 1301
18 133
18 1623
19 903
19 1542
20 392
20 2270
21 2309
21 1920
22 1702
22 1966
23 2160
23 2157
24 1870
24 1636
25 2315
25 1928
26 2455
26 99
27 351
27 2360
28 246
28 1003
29 706
29 258
30 61
30 1080
31 900
31 901
32 2423
32 666
33 2122
33 442
34 1041
34 1040
34 1750
35 1913
35 440
36 306
36 1505
37 349
37 2428
38 863
38 794
39 1234
39 94
40 402
40 1936
41 2388
41 596
42 842
42 2164
43 89
43 2240
44 2701
44 2624
45 2075
45 486
46 686
46 1284
47 2029
47 559
48 1952
48 788
49 382
49 2381
50 454
50 241
51 2212
51 2216
52 525
52 1628
53 1766
53 1358
54 2314
54 104
55 897
55 65
56 1849
56 1616
57 2021
57 1293
57 65
58 1154
58 1358
59 1740
59 1358
60 1190
60 1156
61 149
62 1042
62 839
63 904
63 2265
64 1737
64 1358
65 2418
66 904
66 2707
67 1441
67 747
68 1149
68 1709
69 1914
69 1464
70 2184
70 441
71 1095
71 745
72 1760
72 1718
73 2359
73 1358
74 1926
74 1118
75 2224
75 284
76 815
76 851
77 1072
77 354
78 733
78 994
79 795
79 1873
80 1628
80 2180
81 423
81 525
82 1461
83 1765
83 449
84 284
84 2224
85 1699
85 864
86 1889
86 2041
87 161
87 2016
88 1309
88 415
89 1369
89 963
90 155
90 1763
91 2003
91 2123
92 1836
92 898
93 437
93 645
94 1294
94 2356
95 2199
95 525
96 175
96 2023
97 1880
97 661
98 902
98 1013
99 2455
100 315
101 616
101 1745
102 1623
102 1779
103 306
103 1623
104 1065
104 864
105 2476
105 2651
106 902
106 903
107 1650
107 1360
108 2160
108 1504
109 2045
109 306
110 1509
110 1199
111 853
111 758
112 1770
112 608
113 1441
113 747
114 610
114 2287
115 277
115 252
115 682
116 1487
116 1399
117 2537
117 259
118 2112
118 1343
119 132
119 904
120 2405
120 1980
121 2251
121 1158
122 123
124 1656
124 153
125 1122
125 1555
126 2046
126 153
128 1414
128 2269
129 2184
129 1455
130 2467
130 815
131 683
131 2168
132 541
132 379
133 153
133 1769
134 505
134 2505
135 2329
135 2504
136 1733
136 741
136 1638
137 2095
137 2144
138 2045
138 1572
138 2078
139 1623
139 887
140 2289
140 444
141 1002
141 2033
142 2054
143 766
143 1821
144 213
144 537
145 2192
145 1593
146 1906
146 1435
147 1973
147 2108
148 378
148 2538
149 572
150 1331
150 875
151 627
151 2237
152 1530
152 2399
153 1772
154 1754
154 1358
155 817
155 156
156 1736
157 1875
157 1636
158 2037
158 791
159 2559
159 2076
160 745
160 1986
161 2016
162 498
162 2394
163 902
163 1579
164 356
164 1614
165 2707
165 1473
166 2387
166 638
167 1056
167 2438
168 2482
168 2437
169 2707
170 1753
171 482
171 180
172 756
172 1472
173 1725
173 687
174 1154
174 1749
175 1914
176 277
176 306
177 1639
177 2679
178 1641
178 2036
179 792
179 232
180 2075
180 2034
181 1914
181 1464
182 183
182 1837
183 1768
183 997
184 902
184 903
185 1542
185 332
186 1228
186 1536
187 904
187 903
188 1358
188 1714
189 1799
189 1262
190 2282
191 306
191 1197
192 667
192 642
192 591
193 2094
193 1276
194 1380
194 2564
195 2263
195 1839
196 627
196 1051
197 1868
197 2217
198 901
198 2248
199 465
199 2309
200 2676
200 1439
201 1870
201 1636
202 1173
202 353
203 470
203 1097
204 1908
204 818
204 593
206 2691
206 1986
207 1641
207 2036
208 901
208 903
209 1449
209 1390
209 2683
210 1079
210 1914
211 239
212 2258
212 1213
213 537
214 2195
214 324
215 1870
215 563
216 1440
216 1334
217 243
217 2648
218 2667
218 2075
219 251
219 1931
220 1763
220 1736
221 1736
222 908
222 901
223 2175
223 1358
224 1891
224 1812
225 902
225 2707
226 1867
226 1337
227 609
227 629
228 1761
228 689
229 2117
229 1508
230 1810
230 511
231 1986
231 869
232 1875
232 1701
233 2270
233 370
234 2288
235 1867
235 1337
236 2045
236 306
237 2632
237 2242
238 1827
238 1408
239 2418
240 756
240 512
241 454
242 2280
242 838
243 2473
244 1038
244 687
245 2707
245 1510
246 1721
246 1154
247 901
247 902
248 463
248 443
249 478
250 901
250 903
251 507
251 1413
252 822
252 539
253 1933
253 812
254 507
254 402
255 2030
256 1472
256 2186
257 734
257 736
258 706
258 1443
259 2537
260 903
260 2469
261 767
261 1479
262 604
262 1592
263 1358
263 1756
264 844
264 448
265 454
266 1115
266 2228
267 2606
268 2389
268 2392
268 2390
269 1083
269 1996
270 279
271 638
271 299
272 905
273 374
273 2146
274 1732
274 1145
275 706
275 1703
276 2131
276 1463
277 1583
277 2009
278 1992
278 2349
278 2589
279 518
279 2280
280 1224
280 2293
281 1325
281 972
282 540
283 348
283 1260
284 2224
285 1986
285 818
286 2120
286 588
287 902
287 2707
288 902
288 938
289 919
289 1070
290 2372
290 480
291 1469
291 2348
291 1514
292 903
292 1036
293 2707
293 2034
294 2045
295 1935
295 877
296 1756
296 732
297 1986
298 1325
298 1000
299 1484
300 1908
300 851
301 1731
302 306
302 308
303 1787
303 519
304 838
304 2344
305 1923
305 1924
306 2045
306 1623
307 901
307 902
308 519
309 733
309 1278
310 1945
310 1950
311 1147
311 1701
312 915
312 1358
313 2230
313 1134
314 581
315 347
315 1416
316 766
316 598
317 409
318 563
318 1337
319 1761
319 1358
320 2248
320 1643
321 2543
321 1083
322 1358
322 848
323 1983
324 1120
324 1039
325 1909
325 1013
326 1238
326 1752
327 1996
327 2063
328 2507
329 1072
329 1584
330 2380
330 2122
331 2450
332 2123
332 1986
333 1041
333 1040
334 1464
334 1851
335 1859
335 1453
336 1946
337 1745
337 1499
338 812
339 907
339 2376
340 1157
340 2463
341 687
341 1358
342 1800
342 945
343 1865
344 935
344 1884
345 1641
345 2036
346 1752
346 1750
347 423
347 525
348 1071
348 1138
349 2304
349 1869
350 1772
351 962
351 1814
352 1950
352 1946
353 1250
354 1072
355 902
355 1527
356 1394
356 621
357 1729
357 1229
358 364
358 1756
359 704
359 905
360 1827
360 1826
361 1449
361 1390
361 2683
362 1703
362 443
362 1971
363 1373
363 1687
364 1756
364 1358
365 902
365 1475
366 1127
366 1995
367 957
367 752
368 1257
368 2248
369 2484
369 2483
370 2270
370 392
371 392
371 2270
372 2556
372 1358
373 2051
373 1042
374 846
374 2146
375 963
375 2401
376 913
376 1224
377 2291
377 733
378 602
379 1959
380 930
380 2569
381 2518
381 1257
382 1665
382 424
383 1160
383 2291
384 1777
384 887
385 2483
385 2484
386 1894
386 2519
387 1670
388 2165
388 2491
389 2113
389 1483
390 901
390 2707
391 1709
392 2269
393 1543
393 701
393 1881
394 2351
394 577
395 765
395 1090
396 1986
397 1065
397 411
398 644
398 2367
399 1623
400 2270
400 1183
401 794
401 1065
402 1936
402 1413
403 2444
403 2445
404 1170
404 1476
405 1435
406 843
406 2083
407 1012
407 948
408 736
408 423
409 2318
409 695
410 2235
410 1955
411 1542
411 2601
412 1849
412 447
413 2149
413 2146
413 846
414 496
414 2113
415 1013
416 1864
417 1802
418 2543
418 2551
419 2427
419 465
420 2309
420 1701
421 2212
421 2214
422 902
422 903
424 1980
424 1981
425 533
425 1007
426 1772
427 513
427 1398
428 1135
428 2249
429 1160
429 2034
430 691
430 1891
430 1261
431 2694
431 2695
432 2462
433 1981
433 885
434 1693
434 2499
435 678
435 2302
436 1842
436 2405
437 438
438 651
439 823
439 853
440 895
441 1296
441 973
442 2122
443 1234
444 1102
444 2464
445 892
445 1986
446 1343
446 2030
447 1849
448 844
449 800
449 1189
450 2518
450 1050
451 2284
451 973
452 910
452 608
453 1278
453 1818
454 1851
455 2147
456 1580
456 1628
457 2215
457 2214
458 1470
458 2363
459 1779
460 1434
460 745
461 1869
462 900
462 902
463 1971
463 1966
464 580
464 1742
465 469
465 2309
466 2365
466 1358
467 1857
468 2080
468 1312
469 1997
469 923
470 1097
471 1421
472 1824
472 1579
473 1451
473 2474
474 900
474 2707
475 1838
475 485
476 1072
476 519
477 930
477 2569
478 621
479 753
479 1022
480 687
481 1814
481 1358
482 1348
482 1810
483 816
483 1980
484 1623
485 2051
485 2052
486 2075
487 1782
488 2464
488 515
489 2451
489 1740
490 1526
491 901
491 2135
492 2671
492 1257
493 2365
493 1358
494 723
494 1599
495 2161
495 1328
496 644
497 1848
498 1494
499 2458
499 2649
500 1957
500 2242
501 580
501 1750
502 1999
502 666
503 2348
503 574
504 1420
505 1623
506 1849
507 1413
507 1542
508 1991
508 1768
509 1101
509 1242
510 836
510 1909
511 962
512 756
513 1361
514 661
515 2290
515 2464
516 661
517 2546
518 1973
520 2707
520 901
521 1875
521 547
521 2707
522 2098
523 863
523 2043
524 1145
524 1169
525 1628
526 1427
526 1154
528 906
528 2100
529 2259
529 2260
530 2086
531 1666
531 2230
532 1337
533 1758
533 1007
534 883
535 1740
535 2451
536 631
538 900
538 901
539 1849
541 1650
542 1770
542 1775
543 2418
543 1068
545 900
545 2707
546 2489
546 2124
547 1636
548 2228
548 2229
549 1810
549 1095
550 2151
550 1495
552 823
553 745
553 1986
554 1851
554 581
555 2133
555 2131
556 1072
556 1251
557 1745
558 1358
559 2029
559 1183
560 900
560 585
561 2176
562 969
562 1412
564 1509
564 1072
565 1528
565 1358
566 968
566 673
567 2359
568 962
570 2430
571 696
572 1118
573 2407
573 1779
574 2348
575 1131
575 1382
576 2001
576 1692
577 1129
577 2351
578 661
578 1526
579 2296
579 2309
580 1742
580 1358
582 623
583 2222
584 2464
585 900
586 1118
586 1131
587 900
587 2707
588 1051
589 2252
590 1957
590 1958
591 642
591 2472
592 902
592 903
593 809
593 1908
594 2194
594 663
595 982
596 711
597 1635
598 1701
599 1090
599 2367
600 1420
600 1421
601 809
603 1651
603 1810
604 1592
605 1159
605 729
606 1810
606 2578
607 1290
607 785
608 1775
609 1749
609 1041
610 2287
610 2288
611 902
611 903
612 1955
612 676
613 1389
613 1546
614 2470
614 1475
615 1287
616 1750
616 1709
617 1497
618 2027
618 2230
619 2021
619 2418
620 729
622 2206
622 2204
623 2289
623 2464
624 2198
624 2051
625 901
625 2707
626 1249
626 1610
628 1734
628 1358
630 682
631 2349
631 1513
632 903
632 1718
633 699
633 1862
634 1399
635 2150
635 1378
636 2291
636 2182
638 1143
638 2383
639 900
639 811
640 1147
640 2367
641 900
641 901
642 2472
642 1017
643 2185
643 1313
644 1914
645 1713
645 1824
646 1959
646 1537
647 1360
649 1092
649 1019
650 957
651 2024
652 854
652 857
653 901
653 902
656 2089
656 1775
657 1229
657 867
658 2486
658 2146
659 1803
660 1780
660 910
661 1958
661 854
662 901
662 902
663 2194
664 1867
664 1337
665 2003
665 2040
666 2423
668 1494
668 1981
669 2534
669 2247
670 2373
670 2000
671 1583
672 817
673 968
674 897
674 717
675 934
675 2357
676 1179
677 902
677 1112
678 1265
678 2291
679 2189
679 2266
679 948
680 731
680 2200
681 1704
681 687
682 2153
682 1583
683 2168
684 1483
684 1735
686 1604
686 1738
687 2359
687 1358
688 2673
688 2538
689 1040
689 1719
690 1865
690 1132
691 1891
691 791
692 901
692 902
693 734
693 1013
694 801
694 1072
695 1682
695 1681
696 737
696 743
697 2162
697 738
700 901
700 902
701 1543
701 1237
702 1377
702 1973
703 2516
703 1022
704 2450
704 1483
705 1493
705 2043
706 1443
707 1635
708 819
708 1724
709 1897
709 793
710 1392
711 1077
712 1013
712 1359
713 900
713 901
714 2518
715 2233
715 2292
715 1265
716 795
716 1821
717 897
718 1008
718 1985
720 1415
720 1619
721 901
721 902
722 1567
722 1874
724 2228
724 1396
725 755
726 2672
726 1109
727 2570
727 2571
728 1911
728 1470
729 1607
729 981
730 901
730 2177
731 1279
731 2186
732 1358
733 2291
734 2181
734 736
735 1958
735 739
736 2181
737 1309
738 2162
739 1881
740 2034
740 1002
741 1733
741 831
742 1358
743 745
743 2009
744 1742
745 1986
746 2477
746 2163
747 1842
748 1358
749 2312
751 1388
751 964
752 1557
752 1757
754 1743
754 1620
756 1472
756 1692
757 902
757 1604
758 1169
759 963
759 1062
760 1073
761 963
763 2383
764 819
764 1103
765 1090
767 1479
768 1723
768 1358
769 1928
769 1924
770 2118
770 1508
771 1156
771 2021
772 905
772 1013
773 2107
773 1801
774 2707
774 2526
775 1020
775 790
776 1936
777 1368
777 779
777 822
778 779
778 1919
779 1525
779 1919
780 903
780 2707
781 2594
782 907
782 1162
783 2376
783 911
785 2147
786 903
786 902
787 1983
788 1002
789 1702
790 1814
790 1807
791 1889
791 1807
792 2338
793 1897
794 863
795 1821
796 1292
797 1834
797 1189
798 1794
798 1796
799 1728
799 2555
799 2599
800 1833
800 2359
802 922
803 2101
803 830
804 922
804 2536
805 1141
806 2503
807 1956
807 1226
808 924
808 893
809 1523
809 2227
810 984
810 1015
811 2493
812 1933
813 1202
813 911
814 2383
814 1051
815 851
816 2405
816 1979
817 1358
818 1908
818 851
819 1756
820 889
820 1830
821 903
821 902
822 1637
823 1720
823 1719
824 926
824 889
825 1719
825 1492
825 1750
826 1879
826 2288
827 2156
828 2289
828 2464
829 902
829 1810
830 1674
830 1675
831 1072
832 901
832 2707
833 1641
833 2495
834 1557
834 2169
835 1299
835 962
836 2045
837 1366
837 2679
838 1195
838 2280
839 1042
839 2219
840 1902
841 1812
841 1968
842 2166
842 2010
843 1937
843 1523
845 1297
846 1101
847 1926
847 1682
848 1149
848 1358
849 1063
849 2351
850 1013
850 1359
851 2178
851 1677
852 1072
853 1720
854 1115
855 2471
855 2398
856 2249
856 1138
857 1115
859 2448
859 2026
860 1725
860 1742
861 1377
861 2054
862 1265
862 1160
865 904
865 1920
866 1364
867 1229
868 2425
869 1864
869 1701
870 1111
870 2125
871 2442
871 2440
873 1708
873 1701
874 1867
874 1337
875 1944
875 1947
876 1751
876 1189
877 1935
877 1542
878 1982
878 1039
879 2329
880 1661
880 1583
881 1214
881 1566
882 1041
882 1040
882 1750
884 1087
885 2156
885 1332
886 1952
886 1002
887 910
887 1779
888 2470
889 1834
889 2045
890 2227
890 1314
891 1495
891 1900
892 1946
892 1944
892 1947
893 2376
893 2382
894 1598
895 1296
895 1913
896 1403
896 1869
896 2304
897 1927
898 1835
898 2157
899 968
900 2707
901 2186
902 1358
903 2112
904 1959
904 1022
905 1483
906 1129
907 1362
907 1535
908 1293
908 1644
909 1434
911 2383
912 1891
912 1261
914 1942
915 1725
915 1358
916 2034
916 1303
916 2531
917 2707
918 1477
918 2067
919 1041
919 1040
919 1750
920 1297
920 1868
922 2536
923 2534
925 1224
926 2582
926 1701
927 1679
928 1325
928 2063
929 1750
929 1040
930 2569
931 2359
931 1035
932 2707
934 2357
935 1884
936 1154
936 2515
937 1304
938 2296
939 2707
939 2174
940 1826
940 1070
941 2516
942 1031
943 2300
943 1367
945 2145
946 1703
948 1012
948 2319
949 2406
950 1495
951 1205
951 1749
952 2105
953 2566
953 2565
955 1464
956 2678
956 1257
957 2083
958 1805
959 2707
960 2078
961 2555
961 2599
962 2034
962 1810
963 2399
963 2645
964 1388
964 2197
965 1388
966 1908
967 2707
968 1870
969 2113
969 1412
970 2642
970 1738
971 1360
971 1113
972 1325
973 1224
974 2707
975 2098
976 1284
976 1431
977 1748
977 1358
977 1746
978 1103
978 1284
979 1441
979 2241
980 1158
980 1778
981 1577
982 1256
983 1891
983 1261
984 1015
985 1599
987 2359
988 1526
989 1507
989 1343
990 1577
990 1950
992 1914
995 2102
995 2103
996 2249
996 1257
997 1768
998 1358
999 1040
999 1752
1000 2580
1000 2247
1001 2662
1001 1318
1002 1654
1003 2707
1005 2707
1006 2197
1007 1742
1008 1468
1009 1856
1011 1088
1011 2093
1013 1914
1014 2339
1014 2338
1015 2335
1015 1618
1016 1256
1016 2176
1017 1078
1018 2001
1019 1456
1020 2076
1021 1043
1022 1962
1023 1876
1023 1453
1024 2707
1026 1614
1026 1812
1027 1420
1027 1421
1028 1880
1028 1353
1029 2112
1031 2041
1031 2205
1032 2707
1033 1358
1033 1586
1034 2707
1035 1745
1037 1742
1037 1383
1038 1723
1039 2024
1040 1720
1040 1719
1041 2446
1042 1602
1042 1416
1043 1399
1043 2310
1044 2707
1045 1772
1045 1787
1046 1510
1046 1202
1047 2055
1047 2333
1048 2707
1049 1054
1049 1215
1050 1349
1050 2564
1052 1867
1052 1337
1053 1405
1053 1894
1054 1542
1054 1950
1055 1221
1055 1334
1056 2482
1061 1367
1061 1143
1062 1809
1062 1818
1063 2351
1064 1129
1066 1986
1067 2446
1068 2265
1068 1481
1069 1376
1070 1740
1072 1358
1073 1821
1074 1914
1074 1676
1076 1501
1077 1743
1078 1423
1079 1983
1079 1905
1080 2162
1081 2563
1081 1342
1083 2519
1084 1290
1085 1396
1085 1421
1086 2509
1087 2401
1088 2093
1089 1505
1090 1598
1090 2367
1091 1256
1091 2175
1092 2501
1092 1874
1093 2367
1094 2399
1094 1157
1095 1812
1096 2329
1098 1477
1098 2065
1099 1221
1099 1542
1100 1636
1101 2148
1101 2146
1102 2464
1103 1739
1103 1358
1104 1137
1104 1652
1105 1879
1105 1974
1106 2501
1107 1299
1107 1823
1108 2707
1109 2675
1109 2671
1110 2155
1110 1583
1111 1273
1111 1119
1113 1360
1114 1731
1114 2560
1116 1810
1117 1524
1118 1925
1119 1273
1119 2126
1120 1224
1120 2025
1121 2282
1121 1655
1122 1953
1123 1760
1123 1718
1124 2579
1124 1701
1125 2051
1125 1481
1126 1810
1127 1995
1128 1958
1130 1641
1131 1538
1132 1865
1133 1500
1135 2249
1135 1257
1136 1358
1137 1652
1139 2172
1140 1986
1141 1417
1144 1770
1146 1552
1146 2107
1147 2367
1148 1317
1148 2220
1149 1709
1150 1358
1151 2572
1152 2295
1154 1358
1155 2439
1155 1199
1156 1983
1157 2399
1157 1530
1158 2383
1159 1221
1161 1599
1163 1616
1163 1482
1164 1358
1165 1593
1166 1870
1167 1358
1167 1725
1168 1963
1169 1765
1169 1358
1170 1476
1171 2372
1172 1857
1172 1701
1173 1345
1174 1309
1175 1189
1176 1413
1176 1177
1177 1413
1178 1266
1178 1529
1179 1226
1180 1304
1181 2707
1182 2029
1184 2101
1185 2358
1185 1469
1186 2534
1190 2427
1190 2100
1191 2340
1192 1265
1194 1366
1195 2280
1196 1778
1197 2326
1198 2051
1198 2052
1198 2198
1199 1358
1200 1382
1201 2216
1202 1428
1203 1655
1204 2068
1205 1754
1205 1721
1206 2673
1207 2290
1207 2464
1208 2707
1209 1737
1209 2616
1210 2707
1211 1300
1212 1867
1212 1337
1213 1664
1214 1776
1214 1358
1215 1655
1216 2447
1216 2448
1217 1810
1218 2155
1219 2303
1219 1329
1220 1376
1221 1542
1222 1660
1223 1810
1224 1914
1224 1370
1226 1955
1227 1880
1228 2580
1230 2563
1230 1342
1231 2707
1232 2114
1232 1450
1234 2238
1234 1703
1235 1663
1236 2707
1237 1958
1237 1881
1238 1339
1239 1986
1240 2645
1241 1944
1241 1946
1244 1759
1245 1623
1247 2140
1247 1316
1248 2045
1249 1610
1250 2221
1251 1560
1251 1779
1252 2439
1252 2522
1256 2176
1257 2671
1259 2018
1261 1891
1262 1798
1263 2707
1264 1531
1265 2291
1266 1908
1267 1824
1267 1826
1269 1974
1269 1630
1270 1614
1270 1289
1271 2367
1272 1947
1272 1944
1274 1376
1275 1416
1275 1927
1276 1961
1276 1963
1277 1898
1277 2071
1278 1818
1279 2199
1280 2581
1281 1358
1282 2324
1282 1735
1283 1735
1284 1358
1285 2232
1285 2072
1288 1741
1289 2081
1291 1660
1292 1720
1292 1739
1293 2021
1294 1944
1295 1986
1296 1913
1298 2707
1299 1875
1300 1413
1303 2162
1303 2197
1305 1738
1306 2642
1307 1406
1309 1912
1311 1313
1312 2407
1314 1882
1315 2140
1315 1316
1316 2140
1317 1358
1319 1614
1320 1634
1322 1324
1323 1867
1323 1337
1325 2543
1326 2063
1327 2160
1328 2161
1329 2268
1330 1838
1331 1581
1331 1815
1332 1978
1333 2194
1338 2102
1338 2103
1339 1753
1340 1931
1340 1542
1341 2099
1341 1526
1342 2563
1344 2317
1346 2045
1347 2247
1348 1812
1350 2645
1350 2240
1350 2399
1351 1652
1351 1914
1352 1918
1352 1914
1353 1878
1353 1880
1354 1414
1354 2375
1355 1855
1356 2707
1357 2009
1357 2027
1358 1765
1359 1464
1360 1904
1361 1398
1362 1592
1363 1936
1366 1545
1367 1798
1368 1637
1370 1914
1371 2707
1372 1914
1374 1617
1374 1568
1376 2182
1376 1909
1378 2150
1379 2564
1380 2564
1381 1794
1381 1795
1383 2503
1384 1749
1385 1481
1385 1519
1386 2570
1390 2248
1390 2683
1391 1524
1392 2213
1394 1908
1395 1682
1396 2394
1397 2068
1399 2395
1399 2228
1400 1573
1401 1653
1402 1914
1402 2132
1403 1850
1404 2270
1405 2117
1405 2118
1406 1510
1408 1409
1408 1827
1409 1827
1410 1842
1410 2136
1411 1459
1412 2113
1413 1542
1414 2269
1415 2270
1416 1927
1417 1419
1419 2337
1421 2110
1421 2109
1422 2248
1422 2670
1423 1514
1424 1810
1425 1789
1426 2460
1426 2459
1427 1712
1428 2336
1432 1948
1432 1605
1433 1833
1434 1453
1436 2337
1436 2335
1437 2671
1437 1639
1439 2676
1440 1864
1441 1954
1442 1597
1444 1752
1445 1446
1445 1986
1446 1986
1447 2317
1447 2475
1448 1623
1449 2683
1450 2579
1452 1519
1452 2262
1453 1859
1454 1666
1455 1537
1455 2184
1458 2176
1459 1770
1460 2358
1460 1469
1461 1545
1462 2577
1462 2124
1463 2133
1464 2480
1467 2182
1468 1907
1469 1692
1469 2349
1473 2707
1474 2001
1477 2065
1478 1802
1480 1760
1480 1718
1482 1683
1483 1743
1483 2450
1484 2386
1485 1592
1486 1756
1487 1676
1488 1558
1488 2609
1489 1810
1490 2089
1492 1750
1497 1983
1498 1692
1499 1745
1501 2394
1502 2241
1503 2207
1503 1957
1504 2209
1505 2094
1508 1894
1510 2387
1510 2336
1511 2335
1512 2095
1514 2348
1516 1752
1517 2052
1518 2353
1518 2352
1521 1849
1522 1986
1522 1634
1523 1937
1524 2408
1525 1919
1527 1908
1529 2350
1530 1653
1532 2473
1532 1634
1533 2673
1533 2675
1534 2520
1534 2376
1535 2155
1536 2580
1538 2185
1539 1592
1540 2054
1543 1881
1543 1958
1544 2150
1544 2058
1545 2249
1546 1710
1546 1740
1549 1901
1550 1732
1551 2045
1552 2107
1552 2086
1553 1826
1553 1828
1554 1657
1554 2688
1555 1953
1557 2083
1557 1685
1558 2339
1558 2555
1559 2250
1560 1779
1562 1750
1563 2707
1565 1738
1565 1709
1566 2015
1567 2501
1568 1753
1569 2564
1571 1773
1572 2078
1574 2009
1574 1998
1575 2647
1576 1811
1576 1812
1577 1950
1577 1607
1580 2199
1581 1815
1581 1948
1582 2701
1582 2624
1584 1656
1587 1660
1589 1725
1591 2303
1593 2192
1594 2707
1595 2247
1595 2243
1596 2651
1599 1716
1601 1739
1601 1765
1601 1766
1603 1986
1608 2125
1613 2707
1614 1929
1614 1968
1615 2034
1615 1701
1616 1849
1618 2262
1620 1743
1621 1813
1623 2045
1625 1675
1626 1907
1628 2054
1629 2546
1632 2642
1635 2382
1638 1733
1639 2682
1640 1782
1640 2089
1643 2250
1643 2248
1644 1843
1644 1847
1644 1850
1645 2436
1646 1750
1647 2209
1647 2157
1649 2263
1651 2046
1652 1914
1655 2281
1657 2687
1659 2546
1661 2045
1662 1666
1663 2127
1664 2486
1665 1807
1666 2041
1667 1984
1669 1889
1671 2034
1673 2707
1675 1849
1677 2178
1678 2495
1680 2311
1681 1682
1684 2147
1688 2675
1690 2030
1695 2131
1697 2004
1701 1986
1702 1966
1702 1703
1703 1966
1704 1873
1705 2080
1710 2359
1711 1755
1712 1716
1713 1732
1718 1748
1719 1720
1722 1740
1726 2083
1726 1735
1728 2555
1729 1740
1730 1731
1730 1765
1731 1765
1733 1740
1734 1745
1740 2597
1740 2451
1744 1750
1745 1751
1746 1751
1746 1748
1747 1753
1758 2444
1758 2445
1761 2176
1767 1778
1768 1779
1768 1778
1773 1782
1774 1777
1774 1776
1775 1782
1778 1779
1785 1787
1786 2082
1788 2086
1788 1801
1791 2385
1791 1998
1792 2050
1793 1795
1793 1794
1794 1795
1795 2297
1796 2299
1797 1805
1799 1804
1802 1804
1806 2306
1806 1810
1807 1889
1808 1809
1811 1813
1815 1944
1817 1818
1826 1828
1830 2307
1831 1832
1833 2359
1835 2159
1835 2160
1840 1841
1842 2405
1843 1847
1843 1850
1846 1865
1846 1867
1852 1856
1853 1867
1854 1867
1855 1866
1855 1865
1860 1867
1861 1867
1866 1877
1870 1875
1871 1877
1873 1875
1878 1879
1879 2099
1879 1981
1880 1885
1882 2015
1889 2034
1889 2130
1890 1891
1890 2034
1891 2039
1894 2118
1894 2117
1896 1902
1896 1903
1898 1900
1901 2285
1902 1960
1906 1966
1907 2059
1907 1986
1908 1984
1910 2252
1912 2385
1922 1923
1923 1924
1927 2059
1929 1968
1940 1941
1944 1950
1945 1950
1946 1947
1951 1952
1955 1956
1957 2207
1967 1969
1969 2237
1970 2238
1972 2282
1974 2178
1977 1979
1977 1981
1978 2024
1979 1980
1984 2350
1987 2009
1992 2008
1992 2349
2000 2009
2001 2122
2002 2003
2003 2380
2011 2302
2013 2394
2027 2028
2031 2112
2032 2034
2040 2121
2049 2181
2051 2189
2051 2052
2053 2172
2054 2182
2055 2333
2057 2172
2058 2150
2060 2062
2061 2062
2066 2067
2068 2330
2069 2070
2072 2233
2075 2667
2077 2668
2077 2667
2082 2145
2084 2089
2087 2090
2095 2144
2102 2103
2109 2394
2111 2113
2114 2115
2125 2126
2131 2133
2138 2707
2145 2504
2146 2148
2151 2153
2157 2160
2158 2160
2174 2707
2188 2189
2193 2195
2196 2197
2204 2206
2211 2355
2212 2215
2213 2216
2214 2215
2215 2216
2220 2221
2223 2225
2227 2394
2228 2395
2230 2307
2236 2238
2245 2247
2246 2509
2247 2579
2248 2671
2255 2707
2257 2599
2259 2260
2262 2376
2284 2286
2285 2436
2289 2464
2290 2464
2298 2299
2299 2464
2305 2306
2310 2653
2329 2504
2330 2331
2331 2504
2332 2335
2334 2597
2345 2348
2346 2358
2349 2590
2351 2352
2352 2353
2355 2357
2368 2369
2374 2375
2376 2524
2387 2498
2389 2392
2389 2390
2390 2391
2391 2392
2410 2707
2413 2597
2415 2597
2424 2453
2429 2707
2431 2707
2437 2482
2439 2440
2440 2442
2443 2444
2444 2445
2447 2448
2454 2455
2458 2649
2462 2707
2469 2470
2483 2484
2487 2488
2500 2501
2509 2519
2522 2523
2526 2707
2529 2707
2540 2632
2544 2707
2548 2549
2555 2599
2556 2558
2565 2566
2566 2567
2570 2571
2574 2707
2579 2580
2586 2707
2600 2707
2606 2707
2617 2707
2618 2707
2619 2707
2626 2707
2629 2707
2633 2707
2634 2693
2635 2707
2635 2636
2636 2707
2657 2658
2660 2707
2661 2662
2672 2675
2674 2675
2686 2688
2692 2707
2694 2695
2703 2707
2704 2707
2706 2707
