0 1166
0 1866
0 1701
1 1454
1 332
1 1666
2 2006
2 179
2 2003
3 2707
3 901
3 903
4 595
4 982
4 1256
5 952
5 466
5 1659
6 1025
6 1926
6 2073
7 2707
7 901
7 902
8 2064
8 2063
8 418
9 1599
9 2614
9 494
10 1800
10 1986
10 306
11 2295
11 979
11 1894
12 1001
12 2662
12 1318
13 1299
13 1820
13 1869
14 2076
14 1020
14 486
15 1093
15 2367
15 1090
16 2503
16 1756
16 364
17 927
17 2139
17 1301
18 660
18 133
18 1623
19 904
19 903
19 1542
20 773
20 392
20 2270
21 904
21 2309
21 1920
22 1703
22 1702
22 1966
23 904
23 2160
23 2157
24 2141
24 1870
24 1636
25 1316
25 2315
25 1928
26 122
26 2455
26 99
27 1817
27 351
27 2360
28 1721
28 246
28 1003
29 1443
29 706
29 258
30 1750
30 61
30 1080
31 902
31 900
31 901
32 242
32 2423
32 666
33 893
33 2122
33 442
34 1751
34 1041
34 1040
34 1750
35 1296
35 1913
35 440
36 2107
36 306
36 1505
37 1184
37 349
37 2428
38 733
38 863
38 794
39 82
39 1234
39 94
40 1413
40 402
40 1936
41 175
41 2388
41 596
42 1362
42 2164
42 842
43 963
43 89
43 2240
44 901
44 2701
44 2624
45 2008
45 2075
45 486
46 1358
46 1284
46 686
47 1182
47 2029
47 559
48 2381
48 1952
48 788
49 382
49 2381
50 1707
50 454
50 241
51 1201
51 2212
51 2216
52 2182
52 525
52 1628
53 1284
53 1766
53 1358
54 1701
54 2314
54 104
55 438
55 897
55 65
56 412
56 1616
56 1849
57 1293
57 2021
57 65
58 902
58 1154
58 1358
59 1765
59 1740
59 1358
60 2450
60 1190
60 1156
61 738
61 149
62 2219
62 1042
62 839
63 903
63 904
63 2265
64 2616
64 1737
64 1358
65 239
65 2418
66 903
66 904
66 2707
67 113
67 747
67 1441
68 2001
68 1149
68 1709
69 1675
69 1464
69 1914
70 344
70 2184
70 441
71 1434
71 1095
71 745
72 1748
72 1760
72 1718
73 1189
73 2359
73 1358
74 1042
74 1926
74 1118
75 2225
75 2224
75 284
76 737
76 815
76 851
77 1803
77 354
77 1072
78 733
78 994
79 522
79 795
79 1873
80 142
80 1628
80 2180
81 2182
81 423
81 525
82 2248
82 1461
83 1750
83 449
83 1765
84 2222
84 284
84 2224
85 2211
85 1699
85 864
86 1807
86 1889
86 2041
87 118
87 161
87 2016
88 2178
88 1309
88 415
89 1401
89 1369
89 963
90 1736
90 155
90 1763
91 2001
91 2003
91 2123
92 1835
92 1836
92 898
93 2423
93 437
93 645
94 2011
94 1294
94 2356
95 1388
95 2199
95 525
96 2164
96 175
96 2023
97 1353
97 661
97 1880
98 2707
98 902
98 1013
99 122
99 2455
100 408
100 315
101 1751
101 616
101 1745
102 459
102 1623
102 1779
103 1775
103 306
103 1623
104 1096
104 1065
104 864
105 1358
105 2651
105 2476
106 904
106 902
106 903
107 904
107 1650
107 1360
108 2158
108 2160
108 1504
109 1623
109 2045
109 306
110 2460
110 1509
110 1199
111 1358
111 853
111 758
112 1772
112 1770
112 608
113 1441
113 747
114 2288
114 610
114 2287
115 630
115 277
115 252
115 682
116 2228
116 1487
116 1399
117 894
117 2537
117 259
118 1645
118 2112
118 1343
119 2286
119 132
119 904
120 816
120 2405
120 1980
121 2252
121 2251
121 1158
122 123
123 2455
124 1346
124 1656
124 153
125 1276
125 1122
125 1555
126 2046
126 153
127 901
128 1415
128 1414
128 2269
129 193
129 2184
129 1455
130 2394
130 2467
130 815
131 1546
131 683
131 2168
132 904
132 541
132 379
133 519
133 153
133 1769
134 350
134 505
134 2505
135 2145
135 2504
135 2329
136 741
136 1733
136 1638
137 2331
137 2095
137 2144
138 2045
138 1572
138 2078
139 153
139 1623
139 887
140 515
140 2289
140 444
141 1983
141 1002
141 2033
142 525
142 2054
143 1636
143 766
143 1821
144 1165
144 213
144 537
145 537
145 2192
145 1593
146 1152
146 1906
146 1435
147 1534
147 1973
147 2108
148 996
148 378
148 2538
149 1410
149 572
150 1542
150 1331
150 875
151 2001
151 627
151 2237
152 963
152 1530
152 2399
153 1772
154 1339
154 1754
154 1358
155 1358
155 817
155 156
156 1763
156 1736
157 869
157 1875
157 1636
158 1665
158 791
158 2037
159 2559
159 2076
160 553
160 745
160 1986
161 2016
162 815
162 2394
162 498
163 903
163 902
163 1579
164 1907
164 356
164 1614
165 2706
165 2707
165 1473
166 1970
166 638
166 2387
167 2437
167 1056
167 2438
168 1056
168 2482
168 2437
169 1473
169 2707
170 1754
170 1753
171 1810
171 482
171 180
172 1692
172 756
172 1472
173 1710
173 1725
173 687
174 580
174 1154
174 1749
175 596
175 1914
176 277
176 306
177 1257
177 1639
177 2679
178 1678
178 1641
178 2036
179 1453
179 792
179 232
180 218
180 2075
180 2034
181 908
181 1914
181 1464
182 997
182 183
182 1837
183 1837
183 997
183 1768
184 2707
184 902
184 903
185 598
185 1542
185 332
186 2580
186 1228
186 1536
187 2707
187 904
187 903
188 1731
188 1358
188 1714
189 2476
189 1262
189 1799
190 906
190 2282
191 306
191 1197
192 667
192 642
192 591
193 2094
193 1276
194 1569
194 1380
194 2564
195 1966
195 2263
195 1839
196 2044
196 627
196 1051
197 551
197 1868
197 2217
198 2707
198 901
198 2248
199 1701
199 465
199 2309
200 893
200 2676
200 1439
201 1875
201 1870
201 1636
202 2507
202 1173
202 353
203 1529
203 470
203 1097
204 737
204 1908
204 818
204 593
205 1862
206 2691
206 1986
207 1678
207 1641
207 2036
208 2707
208 901
208 903
209 1449
209 1390
209 2683
210 717
210 1914
210 1079
211 2137
211 239
212 902
212 2258
212 1213
213 1165
213 537
214 2193
214 2195
214 324
215 335
215 1870
215 563
216 1413
216 1440
216 1334
217 473
217 2648
217 243
218 2667
218 2075
219 812
219 251
219 1931
220 221
220 1763
220 1736
221 1736
222 902
222 908
222 901
223 1715
223 2175
223 1358
224 1894
224 1891
224 1812
225 903
225 902
225 2707
226 1867
226 1337
227 933
227 609
227 629
228 687
228 1761
228 689
229 1894
229 2117
229 1508
230 1811
230 1810
230 511
231 1701
231 869
231 1986
232 1875
232 1701
233 392
233 2270
233 370
234 2287
234 2288
235 1867
235 1337
236 1776
236 2045
236 306
237 2540
237 2632
237 2242
238 1409
238 1827
238 1408
239 2021
239 2418
240 2187
240 756
240 512
241 1707
241 454
242 270
242 838
242 2280
243 2647
243 2473
244 1740
244 1038
244 687
245 902
245 2707
245 1510
246 2530
246 1721
246 1154
247 903
247 901
247 902
248 1264
248 443
248 463
249 2018
249 478
250 2707
250 901
250 903
251 812
251 507
251 1413
252 454
252 822
252 539
253 402
253 1933
253 812
254 507
254 402
255 1507
255 2030
256 2187
256 1472
256 2186
257 1388
257 734
257 736
258 1157
258 706
258 1443
259 894
259 2537
260 904
260 903
260 2469
261 318
261 767
261 1479
262 1972
262 604
262 1592
263 819
263 1358
263 1756
264 1829
264 844
264 448
265 1707
265 454
266 1630
266 1115
266 2228
267 314
267 2606
268 2392
268 2389
268 2390
269 281
269 1083
269 1996
270 1131
270 279
271 808
271 638
271 299
272 2707
272 905
273 413
273 374
273 2146
274 1333
274 1732
274 1145
275 963
275 706
275 1703
276 2133
276 2131
276 1463
277 745
277 1583
277 2009
278 1992
278 2349
278 2589
279 518
279 2280
280 1131
280 1224
280 2293
281 2543
281 1325
281 972
282 1538
282 540
283 1138
283 348
283 1260
284 2224
285 1976
285 1986
285 818
286 698
286 2120
286 588
287 903
287 902
287 2707
288 903
288 902
288 938
289 1772
289 919
289 1070
290 1358
290 480
290 2372
291 2347
291 1469
291 2348
291 1514
292 902
292 903
292 1036
293 903
293 2707
293 2034
294 2091
294 2045
295 1542
295 1935
295 877
296 364
296 1756
296 732
297 1301
297 1986
298 2063
298 1325
298 1000
299 2498
299 1484
300 1309
300 1908
300 851
301 1040
301 1731
302 2089
302 306
302 308
303 308
303 1787
303 519
304 1708
304 838
304 2344
305 1923
305 1924
306 2045
306 1623
307 903
307 901
307 902
308 2046
308 519
309 2291
309 733
309 1278
310 1944
310 1950
310 1945
311 902
311 1147
311 1701
312 2558
312 1358
312 915
313 902
313 2230
313 1134
314 1783
314 581
315 525
315 1416
315 347
316 1297
316 766
316 598
317 1196
317 409
318 1787
318 563
318 1337
319 904
319 1761
319 1358
320 432
320 1643
320 2248
321 2543
321 1083
322 1721
322 1358
322 848
323 1652
323 1983
324 2193
324 1120
324 1039
325 438
325 1909
325 1013
326 1753
326 1238
326 1752
327 1326
327 1996
327 2063
328 2359
328 2507
329 1782
329 1072
329 1584
330 2001
330 2380
330 2122
331 415
331 2450
332 2123
332 1986
333 1751
333 1041
333 1040
334 471
334 1464
334 1851
335 1870
335 1859
335 1453
336 1272
336 1946
337 1716
337 1745
337 1499
338 877
338 812
339 901
339 907
339 2376
340 2289
340 1157
340 2463
341 2597
341 687
341 1358
342 1801
342 1800
342 945
343 1023
343 1865
344 470
344 1884
344 935
345 1678
345 1641
345 2036
346 1209
346 1752
346 1750
347 527
347 423
347 525
348 1461
348 1071
348 1138
349 896
349 2304
349 1869
350 910
350 1772
351 1811
351 1814
351 962
352 1945
352 1946
352 1950
353 1345
353 1250
354 659
354 1072
355 2707
355 902
355 1527
356 1652
356 1394
356 621
357 744
357 1729
357 1229
358 364
358 1756
359 1077
359 704
359 905
360 1828
360 1826
360 1827
361 1449
361 1390
361 2683
362 946
362 1703
362 443
362 1971
363 598
363 1373
363 1687
364 1756
364 1358
365 901
365 902
365 1475
366 2009
366 1127
366 1995
367 2391
367 957
367 752
368 2671
368 1257
368 2248
369 385
369 2484
369 2483
370 371
370 2270
370 392
371 392
371 2270
372 2444
372 2556
372 1358
373 485
373 2051
373 1042
374 509
374 846
374 2146
375 2399
375 963
375 2401
376 817
376 913
376 1224
377 1682
377 2291
377 733
378 714
378 602
379 541
379 1959
380 477
380 2569
380 930
381 996
381 2518
381 1257
382 1983
382 1665
382 424
383 2268
383 1160
383 2291
384 1779
384 1777
384 887
385 2483
385 2484
386 1508
386 1894
386 2519
387 416
387 1670
388 645
388 2165
388 2491
389 1412
389 2113
389 1483
390 902
390 901
390 2707
391 899
391 1709
392 2269
393 1543
393 701
393 1881
394 1129
394 2351
394 577
395 1598
395 765
395 1090
396 905
396 1986
397 401
397 1065
397 411
398 2371
398 644
398 2367
399 452
399 1623
400 2270
400 1183
401 864
401 1065
401 794
402 1542
402 1936
402 1413
403 1758
403 2444
403 2445
404 903
404 1170
404 1476
405 1008
405 1435
406 2083
406 843
407 2319
407 1012
407 948
408 734
408 736
408 423
409 1788
409 2318
409 695
410 901
410 2235
410 1955
411 1065
411 1542
411 2601
412 1616
412 447
412 1849
413 2147
413 2149
413 2146
413 846
414 644
414 496
414 2113
415 1309
415 1013
416 1334
416 1864
417 1799
417 1802
418 2551
418 2543
419 907
419 2427
419 465
420 465
420 1701
420 2309
421 708
421 2212
421 2214
422 904
422 902
422 903
423 2180
424 1982
424 1980
424 1981
425 1758
425 1007
425 533
426 1772
427 1361
427 513
427 1398
428 996
428 1135
428 2249
429 1892
429 1160
429 2034
430 1889
430 691
430 1891
430 1261
431 2707
431 2694
431 2695
432 2707
432 2462
433 1980
433 1981
433 885
434 2408
434 1693
434 2499
435 2291
435 2302
435 678
436 816
436 1842
436 2405
437 645
437 438
438 651
439 1731
439 823
439 853
440 1296
440 895
441 661
441 1296
441 973
442 2383
442 2122
443 1234
444 584
444 1102
444 2464
445 902
445 892
445 1986
446 2436
446 1343
446 2030
447 1616
447 1849
448 645
448 844
449 1214
449 800
449 1189
450 1257
450 2518
450 1050
451 1873
451 2284
451 973
452 719
452 910
452 608
453 1909
453 1278
453 1818
454 671
454 1851
455 1664
455 2147
456 2200
456 1580
456 1628
457 1724
457 2215
457 2214
458 1555
458 1470
458 2363
459 1779
460 792
460 1434
460 745
461 2155
461 1869
462 2707
462 900
462 902
463 1234
463 1966
463 1971
464 2503
464 1742
464 580
465 2427
465 469
465 2309
466 2365
466 1358
467 1857
468 1311
468 1312
468 2080
469 1997
469 923
470 857
470 1097
471 600
471 1421
472 1902
472 1824
472 1579
473 2648
473 1451
473 2474
474 901
474 900
474 2707
475 894
475 1838
475 485
476 2078
476 1072
476 519
477 930
477 2569
478 1332
478 621
479 904
479 753
479 1022
480 1171
480 687
481 1682
481 1814
481 1358
482 2034
482 1348
482 1810
483 1842
483 816
483 1980
484 1623
485 2198
485 2051
485 2052
486 2076
486 2075
487 1623
487 1782
488 2289
488 515
488 2464
489 1041
489 1740
489 2451
490 779
490 1526
491 902
491 901
491 2135
492 2518
492 1257
492 2671
493 569
493 1358
493 2365
494 723
494 1599
495 2161
495 1328
496 596
496 644
497 1848
498 1494
499 1917
499 2458
499 2649
500 1191
500 1957
500 2242
501 1720
501 580
501 1750
502 1195
502 1999
502 666
503 1986
503 2348
503 574
504 2228
504 1420
505 1623
506 1464
506 1849
507 1300
507 1413
507 1542
508 902
508 1991
508 1768
509 1101
509 1242
510 1842
510 836
510 1909
511 1299
511 962
512 2187
512 756
513 1398
513 1361
514 2405
514 661
515 2289
515 2290
515 2464
516 1309
516 661
517 901
517 2546
518 1850
518 1973
519 1772
520 902
520 2707
520 901
521 1864
521 547
521 1875
521 2707
522 975
522 2098
523 1493
523 863
523 2043
524 552
524 1145
524 1169
525 2054
525 1628
526 1742
526 1427
526 1154
528 2707
528 906
528 2100
529 1703
529 2260
529 2259
530 2086
531 2559
531 1666
531 2230
532 1337
533 580
533 1758
533 1007
534 2446
534 883
535 936
535 1740
535 2451
536 2118
536 631
537 1593
538 902
538 900
538 901
539 1203
539 1849
541 647
541 1650
542 1770
542 1775
543 1293
543 1068
543 2418
544 1042
545 902
545 900
545 2707
546 2130
546 2489
546 2124
547 869
547 1636
548 1938
548 2228
548 2229
549 1822
549 1095
549 1810
550 950
550 1495
550 2151
551 945
552 1040
552 823
553 1583
553 745
553 1986
554 1856
554 1851
554 581
555 2133
555 2131
556 581
556 1072
556 1251
557 1072
557 1745
558 1136
558 1358
559 1182
559 2029
559 1183
560 901
560 900
560 585
561 1256
561 2176
562 1743
562 969
562 1412
563 2045
564 567
564 1509
564 1072
565 1610
565 1358
565 1528
566 1709
566 968
566 673
567 2359
568 1811
568 962
569 1358
570 1701
570 2430
571 1570
571 696
572 2027
572 1118
573 1251
573 2407
573 1779
574 1986
574 2348
575 2707
575 1131
575 1382
576 1819
576 2001
576 1692
577 1129
577 2351
578 809
578 661
578 1526
579 1329
579 2296
579 2309
580 1154
580 1742
580 1358
582 623
583 2223
583 2222
584 2289
584 2464
585 901
585 900
586 2155
586 1118
586 1131
587 902
587 900
587 2707
588 698
588 1051
589 2251
589 2252
590 2275
590 1957
590 1958
591 642
591 2472
592 904
592 902
592 903
593 2276
593 809
593 1908
594 1333
594 2194
594 663
595 1091
595 982
596 2388
596 711
597 2264
597 1635
598 1986
598 1701
599 1090
599 2367
600 1027
600 1420
600 1421
601 2707
601 809
602 714
603 935
603 1651
603 1810
604 1920
604 1592
605 2535
605 1159
605 729
606 2381
606 1810
606 2578
607 1290
607 785
608 1775
609 1749
609 1041
610 1045
610 2287
610 2288
611 904
611 902
611 903
612 906
612 1955
612 676
613 1205
613 1389
613 1546
614 2469
614 2470
614 1475
615 1287
616 1565
616 1750
616 1709
617 1812
617 1497
618 901
618 2230
618 2027
619 1274
619 2021
619 2418
620 1159
620 729
622 1952
622 2206
622 2204
623 2289
623 2464
624 1481
624 2198
624 2051
625 902
625 901
625 2707
626 1710
626 1249
626 1610
627 1051
628 1070
628 1734
628 1358
629 933
630 682
631 2349
631 1513
632 902
632 903
632 1718
633 1862
633 699
634 1399
635 899
635 2150
635 1378
636 901
636 2291
636 2182
638 2498
638 1143
638 2383
639 901
639 900
639 811
640 1093
640 1147
640 2367
641 2707
641 900
641 901
642 667
642 2472
642 1017
643 2185
643 1313
644 1914
645 1713
645 1824
646 1959
646 1537
647 904
647 1360
648 1707
649 687
649 1019
649 1092
650 1358
650 957
651 2024
652 654
652 854
652 857
653 903
653 901
653 902
654 903
655 1367
656 2085
656 2089
656 1775
657 1358
657 1229
657 867
658 2486
658 2146
659 1803
660 1780
660 910
661 1958
661 854
662 2707
662 901
662 902
663 1333
663 2194
664 1867
664 1337
665 2003
665 2040
666 2423
667 2472
668 885
668 1494
668 1981
669 2579
669 2247
669 2534
670 903
670 2373
670 2000
671 935
671 1583
672 1583
672 817
673 1709
673 968
674 897
674 717
675 2355
675 934
675 2357
676 1954
676 1179
677 901
677 902
677 1112
678 2303
678 1265
678 2291
679 2072
679 2266
679 2189
679 948
680 1580
680 731
680 2200
681 1697
681 1704
681 687
682 2153
682 1583
683 1546
683 2168
684 1759
684 1483
684 1735
685 901
686 1040
686 1604
686 1738
687 2359
687 1358
688 2678
688 2673
688 2538
689 1720
689 1040
689 1719
690 1865
690 1132
691 1889
691 1891
691 791
692 903
692 901
692 902
693 2074
693 734
693 1013
694 1902
694 801
694 1072
695 1012
695 1681
695 1682
696 1288
696 737
696 743
697 1358
697 2162
697 738
700 903
700 901
700 902
701 735
701 1543
701 1237
702 778
702 1377
702 1973
703 1470
703 2516
703 1022
704 1743
704 2450
704 1483
705 2001
705 1493
705 2043
706 1702
706 1443
707 903
707 1635
708 1646
708 819
708 1724
709 1897
709 793
710 2214
710 1392
711 1616
711 1077
712 1013
712 1359
713 902
713 900
713 901
714 2518
715 2233
715 2292
715 1265
716 962
716 795
716 1821
717 897
718 1984
718 1008
718 1985
720 1825
720 1415
720 1619
721 903
721 901
721 902
722 1106
722 1874
722 1567
723 2614
724 2394
724 2228
724 1396
725 1592
725 755
726 1206
726 2672
726 1109
727 2572
727 2570
727 2571
728 1377
728 1911
728 1470
729 1636
729 1607
729 981
730 900
730 901
730 2177
731 901
731 1279
731 2186
732 2642
732 1358
733 1160
733 2291
734 1841
734 2181
734 736
735 1881
735 1958
735 739
736 1388
736 2181
737 2227
737 1309
738 2162
739 1958
739 1881
740 788
740 2034
740 1002
741 1735
741 1733
741 831
742 1358
743 1127
743 745
743 2009
744 1761
744 1742
745 1986
746 1000
746 2477
746 2163
747 1500
747 1842
748 1760
748 1358
749 2195
749 2312
750 1707
751 1006
751 1388
751 964
752 1685
752 1557
752 1757
753 1314
754 1743
754 1620
755 1840
756 1472
756 1692
757 1103
757 902
757 1604
758 853
758 1169
759 1192
759 963
759 1062
760 1513
760 1073
761 2399
761 963
762 1030
763 1851
763 2383
764 1103
764 819
765 1598
765 1090
766 845
767 1708
767 1479
768 1732
768 1723
768 1358
769 1923
769 1928
769 1924
770 2118
770 1508
771 2418
771 1156
771 2021
772 902
772 905
772 1013
773 2086
773 2107
773 1801
774 901
774 2707
774 2526
775 2076
775 1020
775 790
776 1931
776 1936
777 993
777 1368
777 779
777 822
778 1525
778 779
778 1919
779 1525
779 1919
780 902
780 903
780 2707
781 2119
781 2594
782 904
782 907
782 1162
783 2387
783 2376
783 911
784 1866
785 2147
786 2707
786 903
786 902
787 815
787 1983
788 1952
788 1002
789 1971
789 1702
790 1814
790 1807
791 2037
791 1889
791 1807
792 1697
792 2338
793 1903
793 1897
794 863
795 1815
795 1821
796 1748
796 1292
797 1035
797 1834
797 1189
798 2464
798 1794
798 1796
799 1728
799 2555
799 2599
800 1833
800 2359
801 1824
802 2252
802 922
803 1184
803 830
803 2101
804 1444
804 922
804 2536
805 1094
805 1141
806 2654
806 2503
807 1955
807 1226
807 1956
808 2383
808 924
808 893
809 1523
809 2227
810 893
810 984
810 1015
811 2707
811 2493
812 1936
812 1933
813 1428
813 1202
813 911
814 1635
814 2383
814 1051
815 851
816 2405
816 1979
817 1763
817 1358
818 1908
818 851
819 1753
819 1756
820 1831
820 889
820 1830
821 2707
821 903
821 902
822 1637
823 1040
823 1720
823 1719
824 901
824 926
824 889
825 1711
825 1719
825 1492
825 1750
826 2287
826 2288
826 1879
827 885
827 2156
828 2290
828 2289
828 2464
829 901
829 902
829 1810
830 1676
830 1674
830 1675
831 2093
831 1072
832 902
832 901
832 2707
833 2494
833 1641
833 2495
834 876
834 1557
834 2169
835 1812
835 962
835 1299
836 2045
837 1194
837 1366
837 2679
838 1195
838 2280
839 1693
839 2219
839 1042
840 2269
840 1902
841 1654
841 1812
841 1968
842 2165
842 2166
842 2010
843 1304
843 1937
843 1523
844 1829
845 1297
846 2147
846 1101
847 1920
847 1926
847 1682
848 1149
848 1358
849 1063
849 2351
850 1914
850 1013
850 1359
851 1908
851 2178
851 1677
852 2707
852 1072
853 1720
854 857
854 1115
855 2471
855 2398
856 1366
856 1138
856 2249
857 1115
859 2448
859 2026
860 1725
860 1742
861 2182
861 2054
861 1377
862 1265
862 1160
863 1160
864 2210
865 903
865 904
865 1920
866 1432
866 1364
867 2530
867 1229
868 2425
869 1864
869 1701
870 2124
870 1111
870 2125
871 2439
871 2442
871 2440
873 2314
873 1708
873 1701
874 1867
874 1337
875 1272
875 1944
875 1947
876 1723
876 1751
876 1189
877 1935
877 1542
878 1982
878 1039
879 1191
879 2329
880 1661
880 1583
881 1214
881 1566
882 1751
882 1041
882 1040
882 1750
883 2446
884 1653
884 1087
885 2156
885 1332
886 2698
886 1952
886 1002
887 910
887 1779
888 2469
888 2470
889 1067
889 1834
889 2045
890 2227
890 1314
891 1826
891 1495
891 1900
892 1241
892 1946
892 1944
892 1947
893 924
893 2376
893 2382
894 1090
894 1598
895 1913
895 1296
896 1403
896 1869
896 2304
897 2155
897 1927
898 2160
898 1835
898 2157
899 968
900 901
900 2707
901 1279
901 2186
902 1284
902 1358
903 1507
903 2112
904 1959
904 1022
905 1077
905 1483
906 1129
907 1914
907 1535
907 1362
908 1849
908 1293
908 1644
909 1434
911 1051
911 2383
912 1889
912 1891
912 1261
914 1950
914 1942
915 2390
915 1725
915 1358
916 2034
916 1303
916 2531
917 2707
918 2066
918 1477
918 2067
919 1751
919 1041
919 1040
919 1750
920 1889
920 1297
920 1868
921 1464
922 2387
922 2536
923 2534
925 1224
926 2582
926 1701
927 1301
927 1679
928 1996
928 2063
928 1325
929 1209
929 1750
929 1040
930 2569
931 2359
931 1035
932 2707
934 2355
934 2357
935 1884
936 2530
936 1154
936 2515
937 1784
937 1304
938 2296
939 2707
939 2174
940 1408
940 1826
940 1070
941 2516
942 1002
942 1031
943 1624
943 1367
943 2300
945 1801
945 2145
946 1971
946 1703
947 2707
948 1012
948 2319
949 2707
949 2406
950 1824
950 1495
951 1751
951 1205
951 1749
952 2105
953 2567
953 2566
953 2565
954 2707
955 2388
955 1464
956 1533
956 2678
956 1257
957 1742
957 2083
958 1584
958 1805
959 2707
960 2045
960 2078
961 1728
961 2555
961 2599
962 2034
962 1810
963 1443
963 2645
963 2399
964 1388
964 2197
965 1388
966 1908
967 2707
968 1875
968 1870
969 2113
969 1412
970 1358
970 2642
970 1738
971 1360
971 1113
972 2543
972 1325
973 1798
973 1224
974 2707
975 2098
976 978
976 1284
976 1431
977 1748
977 1358
977 1746
978 1103
978 1284
979 1441
979 2241
980 1158
980 1778
981 1607
981 1577
982 2176
982 1256
983 1889
983 1891
983 1261
984 1322
984 1015
985 1040
985 1599
986 2707
987 2707
987 2359
988 1341
988 1526
989 2286
989 1507
989 1343
990 1577
990 1950
992 1914
993 1152
994 1869
995 1338
995 2102
995 2103
996 1135
996 2249
996 1257
997 1837
997 1768
998 1358
999 1038
999 1040
999 1752
1000 2580
1000 2247
1001 2661
1001 1318
1001 2662
1002 1654
1003 2707
1004 1814
1005 2707
1006 1388
1006 2197
1007 1758
1007 1742
1008 1922
1008 1468
1009 1856
1010 1964
1011 1638
1011 1088
1011 2093
1012 2319
1013 1224
1013 1914
1014 2340
1014 2339
1014 2338
1015 1143
1015 1618
1015 2335
1016 2175
1016 1256
1016 2176
1017 1078
1018 2707
1018 2001
1019 1456
1020 2076
1021 1043
1022 1959
1022 1962
1023 1859
1023 1876
1023 1453
1024 2707
1026 1614
1026 1812
1027 1420
1027 1421
1028 1879
1028 1880
1028 1353
1029 1507
1029 2112
1030 1199
1031 2206
1031 2041
1031 2205
1032 2707
1033 1557
1033 1358
1033 1586
1034 2707
1035 1358
1035 1745
1037 2654
1037 1742
1037 1383
1038 1723
1039 1494
1039 2024
1040 1720
1040 1719
1041 1740
1041 2446
1042 1588
1042 1602
1042 1416
1043 1399
1043 2310
1044 2707
1045 1772
1045 1787
1046 1510
1046 1202
1047 2055
1047 2333
1048 2707
1049 1149
1049 1215
1049 1054
1050 1451
1050 1349
1050 2564
1052 1867
1052 1337
1053 1405
1053 1894
1054 1334
1054 1542
1054 1950
1055 1986
1055 1221
1055 1334
1056 2437
1056 2482
1060 1707
1061 2376
1061 1367
1061 1143
1062 1817
1062 1818
1062 1809
1063 2351
1064 1129
1065 2210
1066 1986
1067 1358
1067 2446
1068 1143
1068 2265
1068 1481
1069 1376
1070 1734
1070 1740
1071 1257
1072 2045
1072 1358
1073 1502
1073 1821
1074 1675
1074 1914
1074 1676
1075 1337
1076 1501
1077 2113
1077 1743
1078 1423
1079 1983
1079 1905
1080 1416
1080 2162
1081 1569
1081 2563
1081 1342
1082 1428
1083 2588
1083 2519
1084 1290
1085 1975
1085 1396
1085 1421
1086 2543
1086 2509
1087 2401
1088 2093
1089 1505
1090 1093
1090 1598
1090 2367
1091 1256
1091 2175
1092 1321
1092 2501
1092 1874
1093 1271
1093 2367
1094 1401
1094 2399
1094 1157
1095 1325
1095 1812
1096 2329
1098 1542
1098 1477
1098 2065
1099 1221
1099 1542
1100 1636
1101 2147
1101 2148
1101 2146
1102 2290
1102 2464
1103 1550
1103 1739
1103 1358
1104 1628
1104 1137
1104 1652
1105 1879
1105 1974
1106 1321
1106 2501
1107 1821
1107 1299
1107 1823
1108 2707
1109 2675
1109 2671
1110 2155
1110 1583
1111 2124
1111 1273
1111 1119
1113 1360
1114 1358
1114 1731
1114 2560
1115 1869
1116 1223
1116 1810
1117 1524
1118 1925
1119 2124
1119 1273
1119 2126
1120 1583
1120 1224
1120 2025
1121 1808
1121 2282
1121 1655
1122 1555
1122 1953
1123 1748
1123 1760
1123 1718
1124 2579
1124 1701
1125 2052
1125 2051
1125 1481
1126 1810
1127 2009
1127 1995
1128 1957
1128 1958
1130 2595
1130 1641
1131 1133
1131 1538
1132 1865
1133 2185
1133 1500
1134 1810
1135 2249
1135 1257
1136 1358
1137 1652
1139 2172
1140 1800
1140 1986
1141 1157
1141 1417
1143 1789
1144 1770
1145 1732
1146 1788
1146 1552
1146 2107
1147 2367
1148 2221
1148 1317
1148 2220
1149 1709
1150 1358
1151 2573
1151 2572
1152 2295
1153 1240
1154 1358
1155 2439
1155 1199
1156 2021
1156 1983
1157 1443
1157 1530
1157 2399
1158 2383
1159 1701
1159 1221
1161 1262
1161 1599
1162 2387
1163 1683
1163 1616
1163 1482
1164 1358
1165 1593
1166 1870
1167 1829
1167 1358
1167 1725
1168 1963
1169 1317
1169 1765
1169 1358
1170 1476
1171 2372
1172 1708
1172 1857
1172 1701
1173 2507
1173 1345
1174 1677
1174 1309
1175 1189
1176 1300
1176 1177
1176 1413
1177 1413
1178 1417
1178 1266
1178 1529
1179 1956
1179 1226
1180 1304
1181 2707
1182 1579
1182 2029
1183 2029
1184 1387
1184 2101
1185 2349
1185 2358
1185 1469
1186 2534
1187 1913
1188 2707
1190 2427
1190 2100
1191 1957
1191 2340
1192 1265
1194 2249
1194 1366
1195 2423
1195 2280
1196 1778
1197 2326
1198 2051
1198 2052
1198 2198
1199 1732
1199 1358
1200 2413
1200 1382
1201 2215
1201 2216
1202 2336
1202 1428
1203 1980
1203 1655
1204 2068
1205 1754
1205 1721
1206 2249
1206 2673
1207 2465
1207 2464
1207 2290
1208 2707
1209 1737
1209 2616
1210 2707
1211 1300
1212 1867
1212 1337
1213 2258
1213 1664
1214 1723
1214 1776
1214 1358
1215 2280
1215 1655
1216 2447
1216 2448
1217 1810
1218 2155
1219 2668
1219 2303
1219 1329
1220 1376
1221 1542
1222 1370
1222 1660
1223 1810
1224 1919
1224 1914
1224 1370
1226 1954
1226 1955
1227 1314
1227 1880
1228 2702
1228 2580
1229 2530
1230 1569
1230 2563
1230 1342
1231 2707
1232 2114
1232 1450
1234 2238
1234 1703
1235 2125
1235 1663
1236 2707
1237 1958
1237 1881
1238 1568
1238 1339
1239 1986
1240 2238
1240 2645
1241 1947
1241 1946
1241 1944
1243 1604
1244 1759
1245 1367
1245 1623
1247 2140
1247 1316
1248 2045
1249 1610
1250 2083
1250 2221
1251 1560
1251 1779
1252 2523
1252 2439
1252 2522
1253 2045
1254 2440
1255 1366
1256 2175
1256 2176
1257 2248
1257 2671
1259 2116
1259 2018
1261 1889
1261 1891
1262 1798
1263 2707
1264 1531
1265 2291
1266 2350
1266 1908
1267 1495
1267 1824
1267 1826
1269 2136
1269 1974
1269 1630
1270 1889
1270 1289
1270 1614
1271 2367
1272 1946
1272 1947
1272 1944
1273 2125
1274 1376
1275 2059
1275 1927
1275 1416
1276 1953
1276 1961
1276 1963
1277 2707
1277 2071
1277 1898
1278 1818
1279 2199
1280 1516
1280 2581
1281 1358
1282 1358
1282 2324
1282 1735
1283 2324
1283 1735
1284 1480
1284 1358
1285 2231
1285 2232
1285 2072
1286 2707
1288 1677
1288 1741
1289 2081
1291 2154
1291 1660
1292 1719
1292 1720
1292 1739
1293 2021
1294 1944
1295 1909
1295 1986
1296 1913
1298 2707
1299 1875
1300 1542
1300 1413
1303 2054
1303 2162
1303 2197
1305 1753
1305 1738
1306 2642
1307 1406
1309 2385
1309 1912
1311 1367
1311 1313
1312 2407
1314 2227
1314 1882
1315 1316
1315 2140
1316 2140
1317 2221
1317 1358
1318 2661
1319 1968
1319 1614
1320 2563
1320 1634
1321 1874
1322 2707
1322 1324
1323 1867
1323 1337
1324 2034
1325 2543
1326 1996
1326 2063
1327 1328
1327 2160
1328 1647
1328 2161
1329 1817
1329 2268
1330 1838
1331 1809
1331 1581
1331 1815
1332 1978
1333 2194
1335 1701
1336 1681
1337 1787
1338 2102
1338 2103
1339 1753
1340 1931
1340 1542
1341 1587
1341 2099
1341 1526
1342 1569
1342 2563
1343 2112
1344 2394
1344 2317
1346 1805
1346 2045
1347 1382
1347 2247
1348 2162
1348 1812
1349 2393
1350 2645
1350 2240
1350 2399
1351 1916
1351 1652
1351 1914
1352 1914
1352 1918
1353 1878
1353 1880
1354 1825
1354 1414
1354 2375
1355 1855
1356 2707
1357 1583
1357 2009
1357 2027
1358 1765
1359 1683
1359 1464
1360 1904
1361 1398
1362 1592
1363 1936
1366 1545
1367 1798
1368 1637
1370 1914
1371 2707
1372 1914
1373 2423
1374 1617
1374 1568
1376 2182
1376 1909
1378 2058
1378 2150
1379 1451
1379 2564
1380 2564
1381 1794
1381 1795
1382 2076
1383 2654
1383 2503
1384 1756
1384 1749
1385 2259
1385 1481
1385 1519
1386 2572
1386 2570
1389 1734
1390 2248
1390 2683
1391 2408
1391 1524
1392 2214
1392 2213
1393 2707
1394 1908
1395 1926
1395 1682
1396 1501
1396 2394
1397 2330
1397 2068
1399 1421
1399 2395
1399 2228
1400 1573
1401 1653
1402 1464
1402 1914
1402 2132
1403 1583
1403 1850
1404 2270
1405 1894
1405 2117
1405 2118
1406 1510
1408 1829
1408 1409
1408 1827
1409 1824
1409 1827
1410 1842
1410 2136
1411 1459
1412 2113
1413 1542
1414 2375
1414 2269
1415 2269
1415 2270
1416 1927
1417 2401
1417 1419
1419 2337
1420 2394
1421 2110
1421 2109
1422 2707
1422 2248
1422 2670
1423 2345
1423 1514
1424 1810
1425 2262
1425 1789
1426 1513
1426 2460
1426 2459
1427 1749
1427 1712
1428 2524
1428 2336
1429 2376
1430 2685
1432 1948
1432 1605
1433 1834
1433 1833
1434 1453
1436 2337
1436 2335
1437 2671
1437 1639
1439 2676
1440 1864
1441 1954
1442 1597
1444 1752
1445 1446
1445 1986
1446 1986
1447 1927
1447 2317
1447 2475
1448 1623
1449 2683
1450 2579
1452 1519
1452 2262
1453 1870
1453 1859
1454 1666
1455 1537
1455 2184
1458 2175
1458 2176
1459 1770
1460 2358
1460 1469
1461 1545
1462 2577
1462 2124
1463 2182
1463 2133
1464 1675
1464 2480
1465 1701
1467 2053
1467 2182
1468 1907
1469 2349
1469 1692
1471 1751
1472 1692
1473 2706
1473 2707
1474 2336
1474 2001
1475 2472
1477 2065
1478 1798
1478 1802
1480 1748
1480 1760
1480 1718
1481 1519
1482 1914
1482 1683
1483 1743
1483 2450
1484 2387
1484 2386
1485 1592
1486 1801
1486 1756
1487 1616
1487 1676
1488 1577
1488 1558
1488 2609
1489 1810
1490 2089
1491 2684
1492 1720
1492 1750
1495 1824
1497 1654
1497 1983
1498 2358
1498 1692
1499 1716
1499 1745
1500 2185
1501 2227
1501 2394
1502 2241
1503 2207
1503 1957
1504 1647
1504 2209
1505 1778
1505 2094
1507 1645
1508 2118
1508 1894
1510 2387
1510 2336
1511 2108
1511 2335
1512 1911
1512 2095
1514 2347
1514 2348
1516 1752
1517 2055
1517 2052
1518 2353
1518 2352
1521 1644
1521 1849
1522 1965
1522 1986
1522 1634
1523 2138
1523 1937
1524 2408
1525 1919
1527 2178
1527 1908
1529 1984
1529 2350
1530 1653
1532 2357
1532 2473
1532 1634
1533 2671
1533 2673
1533 2675
1534 2520
1534 2376
1535 2074
1535 2155
1536 2580
1538 2185
1539 1592
1540 2172
1540 2054
1541 2707
1543 1881
1543 1958
1544 2150
1544 2058
1545 2249
1546 1721
1546 1710
1546 1740
1547 2168
1549 1901
1550 1732
1551 2091
1551 2045
1552 2107
1552 2086
1553 1828
1553 1826
1554 2686
1554 2688
1554 1657
1555 1953
1557 2083
1557 1685
1558 1709
1558 2339
1558 2555
1559 2250
1560 1779
1562 1720
1562 1750
1563 2707
1564 1623
1565 1738
1565 1709
1566 1723
1566 2015
1567 2500
1567 2501
1568 1753
1569 1964
1569 2564
1571 1773
1572 2045
1572 2078
1574 2009
1574 1998
1575 2647
1576 1812
1576 1811
1577 1950
1577 1607
1578 2707
1580 2199
1581 1948
1581 1815
1582 2701
1582 2624
1583 1986
1584 1656
1587 1660
1588 1628
1589 1725
1591 2707
1591 2303
1592 1919
1593 2192
1594 2707
1595 2245
1595 2247
1595 2243
1596 2651
1598 2367
1599 1716
1600 2707
1601 1739
1601 1765
1601 1766
1602 2182
1603 1986
1607 1949
1608 2125
1609 2045
1611 2126
1613 2707
1614 1929
1614 1968
1615 2034
1615 1701
1616 1849
1618 2044
1618 2262
1619 1825
1620 1743
1621 1813
1622 2034
1623 2045
1625 1675
1626 2309
1626 1907
1627 1725
1628 2182
1628 2054
1629 1730
1629 2546
1632 2642
1635 2055
1635 2382
1638 1733
1639 2682
1640 2085
1640 1782
1640 2089
1642 2707
1643 2250
1643 2248
1644 1843
1644 1847
1644 1850
1645 2436
1646 1752
1646 1750
1647 2209
1647 2157
1649 2263
1651 1772
1651 2046
1652 1914
1654 1812
1655 2281
1657 2686
1657 2687
1659 1711
1659 2546
1660 2154
1661 2045
1662 2001
1662 1666
1663 2127
1664 2486
1665 1807
1666 2041
1667 1984
1669 1889
1670 2045
1671 2034
1672 2702
1673 2707
1675 1849
1677 2178
1678 2495
1680 2311
1681 1682
1682 2268
1684 2147
1685 2083
1687 2515
1688 2675
1689 1763
1690 2030
1693 2133
1695 2131
1696 1898
1697 2004
1698 2161
1700 1707
1701 2045
1701 1986
1702 1966
1702 1703
1703 1966
1704 2003
1704 1873
1705 1782
1705 2080
1710 2372
1710 2359
1711 1750
1711 1755
1712 1716
1713 1741
1713 1732
1717 1755
1718 1748
1719 1720
1722 1752
1722 1740
1726 2083
1726 1735
1727 1749
1728 2599
1728 2555
1729 1740
1730 1731
1730 1765
1731 1765
1733 1740
1734 1745
1735 1743
1736 1763
1738 1739
1739 2365
1740 2597
1740 2451
1741 2015
1743 2450
1744 1750
1745 1751
1746 1751
1746 1748
1747 1754
1747 1753
1750 1766
1752 1753
1758 2444
1758 2445
1761 2176
1767 1777
1767 1778
1768 1779
1768 1778
1769 1779
1772 1782
1773 1782
1774 1779
1774 1777
1774 1776
1775 1782
1776 2324
1777 1787
1778 1779
1784 1856
1785 1787
1786 2082
1788 1801
1788 2086
1791 2385
1791 1998
1792 2050
1793 1795
1793 1794
1794 2299
1794 1795
1795 2297
1796 2299
1797 1805
1799 1804
1801 1804
1802 1804
1804 2391
1806 2306
1806 1810
1807 1889
1808 1809
1811 1813
1815 1944
1817 2302
1817 1818
1820 1869
1826 1902
1826 1828
1828 1829
1830 2307
1831 1832
1833 2359
1834 2377
1835 2159
1835 2160
1837 2068
1840 1841
1842 2405
1843 1847
1843 1850
1844 1847
1846 1866
1846 1865
1846 1867
1848 1851
1850 1973
1852 1856
1853 1867
1854 1867
1855 1868
1855 1866
1855 1865
1857 1874
1859 1870
1860 1867
1861 1867
1863 1866
1866 1877
1870 1876
1870 1875
1871 1876
1871 1877
1873 1876
1873 1875
1878 2256
1878 1879
1879 1884
1879 2099
1879 1981
1880 1884
1880 1885
1882 2015
1889 1891
1889 2034
1889 2130
1890 1891
1890 2034
1891 2039
1892 2199
1894 2118
1894 2117
1896 1903
1896 1902
1898 1900
1901 2285
1902 1960
1903 1904
1904 2491
1906 1966
1907 2309
1907 2059
1907 1986
1908 1984
1910 1911
1910 2252
1911 2388
1912 1986
1912 2385
1920 2189
1922 1923
1923 1924
1927 2059
1929 1968
1934 1935
1937 2138
1938 2707
1940 1941
1944 1946
1944 1950
1945 1947
1945 1950
1946 1947
1951 2521
1951 1952
1954 2275
1955 1956
1957 2207
1960 2269
1967 1969
1969 2237
1970 2238
1972 2282
1974 2136
1974 2178
1977 1979
1977 1981
1978 2024
1979 1980
1981 2099
1984 2350
1987 2114
1987 2009
1992 2358
1992 2349
1992 2008
1995 2009
2000 2009
2001 2123
2001 2122
2002 2003
2003 2122
2003 2380
2004 2006
2011 2301
2011 2302
2013 2394
2015 2178
2024 2386
2027 2028
2031 2112
2032 2034
2033 2034
2034 2130
2039 2130
2040 2121
2041 2205
2044 2335
2049 2181
2051 2073
2051 2189
2051 2052
2053 2055
2053 2172
2054 2182
2055 2333
2056 2576
2057 2172
2058 2150
2060 2062
2061 2062
2063 2064
2065 2122
2066 2067
2068 2069
2068 2330
2069 2070
2072 2233
2074 2197
2075 2077
2075 2667
2077 2668
2077 2667
2082 2145
2084 2085
2084 2089
2087 2090
2095 2144
2102 2103
2109 2110
2109 2394
2111 2113
2114 2115
2121 2123
2124 2126
2125 2126
2131 2133
2134 2282
2138 2707
2144 2329
2145 2329
2145 2504
2146 2148
2151 2155
2151 2153
2157 2160
2158 2159
2158 2160
2159 2161
2172 2182
2174 2707
2182 2183
2188 2190
2188 2189
2193 2195
2195 2312
2196 2197
2204 2206
2205 2206
2211 2355
2212 2215
2213 2216
2214 2215
2215 2216
2220 2221
2222 2223
2223 2225
2224 2225
2227 2394
2228 2394
2228 2395
2230 2307
2236 2238
2243 2379
2245 2247
2246 2509
2247 2579
2248 2671
2251 2252
2255 2707
2257 2599
2259 2260
2262 2376
2266 2267
2284 2286
2285 2436
2289 2464
2290 2464
2298 2299
2299 2464
2301 2303
2305 2306
2310 2653
2329 2504
2330 2331
2331 2504
2332 2335
2334 2597
2341 2707
2345 2347
2345 2348
2346 2358
2349 2358
2349 2590
2351 2352
2352 2353
2355 2357
2364 2472
2368 2369
2370 2371
2374 2375
2376 2524
2378 2381
2386 2498
2387 2498
2389 2392
2389 2390
2390 2391
2391 2392
2394 2395
2406 2707
2410 2707
2413 2596
2413 2597
2415 2597
2424 2453
2429 2707
2431 2707
2437 2482
2439 2442
2439 2440
2440 2442
2443 2444
2444 2445
2447 2448
2454 2455
2458 2649
2459 2554
2462 2707
2468 2707
2469 2470
2473 2474
2474 2648
2479 2707
2483 2484
2487 2488
2500 2501
2509 2519
2518 2671
2519 2588
2522 2523
2526 2707
2529 2707
2533 2707
2540 2632
2544 2707
2548 2549
2555 2599
2556 2558
2565 2567
2565 2566
2566 2567
2570 2700
2570 2571
2572 2573
2574 2707
2579 2580
2580 2702
2586 2707
2600 2707
2606 2707
2617 2707
2618 2707
2619 2707
2624 2701
2626 2707
2629 2707
2631 2707
2633 2707
2634 2693
2635 2707
2635 2636
2636 2707
2657 2658
2660 2707
2661 2662
2667 2668
2669 2707
2670 2682
2672 2674
2672 2675
2673 2678
2674 2675
2677 2678
2686 2688
2690 2707
2692 2707
2694 2707
2694 2695
2695 2707
2703 2707
2704 2707
2705 2707
2706 2707
