0 2582
0 1866
0 1701
0 1166
0 926
1 1986
1 470
1 332
1 1454
1 1666
2 2381
2 68
2 2006
2 179
2 2003
3 900
3 901
3 903
3 902
3 2707
4 2175
4 2176
4 595
4 982
4 1256
5 628
5 1711
5 952
5 466
5 1659
6 74
6 2054
6 1926
6 1025
6 2073
7 900
7 904
7 901
7 902
7 2707
8 1986
8 1000
8 2064
8 418
8 2063
9 2442
9 723
9 1599
9 2614
9 494
10 923
10 1140
10 1800
10 306
10 1986
11 2136
11 149
11 2295
11 979
11 1894
12 900
12 2661
12 1001
12 2662
12 1318
13 1846
13 547
13 1299
13 1820
13 1869
14 2075
14 2667
14 2076
14 1020
14 486
15 1271
15 1598
15 2367
15 1093
15 1090
16 1710
16 580
16 2503
16 1756
16 364
17 2141
17 1679
17 2139
17 1301
17 927
18 103
18 1623
18 660
18 2045
18 133
19 902
19 2707
19 904
19 903
19 1542
20 417
20 1725
20 773
20 392
20 2270
21 902
21 903
21 904
21 2309
21 1920
22 1234
22 463
22 1703
22 1702
22 1966
23 899
23 902
23 904
23 2160
23 2157
24 869
24 1299
24 1870
24 1636
24 2141
25 1542
25 2140
25 1316
25 2315
25 1928
26 2454
26 123
26 122
26 2455
26 99
27 1299
27 1869
27 2360
27 1817
27 351
28 902
28 903
28 1721
28 246
28 1003
29 203
29 1157
29 1443
29 706
29 258
30 1751
30 1444
30 1750
30 61
30 1080
31 905
31 907
31 900
31 902
31 901
32 838
32 415
32 242
32 2423
32 666
33 698
33 2383
33 893
33 2122
33 442
34 626
34 1038
34 1041
34 1751
34 1040
34 1750
35 1912
35 1296
35 895
35 1913
35 440
36 2086
36 2107
36 306
36 530
36 1505
37 1387
37 349
37 2428
37 55
37 1184
38 1618
38 523
38 733
38 863
38 794
39 2238
39 2684
39 82
39 1234
39 94
40 251
40 2508
40 1413
40 402
40 1936
41 955
41 1914
41 175
41 2388
41 596
42 901
42 2707
42 1362
42 2164
42 842
43 1369
43 89
43 2240
43 2434
43 963
44 900
44 902
44 901
44 2701
44 2624
45 377
45 2268
45 2075
45 2008
45 486
46 902
46 1738
46 1358
46 1284
46 686
47 1007
47 1183
47 1182
47 559
47 2029
48 148
48 2381
48 157
48 1952
48 788
49 417
49 1983
49 382
49 2381
50 648
50 540
50 1707
50 454
50 241
51 2215
51 710
51 1201
51 2216
51 2212
52 415
52 2172
52 2182
52 1628
52 525
53 748
53 1709
53 1284
53 1766
53 1358
54 1065
54 733
54 2314
54 1701
54 104
55 1080
55 1614
55 438
55 897
55 65
56 2050
56 447
56 412
56 1616
56 1849
57 239
57 572
57 1293
57 2021
57 65
58 900
58 1154
58 1358
58 902
58 901
59 1229
59 1072
59 1765
59 1740
59 1358
60 331
60 415
60 2450
60 1190
60 1156
61 74
61 1882
61 738
61 149
62 903
62 2707
62 1042
62 2219
62 839
63 908
63 902
63 904
63 903
63 2265
64 1209
64 1888
64 2616
64 1737
64 1358
65 1274
65 239
65 2418
65 2021
66 908
66 902
66 904
66 903
66 2707
67 904
67 2527
67 113
67 747
67 1441
68 170
68 1149
68 1709
68 819
68 2001
69 604
69 1920
69 1675
69 1464
69 1914
70 440
70 1537
70 2184
70 441
70 344
71 899
71 179
71 1095
71 1434
71 745
72 1480
72 1123
72 1748
72 1718
72 1760
73 1833
73 2359
73 1725
73 1358
73 1189
74 1925
74 1042
74 1926
74 1118
75 2226
75 583
75 284
75 2225
75 2224
76 1309
76 815
76 737
76 1658
76 851
77 2707
77 1803
77 354
77 659
77 1072
78 904
78 905
78 733
78 994
79 1248
79 975
79 522
79 795
79 1873
80 434
80 1388
80 142
80 1628
80 2180
81 527
81 408
81 525
81 2182
81 423
82 1050
82 2393
82 2248
82 1461
83 905
83 1103
83 1750
83 449
83 1765
84 583
84 2223
84 284
84 2224
84 2222
85 1096
85 401
85 1699
85 2211
85 864
86 1336
86 1894
86 1807
86 1889
86 2041
87 2282
87 1372
87 161
87 118
87 2016
88 1174
88 2018
88 2178
88 1309
88 415
89 1653
89 2240
89 1401
89 1369
89 963
90 1689
90 156
90 1736
90 155
90 1763
91 2380
91 2121
91 2001
91 2003
91 2123
92 899
92 2160
92 1835
92 1836
92 898
93 894
93 1224
93 437
93 2423
93 645
94 218
94 759
94 2011
94 1294
94 2356
95 2202
95 1580
95 525
95 1388
95 2199
96 902
96 231
96 2164
96 175
96 2023
97 1878
97 1028
97 1353
97 661
97 1880
98 900
98 902
98 901
98 1013
98 2707
99 2454
99 123
99 122
99 2455
100 1628
100 2073
100 408
100 315
101 1041
101 1038
101 1751
101 616
101 1745
102 2045
102 1772
102 459
102 1623
102 1779
103 1367
103 2045
103 306
103 1623
103 1775
104 401
104 1065
104 733
104 1096
104 864
105 1627
105 1761
105 1358
105 2651
105 2476
106 907
106 909
106 902
106 904
106 903
107 647
107 1022
107 904
107 1650
107 1360
108 2159
108 1835
108 2158
108 2160
108 1504
109 426
109 153
109 306
109 1623
109 2045
110 1513
110 2614
110 2460
110 1509
110 1199
111 748
111 1762
111 1358
111 853
111 758
112 1782
112 655
112 1772
112 1770
112 608
113 1538
113 661
113 747
113 1441
114 826
114 2288
114 610
114 2287
115 1072
115 935
115 630
115 277
115 252
115 682
116 2395
116 2228
116 1487
116 1676
116 1399
117 903
117 902
117 894
117 2537
117 259
118 581
118 1507
118 1645
118 1343
118 2112
119 441
119 1898
119 2286
119 132
119 904
120 1979
120 1842
120 816
120 2405
120 1980
121 1296
121 589
121 2251
121 1158
121 2252
122 2455
122 2454
122 123
123 2454
123 2455
124 426
124 1772
124 1346
124 153
124 1656
125 1953
125 193
125 1276
125 1122
125 1555
126 1772
126 2046
126 153
126 306
127 907
127 901
127 902
128 1619
128 1408
128 2269
128 1415
128 1414
129 440
129 454
129 2184
129 193
129 1455
130 1494
130 2394
130 2467
130 415
130 815
131 1547
131 683
131 2168
131 876
131 1546
132 1959
132 904
132 379
132 541
133 306
133 1772
133 519
133 1769
133 153
134 901
134 900
134 350
134 505
134 2505
135 137
135 2145
135 2504
135 2329
136 1011
136 2093
136 741
136 1733
136 1638
137 2329
137 2330
137 2095
137 2144
137 2331
138 2046
138 1072
138 2045
138 1572
138 2078
139 306
139 153
139 887
139 1623
140 2464
140 2549
140 515
140 2289
140 444
141 158
141 2033
141 1983
141 1002
142 2172
142 525
142 2057
142 2054
143 869
143 1100
143 766
143 1636
143 1821
144 1593
144 145
144 1165
144 213
144 537
145 213
145 2192
145 1165
145 537
145 1593
146 717
146 405
146 1152
146 1435
146 1906
147 502
147 2335
147 1534
147 1973
147 2108
148 381
148 602
148 2538
148 378
148 996
149 738
149 1110
149 1410
149 572
150 1950
150 1241
150 1542
150 1331
150 875
151 1870
151 1969
151 2001
151 627
151 2237
152 1530
152 1653
152 963
152 2399
153 2045
153 1772
154 748
154 1752
154 1339
154 1754
154 1358
155 1736
155 817
155 156
155 1763
155 1358
156 1358
156 817
156 1763
156 1736
157 1870
157 869
157 1875
157 1636
158 382
158 1807
158 1665
158 791
158 2037
159 482
159 775
159 2559
159 2076
160 1995
160 1127
160 553
160 745
160 1986
161 925
161 2016
162 415
162 815
162 2394
162 498
163 901
163 904
163 902
163 903
163 1579
164 1671
164 2309
164 356
164 1907
164 1614
165 480
165 2707
165 598
165 2706
165 1473
166 901
166 2498
166 1970
166 638
166 2387
167 168
167 2482
167 2437
167 1056
167 2438
168 2438
168 2437
168 1056
168 2482
169 850
169 1986
169 1473
169 2707
170 1599
170 1755
170 1754
170 1753
171 1548
171 790
171 1810
171 482
171 180
172 512
172 756
172 1472
172 240
172 1692
173 2168
173 1721
173 687
173 1710
173 1725
174 1725
174 1758
174 1154
174 580
174 1749
175 1485
175 644
175 596
175 1914
176 289
176 306
176 563
176 277
177 2670
177 1533
177 1257
177 1639
177 2679
178 1130
178 1641
178 1678
178 207
178 2036
179 1875
179 792
179 232
179 1453
179 2008
180 2077
180 2667
180 218
180 2075
180 2034
181 1849
181 1120
181 908
181 1464
181 1914
182 902
182 906
182 997
182 183
182 1837
183 1330
183 1837
183 997
183 1768
184 906
184 908
184 902
184 903
184 2707
185 201
185 899
185 598
185 1542
185 332
186 2702
186 2034
186 2580
186 1228
186 1536
187 908
187 902
187 904
187 903
187 2707
188 853
188 1145
188 1731
188 1358
188 1714
189 1725
189 236
189 2476
189 1262
189 1799
190 902
190 905
190 906
190 2282
191 695
191 1986
191 306
191 1197
192 456
192 1017
192 667
192 642
192 591
193 1537
193 2094
193 1276
193 1455
194 1379
194 243
194 1569
194 1380
194 2564
195 1649
195 2355
195 1966
195 1839
195 2263
196 588
196 2040
196 2044
196 627
196 1051
197 231
197 1701
197 1868
197 551
197 2217
198 907
198 2248
198 901
198 902
198 2707
199 1869
199 420
199 1701
199 2309
199 465
200 902
200 901
200 893
200 2676
200 1439
201 232
201 1875
201 899
201 1870
201 1636
202 1250
202 1345
202 1173
202 353
202 2507
203 1884
203 2401
203 470
203 1097
203 1529
204 300
204 966
204 737
204 818
204 1908
204 593
205 1863
205 1334
205 1862
206 901
206 902
206 2691
206 1986
207 1130
207 1641
207 1678
207 2036
208 908
208 901
208 903
208 902
208 2707
209 903
209 1449
209 1390
209 361
209 2683
210 566
210 1906
210 717
210 1914
210 1079
211 1259
211 1131
211 2137
211 239
212 906
212 901
212 902
212 2258
212 1213
213 1593
213 1165
213 537
214 894
214 1120
214 2195
214 2193
214 324
215 1337
215 1023
215 335
215 1870
215 563
216 1856
216 1858
216 1334
216 1413
216 1440
217 2474
217 473
217 2648
217 2647
217 243
218 1810
218 2077
218 2667
218 2075
219 402
219 1936
219 812
219 251
219 1931
220 221
220 1763
220 1736
221 2456
221 1763
221 1736
222 2707
222 904
222 908
222 902
222 901
223 2514
223 1714
223 1715
223 2175
223 1358
224 2130
224 576
224 1894
224 1891
224 1812
225 906
225 908
225 902
225 903
225 2707
226 633
226 416
226 1867
226 1337
227 904
227 903
227 933
227 609
227 629
228 609
228 985
228 1761
228 687
228 689
229 2118
229 1405
229 1894
229 2117
229 1508
230 394
230 962
230 1810
230 1811
230 511
231 1859
231 1864
231 1701
231 869
231 1986
232 1873
232 598
232 1875
232 1701
233 2707
233 2270
233 903
233 392
233 370
234 1552
234 826
234 2287
234 2288
235 633
235 416
235 1867
235 1337
236 1772
236 306
236 2045
236 1776
237 902
237 901
237 2540
237 2632
237 2242
238 2707
238 1827
238 902
238 1409
238 1408
239 1623
239 1628
239 2021
239 2418
240 1692
240 756
240 2187
240 512
241 648
241 540
241 1707
241 454
242 1131
242 279
242 270
242 838
242 2280
243 473
243 1532
243 2647
243 2473
244 1483
244 1725
244 1740
244 1038
244 687
245 901
245 904
245 902
245 1510
245 2707
246 1751
246 609
246 2530
246 1721
246 1154
247 908
247 904
247 901
247 903
247 902
248 1966
248 1889
248 1264
248 443
248 463
249 436
249 1332
249 2018
249 478
250 908
250 901
250 903
250 902
250 2707
251 877
251 1300
251 812
251 1413
251 507
252 2050
252 1792
252 454
252 822
252 539
253 1936
253 1413
253 402
253 1933
253 812
254 1211
254 402
254 507
255 2165
255 1690
255 1507
255 2030
256 1469
256 885
256 1472
256 2187
256 2186
257 525
257 2181
257 1388
257 734
257 736
258 1401
258 1094
258 1157
258 706
258 1443
259 903
259 902
259 894
259 2537
260 902
260 905
260 903
260 2469
260 904
261 335
261 343
261 318
261 767
261 1479
262 2282
262 1972
262 604
262 1592
263 1748
263 1306
263 819
263 1358
263 1756
264 1409
264 1478
264 448
264 1829
264 844
265 648
265 540
265 1707
265 454
266 1399
266 1630
266 601
266 1115
266 2228
267 902
267 1986
267 314
267 2606
268 2391
268 1804
268 2392
268 2389
268 2390
269 1450
269 1000
269 281
269 1996
269 1083
270 868
270 279
270 1131
270 838
271 1046
271 1484
271 808
271 638
271 299
272 903
272 904
272 2707
272 905
273 2147
273 2149
273 413
273 374
273 2146
274 1374
274 1617
274 1732
274 1333
274 1145
275 903
275 2236
275 706
275 963
275 1703
276 2182
276 1695
276 2133
276 2131
276 1463
277 420
277 745
277 1583
277 2009
278 1460
278 2590
278 2349
278 1992
278 2589
279 1131
279 838
279 518
279 2280
280 539
280 1351
280 1224
280 2293
280 1131
281 1589
281 2509
281 2543
281 1325
281 972
282 902
282 2628
282 1538
282 540
283 901
283 348
283 1260
283 902
283 1138
284 583
284 2225
284 2224
285 827
285 1976
285 818
285 1986
286 911
286 1051
286 2120
286 698
286 588
287 909
287 905
287 902
287 903
287 2707
288 901
288 904
288 902
288 903
288 938
289 1568
289 1769
289 1772
289 1070
289 919
290 1610
290 1171
290 1358
290 480
290 2372
291 2345
291 1469
291 2347
291 2348
291 1514
292 901
292 904
292 902
292 903
292 1036
293 902
293 904
293 903
293 2034
293 2707
294 2091
294 2045
295 923
295 507
295 1935
295 1542
295 877
296 1718
296 1756
296 732
296 364
297 1941
297 1942
297 1986
297 1301
298 1213
298 1986
298 2063
298 1000
298 1325
299 1082
299 1046
299 2498
299 1484
300 1847
300 1174
300 1309
300 1908
300 851
301 524
301 758
301 1040
301 1731
302 1623
302 656
302 306
302 308
302 2089
303 1367
303 306
303 308
303 1787
303 519
304 666
304 838
304 2344
304 1708
305 738
305 1118
305 1923
305 1924
306 350
306 1072
306 2045
306 1623
307 906
307 908
307 901
307 903
307 902
308 2089
308 1346
308 2046
308 519
309 1704
309 453
309 733
309 2291
309 1278
310 1810
310 1947
310 1944
310 1950
310 1945
311 901
311 903
311 902
311 1147
311 1701
312 565
312 1627
312 2558
312 1358
312 915
313 906
313 2230
313 902
313 901
313 1134
314 608
314 1784
314 1783
314 581
315 2182
315 527
315 525
315 1416
315 347
316 845
316 1701
316 766
316 1297
316 598
317 1705
317 1505
317 409
317 1196
318 1787
318 2045
318 563
318 1337
319 902
319 903
319 904
319 1761
319 1358
320 903
320 2250
320 432
320 1643
320 2248
321 1450
321 2543
321 2551
321 1083
322 895
322 1871
322 1358
322 1721
322 848
323 1174
323 815
323 1983
323 1652
324 651
324 1120
324 1039
324 2193
324 1921
325 2419
325 1652
325 438
325 1909
325 1013
326 819
326 1753
326 1752
326 1238
327 1000
327 2064
327 1326
327 1996
327 2063
328 567
328 687
328 2359
328 2507
329 958
329 487
329 1782
329 1584
329 1072
330 530
330 2003
330 2001
330 2380
330 2122
331 712
331 1668
331 415
331 2450
332 2066
332 665
332 2123
332 1986
333 626
333 1038
333 1041
333 1751
333 1040
334 1583
334 1580
334 471
334 1464
334 1851
335 1876
335 1870
335 1859
335 1453
336 892
336 1432
336 1272
336 1946
337 1735
337 1716
337 1745
337 1499
338 1931
338 877
338 812
339 902
339 903
339 901
339 907
339 2376
340 623
340 2464
340 2289
340 1157
340 2463
341 687
341 1358
341 2597
342 1802
342 1799
342 1801
342 1800
342 945
343 1052
343 1075
343 1865
343 1023
344 1097
344 1483
344 470
344 1884
344 935
345 1130
345 1641
345 1678
345 2036
346 626
346 1752
346 1209
346 1038
346 1750
347 2180
347 423
347 525
347 527
348 837
348 1138
348 1071
348 1366
348 1461
349 1403
349 896
349 1869
349 2304
350 719
350 1771
350 1772
350 910
351 1299
351 1812
351 1811
351 1814
351 962
352 1947
352 1581
352 1945
352 1946
352 1950
353 1173
353 2221
353 1345
353 1250
354 1803
354 1839
354 659
354 1072
355 901
355 902
355 1527
355 903
355 2707
356 851
356 1394
356 621
356 1652
356 1909
357 1715
357 1742
357 744
357 1729
357 1229
358 906
358 905
358 364
358 1756
359 1743
359 1077
359 704
359 742
359 905
360 1825
360 1470
360 1828
360 1826
360 1827
361 903
361 1449
361 1390
361 2683
362 1702
362 946
362 1703
362 443
362 1971
363 904
363 2607
363 598
363 1373
363 1687
364 732
364 819
364 1756
364 1358
365 906
365 900
365 902
365 901
365 1475
366 743
366 2009
366 1127
366 1995
367 650
367 2389
367 2391
367 752
367 957
368 1194
368 2518
368 2671
368 1257
368 2248
369 906
369 2483
369 2484
369 385
369 2707
370 1829
370 1415
370 371
370 2270
370 392
371 1619
371 400
371 392
371 2270
372 449
372 687
372 2444
372 1358
372 2556
373 901
373 485
373 2051
373 2052
373 1042
374 1242
374 2148
374 2146
374 509
374 846
375 2434
375 2401
375 2399
375 963
376 1120
376 1013
376 817
376 1224
376 913
377 2268
377 1265
377 1682
377 733
377 2291
378 381
378 2518
378 714
378 602
379 904
379 1959
379 541
380 902
380 903
380 477
380 2569
380 930
381 450
381 996
381 2518
381 1257
382 608
382 1410
382 1983
382 1665
382 424
383 794
383 2268
383 2291
383 1160
384 1780
384 1778
384 1779
384 887
384 1777
385 906
385 2483
385 2484
385 2707
386 1867
386 2519
386 1894
386 2509
386 1508
387 2045
387 416
387 1670
388 1507
388 703
388 645
388 2491
388 2165
389 969
389 1620
389 1412
389 1483
389 2113
390 908
390 904
390 901
390 902
390 2707
391 1876
391 968
391 1709
391 899
392 1441
392 2270
392 2269
393 1237
393 1543
393 701
393 735
393 1881
394 849
394 2352
394 1129
394 2351
394 577
395 894
395 2371
395 1598
395 765
395 1090
396 907
396 904
396 905
396 1986
397 2144
397 576
397 401
397 411
397 1065
398 902
398 904
398 2371
398 644
398 2367
399 1088
399 2045
399 452
399 1623
400 902
400 895
400 2270
400 1183
401 2268
401 864
401 1065
401 794
402 1931
402 1413
402 1542
402 1936
403 1038
403 2445
403 616
403 1758
403 2444
404 901
404 1170
404 1476
404 903
404 902
405 1929
405 1930
405 1008
405 1435
406 1623
406 2083
406 843
407 695
407 1012
407 948
407 1681
407 2319
408 2056
408 1628
408 734
408 736
408 423
409 2320
409 695
409 1788
409 2318
410 900
410 903
410 901
410 2235
410 1955
411 792
411 1465
411 1542
411 1065
411 2601
412 1914
412 1616
412 447
412 1849
413 2149
413 2147
413 2146
413 846
414 1285
414 644
414 496
414 2113
415 1677
415 1013
415 1309
415 2178
416 1866
416 1865
416 1334
416 1864
417 1483
417 1797
417 1799
417 1802
418 902
418 2551
418 2543
419 903
419 901
419 907
419 2427
419 465
420 465
420 1701
420 2309
421 1724
421 710
421 708
421 2214
421 2212
422 907
422 909
422 902
422 904
422 903
423 2054
423 2180
424 816
424 878
424 1980
424 1982
424 1981
425 901
425 2279
425 1758
425 1007
425 533
426 487
426 1782
426 1772
427 1723
427 565
427 513
427 1361
427 1398
428 1071
428 1257
428 996
428 2249
428 1135
429 863
429 1892
429 1160
429 1590
429 2034
430 983
430 2127
430 1889
430 1891
430 691
430 1261
431 906
431 2695
431 900
431 2694
431 2707
432 902
432 903
432 2707
432 2462
433 1494
433 1979
433 885
433 1981
433 1980
434 1524
434 1463
434 2408
434 1693
434 2499
435 2077
435 2291
435 2302
435 678
436 756
436 490
436 816
436 1842
436 2405
437 2059
437 645
437 438
438 1178
438 651
439 2220
439 1731
439 823
439 853
440 1912
440 1913
440 1296
440 895
441 973
441 1296
441 661
442 2335
442 698
442 2383
442 2122
443 1010
443 1966
443 1234
444 2289
444 623
444 584
444 1102
444 2464
445 905
445 903
445 902
445 892
445 1986
446 454
446 1851
446 1343
446 2436
446 2030
447 1914
447 1616
447 1849
448 1183
448 1825
448 844
448 645
449 1751
449 1035
449 800
449 1214
449 1189
450 492
450 2518
450 1257
450 1050
451 661
451 1873
451 973
451 2284
452 1784
452 2045
452 719
452 910
452 608
453 2306
453 2552
453 1909
453 1278
453 1818
454 2094
454 1616
454 671
454 1851
455 607
455 2146
455 1664
455 2147
456 2199
456 2181
456 1580
456 2200
456 1628
457 2212
457 2213
457 1724
457 2215
457 2214
458 1022
458 1962
458 1555
458 2363
458 1470
459 2045
459 1779
460 899
460 1095
460 792
460 745
460 1434
461 1842
461 1869
461 2155
462 907
462 900
462 902
462 901
462 2707
463 1906
463 1365
463 1234
463 1966
463 1971
464 1383
464 2654
464 2503
464 1742
464 580
465 2385
465 469
465 2427
465 2309
466 1709
466 2365
466 1358
467 1665
467 1857
468 541
468 573
468 1311
468 1312
468 2080
469 2385
469 1997
469 923
470 1884
470 854
470 857
470 1097
471 908
471 1464
471 1421
471 600
472 1826
472 1183
472 1824
472 1902
472 1579
473 2646
473 2648
473 2474
473 1451
474 907
474 903
474 900
474 901
474 2707
475 904
475 903
475 894
475 1838
475 485
476 2084
476 519
476 910
476 2078
476 1072
477 900
477 904
477 930
477 2569
478 651
478 1332
478 621
479 661
479 904
479 753
479 1022
480 2372
480 1358
480 1171
480 687
481 1299
481 1813
481 1682
481 1814
481 1358
482 962
482 1810
482 1348
482 2034
483 1979
483 816
483 1980
483 1842
484 2143
484 2045
484 1623
485 901
485 2054
485 2051
485 2052
485 2198
486 1020
486 2076
486 2075
487 2045
487 2080
487 1623
487 1782
488 623
488 2289
488 515
488 582
488 2464
489 1751
489 1041
489 1740
489 2451
490 779
490 1526
491 2707
491 901
491 903
491 902
491 2135
492 1135
492 2677
492 2518
492 1257
492 2671
493 569
493 1358
493 2365
494 902
494 2442
494 723
494 1599
495 1327
495 2161
495 537
495 1328
496 1285
496 2112
496 596
496 644
497 902
497 895
497 1848
498 1741
498 1494
499 903
499 2457
499 1917
499 2458
499 2649
500 1503
500 2207
500 1191
500 1957
500 2242
501 823
501 1744
501 580
501 1720
501 1750
502 1195
502 666
502 1999
503 2381
503 2380
503 574
503 2348
503 1986
504 1027
504 2394
504 1420
504 2228
505 644
505 937
505 1623
506 779
506 1675
506 1464
506 1849
507 1413
507 1542
507 1300
508 900
508 901
508 902
508 1991
508 1768
509 2146
509 2148
509 1101
509 1242
510 1849
510 2185
510 1842
510 836
510 1909
511 1813
511 1815
511 962
511 1299
512 1692
512 756
512 2187
513 2442
513 1038
513 1398
513 1361
514 661
514 2405
514 1309
515 828
515 2465
515 2289
515 2290
515 2464
516 924
516 661
516 1309
517 2707
517 900
517 901
517 2546
518 1003
518 848
518 1850
518 1973
519 1787
519 1772
520 905
520 907
520 902
520 901
520 2707
521 1870
521 1864
521 547
521 1875
521 2707
522 903
522 902
522 975
522 2098
523 1618
523 794
523 2043
523 1493
523 863
524 1714
524 1169
524 1145
524 1720
524 552
525 2182
525 1628
525 2054
526 2279
526 1610
526 1742
526 1427
526 1154
527 2180
528 901
528 902
528 2707
528 906
528 2100
529 1419
529 2350
529 1703
529 2260
529 2259
530 2086
531 2360
531 2559
531 2230
531 1666
532 1866
532 1867
532 1337
533 2444
533 2443
533 580
533 1758
533 1007
534 1041
534 2446
534 883
535 902
535 2707
535 936
535 1740
535 2451
536 1049
536 1149
536 631
536 2118
537 1165
537 1593
538 905
538 907
538 900
538 902
538 901
539 1203
539 644
539 1849
540 1957
540 1958
541 904
541 647
541 1650
542 1779
542 887
542 1770
542 1775
543 2265
543 1293
543 1068
543 2418
544 2200
544 1580
544 1042
545 907
545 900
545 902
545 901
545 2707
546 2126
546 1119
546 2124
546 2130
546 2489
547 1864
547 1100
547 1636
547 869
548 2339
548 1115
548 2228
548 1938
548 2229
549 1823
549 1822
549 1095
549 1810
549 1004
550 898
550 922
550 950
550 1495
550 2151
551 1868
551 945
551 2217
552 1714
552 853
552 1040
552 823
553 973
553 1583
553 745
553 1986
554 1804
554 1851
554 1856
554 581
555 1695
555 2132
555 2133
555 2131
556 608
556 1072
556 581
556 1251
557 2596
557 1427
557 1072
557 1745
558 1189
558 1706
558 1136
558 1358
559 1182
559 2029
559 1183
560 2707
560 903
560 900
560 585
560 901
561 903
561 595
561 1256
561 2176
562 2113
562 1743
562 969
562 1412
563 699
563 1337
563 2045
564 2651
564 567
564 1509
564 1072
565 768
565 1072
565 1610
565 1358
565 1528
566 673
566 968
566 1709
567 985
567 1509
567 2359
568 1299
568 1812
568 1811
568 962
569 904
569 903
569 1358
570 598
570 1701
570 2430
571 696
571 1570
571 743
572 1583
572 1110
572 2027
572 1118
573 2080
573 1799
573 1251
573 2407
573 1779
574 2381
574 2380
574 2348
574 1986
575 901
575 1131
575 1382
575 902
575 2707
576 1818
576 1820
576 1819
576 2001
576 1692
577 1063
577 1064
577 1129
577 2351
578 1973
578 661
578 809
578 1526
579 835
579 1810
579 2296
579 2309
579 1329
580 1720
580 1154
580 1742
580 1358
581 887
581 1779
582 2464
582 2289
582 623
583 2225
583 2224
583 2223
583 2222
584 623
584 2464
584 2289
585 2707
585 903
585 900
585 901
586 1919
586 2153
586 1118
586 2155
586 1131
587 907
587 900
587 902
587 901
587 2707
588 1484
588 2120
588 698
588 1051
589 1777
589 1780
589 2251
589 2252
590 1957
590 1958
590 2275
590 1128
591 1475
591 667
591 642
591 2472
592 907
592 909
592 902
592 904
592 903
593 2261
593 1097
593 2276
593 809
593 1908
594 900
594 2195
594 1333
594 2194
594 663
595 1256
595 1016
595 982
595 1091
596 1914
596 711
596 2388
597 2264
597 1635
598 766
598 1986
598 1701
598 1810
599 1598
599 1271
599 1090
599 2367
600 2395
600 1085
600 1027
600 1420
600 1421
601 902
601 903
601 2707
601 809
602 2518
602 714
603 1787
603 2097
603 1810
603 935
603 1651
604 1362
604 1972
604 1920
604 1592
605 2379
605 1159
605 729
605 2535
606 938
606 2578
606 2381
606 1810
607 1084
607 1290
607 2147
607 785
608 1782
608 1770
608 1775
609 933
609 1358
609 1041
609 1749
610 1624
610 1045
610 2287
610 2288
611 907
611 2707
611 902
611 904
611 903
612 908
612 904
612 906
612 1955
612 676
613 1752
613 1038
613 1205
613 1389
613 1546
614 1017
614 1556
614 2470
614 2469
614 1475
615 2651
615 1287
616 1038
616 970
616 1565
616 1750
616 1709
617 2038
617 2041
617 1497
617 1812
618 900
618 901
618 2230
618 902
618 2027
619 1156
619 2182
619 1274
619 2021
619 2418
620 2412
620 2304
620 729
620 1159
621 1658
622 1031
622 942
622 1952
622 2206
622 2204
623 1102
623 2289
623 2464
624 901
624 2052
624 1481
624 2051
624 2198
625 908
625 904
625 901
625 902
625 2707
626 1753
626 1599
626 1710
626 1249
626 1610
627 1481
627 2237
627 1051
628 823
628 1072
628 1070
628 1734
628 1358
629 2334
629 1742
629 933
630 1072
630 935
630 682
631 760
631 1513
631 2349
632 907
632 901
632 903
632 1718
632 902
633 1866
633 1862
633 699
634 2228
634 1399
635 898
635 2150
635 900
635 899
635 1378
636 900
636 902
636 901
636 2291
636 2182
637 1821
638 1623
638 814
638 1143
638 2498
638 2383
639 899
639 900
639 811
639 901
639 2707
640 1598
640 1093
640 1147
640 2367
641 907
641 903
641 900
641 901
641 2707
642 667
642 1017
642 2472
643 1842
643 1313
643 2185
644 1070
644 1914
645 2608
645 1713
645 1824
646 1901
646 1549
646 1959
646 1537
647 1312
647 1313
647 904
647 1360
648 1707
649 1295
649 1456
649 687
649 1019
649 1092
650 2083
650 2168
650 1358
650 957
651 2386
651 2024
652 1115
652 854
652 654
652 857
653 906
653 2707
653 901
653 903
653 902
654 904
654 902
654 903
655 1367
655 1782
656 2084
656 2085
656 2089
656 1775
657 2440
657 2530
657 1358
657 867
657 1229
658 1664
658 2486
658 2146
659 2453
659 1072
659 1803
660 1784
660 1780
660 910
661 2100
661 1958
661 854
662 908
662 904
662 901
662 902
662 2707
663 900
663 2195
663 1333
663 2194
664 1867
664 1337
665 2123
665 2003
665 2040
666 838
666 2423
667 2199
667 2472
667 2266
668 878
668 1977
668 1494
668 885
668 1981
669 1124
669 1159
669 2579
669 2247
669 2534
670 901
670 902
670 903
670 2373
670 2000
671 1583
671 935
671 2027
672 903
672 902
672 1583
672 817
673 968
673 1709
674 1906
674 897
674 717
675 2490
675 934
675 733
675 2355
675 2357
676 1956
676 1168
676 1954
676 1179
677 905
677 907
677 1112
677 902
677 901
678 1265
678 2291
678 1062
678 2303
679 2267
679 2072
679 2266
679 2189
679 948
680 2186
680 1580
680 731
680 2200
681 1023
681 1704
681 1697
681 687
682 778
682 2153
682 1583
683 1547
683 2168
683 876
683 1546
684 1753
684 1759
684 1483
684 1735
685 2707
685 901
685 900
686 1205
686 1604
686 1738
686 1040
686 1041
687 2359
687 1358
688 1135
688 2678
688 2673
688 2538
689 1734
689 1358
689 1720
689 1040
689 1719
690 901
690 902
690 1865
690 1132
691 912
691 1968
691 1889
691 1891
691 791
692 908
692 904
692 901
692 903
692 902
693 707
693 2485
693 734
693 2074
693 1013
694 906
694 2517
694 1902
694 801
694 1072
695 1797
695 1012
695 1681
695 1682
696 1309
696 1288
696 737
696 743
697 1358
697 738
697 2162
697 1416
698 2120
699 1337
699 1852
700 906
700 2707
700 901
700 903
700 902
701 1881
701 735
701 1543
701 1958
701 1237
702 1592
702 1919
702 1973
702 1377
702 778
703 1961
703 1578
703 2516
703 1022
703 1470
704 1735
704 1077
704 1743
704 2450
704 1483
705 2041
705 2001
705 1493
705 2043
706 1703
706 1702
706 1443
707 908
707 903
707 1635
707 904
708 1040
708 1599
708 1646
708 819
708 1724
709 2592
709 2269
709 1897
709 793
710 2215
710 2214
710 1392
711 1690
711 728
711 1077
711 1616
712 1464
712 1359
712 1013
713 907
713 903
713 900
713 902
713 901
714 2041
714 2518
715 2268
715 1682
715 2233
715 2292
715 1265
716 1816
716 1815
716 1821
716 962
716 795
717 1906
717 897
718 1474
718 1984
718 1008
718 1985
719 887
719 1782
720 1128
720 1954
720 1415
720 1825
720 1619
721 906
721 908
721 901
721 903
721 902
722 1111
722 2500
722 1106
722 1874
722 1567
723 2442
723 1599
723 2614
724 2396
724 2228
724 1396
724 2394
724 2395
725 895
725 1913
725 1592
725 755
726 2671
726 2673
726 1206
726 2672
726 1109
727 1151
727 1386
727 2572
727 2570
727 2571
728 1914
728 1911
728 2177
728 1470
728 1377
729 1636
729 1607
729 1052
729 981
730 2707
730 903
730 2177
730 901
730 900
731 901
731 1279
731 2330
731 2186
732 1632
732 2642
732 1358
733 1810
733 2268
733 1160
733 2291
734 1388
734 2197
734 1841
734 2181
734 736
735 1237
735 1881
735 1958
735 739
736 2197
736 1388
736 2181
737 1174
737 2227
737 1309
737 851
738 1275
738 1416
738 2162
739 2062
739 1237
739 1958
739 1881
740 1952
740 788
740 1002
740 2034
741 1776
741 2324
741 1735
741 1733
741 831
742 1412
742 969
742 1358
743 1986
743 1995
743 1127
743 2009
743 745
744 1154
744 1714
744 1761
744 1742
745 2009
745 1583
745 1986
746 979
746 1026
746 1000
746 2477
746 2163
747 2185
747 1842
747 1500
748 1731
748 1169
748 1358
748 1760
749 1203
749 1973
749 2312
749 2195
750 1707
751 2197
751 1841
751 1388
751 964
751 1006
752 2168
752 1557
752 1757
752 1685
753 1880
753 2227
753 1314
754 2113
754 1743
754 1620
755 2015
755 1592
755 1840
756 1472
756 1692
757 1753
757 1599
757 1103
757 902
757 1604
758 1765
758 1358
758 853
758 1169
759 2291
759 1192
759 963
759 1062
760 1751
760 1513
760 1073
761 1153
761 2399
761 963
761 2240
762 1199
762 1067
762 1030
763 1628
763 2108
763 1851
763 2383
764 1753
764 1103
764 819
765 894
765 2371
765 1598
765 1090
766 1821
766 845
767 1334
767 1708
767 1479
768 1724
768 1895
768 1732
768 1723
768 1358
769 1929
769 1928
769 1923
769 1924
770 1894
770 1049
770 2118
770 1508
771 2419
771 2418
771 1156
771 2021
772 907
772 900
772 902
772 905
772 1013
773 1805
773 1799
773 2086
773 1801
773 2107
774 907
774 903
774 2526
774 901
774 2707
775 2037
775 1020
775 790
775 2076
775 2667
776 1936
776 1932
776 1931
777 1637
777 2101
777 993
777 1368
777 779
777 822
778 1370
778 1224
778 1525
778 779
778 1919
779 1975
779 1224
779 1525
779 1919
780 907
780 901
780 903
780 902
780 2707
781 2091
781 1020
781 2119
781 2594
782 901
782 902
782 904
782 907
782 1162
783 1773
783 893
783 2376
783 2387
783 911
784 1864
784 1866
784 1865
785 2707
785 903
785 2147
786 907
786 901
786 903
786 902
786 2707
787 1079
787 815
787 1984
787 1983
788 942
788 1336
788 1952
788 1002
789 963
789 1970
789 1971
789 1702
790 1812
790 1807
790 1814
791 2037
791 1807
791 1889
792 2340
792 968
792 1697
792 2338
793 1960
793 1478
793 1903
793 1897
794 1160
794 2268
794 863
795 1299
795 1816
795 1815
795 1821
796 1720
796 1123
796 1748
796 1292
797 1745
797 1035
797 1834
797 1189
798 1795
798 2299
798 2464
798 1794
798 1796
799 901
799 902
799 1728
799 2555
799 2599
800 820
800 1833
800 2359
801 1070
801 1961
801 1824
802 980
802 922
802 2252
802 1444
803 901
803 851
803 1184
803 830
803 2101
804 923
804 1444
804 922
804 2536
805 2645
805 1141
805 1094
806 1383
806 2654
806 2503
807 1885
807 1954
807 1955
807 1226
807 1956
808 1624
808 2387
808 2383
808 924
808 893
809 2394
809 2227
809 1523
810 901
810 900
810 893
810 984
810 1015
811 901
811 902
811 2707
811 2493
812 1941
812 1413
812 1936
812 1933
813 1061
813 1202
813 1428
813 911
814 1158
814 2382
814 1635
814 2383
814 1051
815 2394
815 851
816 1842
816 1980
816 1979
816 2405
817 1763
817 1358
818 1309
818 1908
818 851
819 1753
819 1756
820 1832
820 1831
820 1830
820 889
821 907
821 901
821 903
821 902
821 2707
822 993
822 2070
822 1637
823 1750
823 2492
823 1720
823 1040
823 1719
824 902
824 900
824 901
824 926
824 889
825 1755
825 1719
825 1711
825 1492
825 1750
826 2105
826 2287
826 2288
826 1879
827 1416
827 885
827 2156
828 2464
828 2290
828 2289
829 907
829 901
829 902
829 1810
829 2707
830 1353
830 935
830 1674
830 1676
830 1675
831 1753
831 2093
831 1072
832 905
832 907
832 901
832 902
832 2707
833 1130
833 2494
833 1641
833 2495
834 1726
834 876
834 1557
834 2169
835 1814
835 1813
835 1812
835 962
835 1299
836 1776
836 2045
837 1545
837 1135
837 1366
837 1194
837 2679
838 1131
838 1195
838 2280
839 1693
839 2219
839 1042
840 1960
840 2269
840 1902
841 1394
841 1807
841 1812
841 1654
841 1968
842 2071
842 2166
842 2165
842 2010
843 1558
843 2340
843 1937
843 1304
843 1523
844 1478
844 1825
844 1829
845 1297
845 1821
846 2147
846 1101
847 1926
847 1920
847 1682
848 1003
848 1149
848 1358
849 906
849 1064
849 1063
849 2351
850 1914
850 1359
850 1013
851 1174
851 1288
851 1908
851 1677
851 2178
852 902
852 1072
852 903
852 2707
853 1737
853 1720
853 1040
854 1115
854 857
854 1869
855 902
855 900
855 2471
855 2398
856 1545
856 1366
856 1138
856 2249
857 1097
857 1869
857 1115
858 1838
859 1773
859 1856
859 2448
859 2026
860 1742
860 1725
861 1838
861 2181
861 2182
861 2054
861 1377
862 2301
862 1818
862 1265
862 1160
863 1160
864 1699
864 1065
864 2210
865 907
865 902
865 904
865 903
865 1920
866 1894
866 1432
866 1364
866 2610
867 2652
867 871
867 2530
867 1229
868 1224
868 2425
869 1299
869 1701
869 1864
870 1235
870 1273
870 2124
870 2125
870 1111
871 1229
871 1254
871 2439
871 2442
871 2440
872 1936
873 1894
873 2314
873 1708
873 1701
874 1867
874 1337
875 1946
875 1944
875 1947
875 1272
876 1745
876 1751
876 1723
876 1189
877 1935
877 1542
878 1982
878 1494
878 1039
879 2340
879 1191
879 2329
880 1625
880 1661
880 1644
880 1583
881 1599
881 1214
881 1716
881 1566
882 1038
882 1041
882 1751
882 1040
882 1750
883 1041
883 2446
884 2463
884 2238
884 1653
884 1087
885 1692
885 2156
885 1332
886 902
886 1951
886 1952
886 2698
886 1002
887 910
887 1779
888 1017
888 1475
888 2470
888 2469
889 1067
889 1834
889 2045
890 1880
890 2227
890 1314
891 1898
891 1914
891 1826
891 1495
891 1900
892 1815
892 1272
892 1946
892 1241
892 1944
892 1947
893 2383
893 924
893 2382
893 2376
894 1147
894 1090
894 1598
895 1911
895 1913
895 1296
896 904
896 1403
896 1869
896 2304
897 1655
897 2155
897 1927
898 1647
898 1328
898 2160
898 1835
898 2157
899 968
899 1023
900 907
900 903
900 901
900 2707
901 2199
901 2203
901 2186
901 1279
902 1103
902 1604
902 1284
902 1358
903 2436
903 1507
903 2112
904 1959
904 1022
905 1358
905 1077
905 1483
906 2353
906 1129
907 1972
907 2134
907 1914
907 1535
907 1362
908 1293
908 1644
908 1849
909 1434
910 1775
911 1428
911 1051
911 2383
912 983
912 2127
912 1889
912 1891
912 1261
913 2707
914 1945
914 1950
914 1942
915 1072
915 1358
915 2389
915 2390
915 1725
916 2034
916 1303
916 2531
917 2707
918 2067
918 1477
918 2066
918 1607
919 1038
919 1041
919 1751
919 1040
919 1750
920 1073
920 1889
920 1868
920 1297
921 1079
921 1464
921 1905
922 1444
922 2387
922 2536
923 2707
923 2534
924 1051
925 2707
925 1224
926 2582
926 1701
927 2140
927 1316
927 1301
927 1679
928 1326
928 2064
928 1996
928 2063
928 1325
929 1040
929 1209
929 1751
929 1750
930 2569
931 2359
931 1035
932 2707
933 2503
934 2490
934 2355
934 2357
935 1701
935 1884
936 2514
936 2530
936 1154
936 2515
937 1304
937 1856
937 1784
938 2360
938 2296
939 2174
939 2707
940 1902
940 1408
940 1826
940 1070
941 2516
942 1416
942 1951
942 1002
942 1031
943 1061
943 1624
943 1367
943 2300
945 1262
945 1478
945 1801
945 2145
946 1702
946 1971
946 1703
947 2707
948 1012
948 2189
948 2319
949 2707
949 2406
950 2151
950 1824
950 1495
951 1747
951 1205
951 1751
951 1040
951 1749
952 2105
953 2566
953 2567
953 2565
954 2707
955 1905
955 2388
955 1464
956 2673
956 2678
956 1533
956 1257
957 1483
957 1742
957 2083
958 1797
958 1584
958 1805
959 2707
960 1283
960 1701
960 2045
960 2078
961 1358
961 2257
961 1728
961 2555
961 2599
962 1809
962 2034
962 1810
963 2240
963 2434
963 1443
963 2645
963 2399
964 1388
964 2197
965 2408
965 2277
965 1388
966 1908
967 2707
968 1870
968 1875
969 2113
969 1412
970 1756
970 1358
970 2642
970 1738
971 1650
971 1360
971 1113
972 1228
972 1086
972 2543
972 1325
973 2025
973 1798
973 1224
974 2707
975 2098
976 1103
976 998
976 1284
976 1431
976 978
977 1748
977 1358
977 1746
978 1753
978 1103
978 1284
979 2630
979 2241
979 1441
980 1782
980 1781
980 1158
980 1778
981 1949
981 2534
981 1607
981 1577
982 1091
982 2176
982 1256
983 2127
983 1889
983 1891
983 1261
984 1322
984 1324
984 1015
985 1189
985 1041
985 1040
985 1599
986 2707
987 2707
987 2359
988 2099
988 1195
988 1341
988 1526
989 2436
989 1507
989 2286
989 1343
990 1413
990 1272
990 1577
990 1950
991 2707
992 1914
993 2101
993 1152
994 1399
994 1869
995 1882
995 2102
995 1338
995 2103
996 1071
996 1135
996 2249
996 1257
997 1330
997 1837
997 1768
998 1358
999 1205
999 1209
999 1040
999 1038
999 1752
1000 2580
1000 2247
1001 2661
1001 1318
1001 2662
1002 1951
1002 1654
1003 1821
1003 2707
1004 1812
1004 1811
1004 1814
1005 2707
1006 1841
1006 1388
1006 2197
1007 1358
1007 1758
1007 1742
1008 1921
1008 1118
1008 1922
1008 1468
1009 1856
1010 1971
1010 1703
1010 1964
1011 1088
1011 2093
1011 1638
1012 1336
1012 2319
1013 1131
1013 1224
1013 1914
1014 2340
1014 2339
1014 2338
1015 1143
1015 1618
1015 2335
1016 1761
1016 2175
1016 2176
1016 1256
1017 2470
1017 1078
1018 2001
1018 2707
1019 1456
1020 2668
1020 2076
1021 1869
1021 1043
1022 1898
1022 1276
1022 1962
1022 1959
1023 1859
1023 1876
1023 1453
1024 2707
1025 2052
1026 1968
1026 1889
1026 1812
1026 1614
1027 2395
1027 1085
1027 1420
1027 1421
1028 1882
1028 1879
1028 1880
1028 1353
1029 2166
1029 2165
1029 1507
1029 2112
1030 2096
1030 1199
1031 1952
1031 2205
1031 2206
1031 1951
1031 2041
1032 2707
1033 1721
1033 1358
1033 1557
1033 1586
1034 2707
1035 1740
1035 1072
1035 1358
1035 1745
1037 2503
1037 1742
1037 1383
1037 2654
1038 1041
1038 1723
1039 1981
1039 1982
1039 1494
1039 2024
1040 1145
1040 1720
1040 1719
1041 1358
1041 1740
1041 2446
1042 1588
1042 1602
1042 1416
1043 1869
1043 1399
1043 2310
1044 2707
1045 1789
1045 1772
1045 1787
1046 2380
1046 1510
1046 1202
1047 2051
1047 2052
1047 2055
1047 2333
1048 2707
1049 1655
1049 1149
1049 1215
1049 1054
1050 1342
1050 1379
1050 1451
1050 2564
1050 1349
1052 1867
1052 1337
1053 2118
1053 1508
1053 1894
1053 1405
1054 2663
1054 1334
1054 1950
1054 1542
1055 1542
1055 1986
1055 1334
1055 1221
1056 2437
1056 2482
1060 1707
1061 1202
1061 1367
1061 2376
1061 1143
1062 1808
1062 1817
1062 1818
1062 1809
1063 2353
1063 1129
1063 2351
1064 2351
1064 1129
1065 1160
1065 2488
1065 2210
1066 1986
1067 1725
1067 1358
1067 2446
1068 1618
1068 1143
1068 2265
1068 1452
1068 1481
1069 1909
1069 1376
1070 1358
1070 1734
1070 1740
1071 1135
1071 2249
1071 1257
1072 1740
1072 2045
1072 1358
1073 1149
1073 1502
1073 1821
1074 1501
1074 2395
1074 1675
1074 1914
1074 1676
1075 1636
1075 1337
1076 1501
1077 1620
1077 2113
1077 1743
1078 1423
1078 2472
1079 1626
1079 1983
1079 1905
1080 2312
1080 2343
1080 1416
1080 2162
1081 1320
1081 1230
1081 1569
1081 2563
1081 1342
1082 1429
1082 1519
1082 1428
1083 1225
1083 2588
1083 2519
1084 1290
1085 2110
1085 2109
1085 1975
1085 1396
1085 1421
1086 1325
1086 2543
1086 2509
1087 1585
1087 2399
1087 2401
1088 1282
1088 1552
1088 2093
1089 2094
1089 1778
1089 1505
1090 1271
1090 1093
1090 1598
1090 2367
1091 2176
1091 2175
1091 1256
1092 1855
1092 2501
1092 1321
1092 1874
1093 1147
1093 1271
1093 2367
1094 1585
1094 2240
1094 1401
1094 1157
1094 2399
1095 1709
1095 1704
1095 1812
1095 1325
1096 1577
1096 1488
1096 2329
1097 2276
1098 2066
1098 2122
1098 1542
1098 1477
1098 2065
1099 1432
1099 1577
1099 1221
1099 1542
1100 1864
1100 1636
1101 2146
1101 2147
1101 2148
1102 2290
1102 2464
1103 1568
1103 1281
1103 1550
1103 1739
1103 1358
1104 2071
1104 1628
1104 1137
1104 1652
1105 2707
1105 1879
1105 1974
1106 1874
1106 2500
1106 1321
1106 2501
1107 1573
1107 1823
1107 1299
1107 1821
1107 2707
1108 2707
1109 2672
1109 2674
1109 2675
1109 2671
1110 2155
1110 1583
1111 2126
1111 1273
1111 1119
1111 2125
1111 2124
1113 1650
1113 1360
1114 1717
1114 2561
1114 1731
1114 1358
1114 2560
1115 1178
1115 1984
1115 1869
1116 2707
1116 1223
1116 1810
1117 2133
1117 1524
1118 2052
1118 1925
1119 2125
1119 2124
1119 1273
1119 2126
1120 1293
1120 1224
1120 2025
1120 1583
1121 2295
1121 1808
1121 2282
1121 1655
1122 1276
1122 1555
1122 1953
1123 1480
1123 1748
1123 1718
1123 1760
1124 2247
1124 1701
1124 2579
1125 2054
1125 2333
1125 2051
1125 2052
1125 1481
1126 1810
1127 2009
1127 1995
1128 1441
1128 1954
1128 1957
1128 1958
1130 1678
1130 2595
1130 1641
1131 1500
1131 1538
1131 2185
1131 1133
1132 1865
1133 1538
1133 2185
1133 1500
1134 1808
1134 1810
1135 2249
1135 1257
1136 1189
1136 1358
1137 2071
1137 1652
1138 1634
1139 1540
1139 2172
1140 1800
1140 1986
1141 1157
1141 1417
1143 2153
1143 1789
1143 1425
1144 1770
1145 1731
1145 1568
1145 1732
1146 1788
1146 1552
1146 2107
1147 1271
1147 1598
1147 2367
1148 1739
1148 2221
1148 1317
1148 2220
1149 1709
1150 2707
1150 1358
1151 1386
1151 2573
1151 2572
1152 2417
1152 1218
1152 2295
1153 1240
1153 1585
1154 1742
1154 1358
1154 1749
1155 2440
1155 2439
1155 1308
1155 1199
1156 2419
1156 2021
1156 1983
1157 1443
1157 1530
1157 2399
1158 2251
1158 2383
1159 1701
1159 1221
1160 1590
1161 2279
1161 1262
1161 1599
1162 1202
1162 2387
1163 1972
1163 1919
1163 1683
1163 1616
1163 1482
1164 1358
1165 1593
1166 1873
1166 1870
1167 1538
1167 1358
1167 1725
1167 1829
1167 1470
1168 2235
1168 1226
1168 1963
1169 1317
1169 1765
1169 1358
1170 1476
1171 2501
1171 2372
1172 2423
1172 1701
1172 1708
1172 1857
1173 1250
1173 2507
1173 1345
1174 2014
1174 1677
1174 1309
1175 1433
1175 1189
1176 1935
1176 1300
1176 1177
1176 1413
1177 1935
1177 1300
1177 1413
1178 1984
1178 1417
1178 1266
1178 1529
1179 2235
1179 1956
1179 1226
1180 2096
1180 1304
1181 2707
1182 1183
1182 1825
1182 1579
1182 2029
1183 1825
1183 2029
1184 2101
1184 1387
1185 1460
1185 1498
1185 2349
1185 2358
1185 1469
1186 2707
1186 2534
1187 1296
1187 1913
1188 2707
1189 1745
1189 1723
1190 2427
1190 2100
1191 1503
1191 2339
1191 1957
1191 2340
1192 1265
1193 2090
1194 2249
1194 2393
1194 1366
1195 1215
1195 2423
1195 2280
1196 1778
1197 2326
1197 2045
1198 2052
1198 2051
1198 2198
1199 2460
1199 2096
1199 1732
1199 1358
1200 2163
1200 1503
1200 2413
1200 1382
1201 2215
1201 2216
1202 2376
1202 2524
1202 2336
1202 1428
1203 1979
1203 1980
1203 1655
1204 2073
1204 2054
1204 2068
1205 1599
1205 1753
1205 1754
1205 1721
1206 2249
1206 2673
1207 2465
1207 2464
1207 2290
1208 2707
1209 1749
1209 1748
1209 1737
1209 2616
1210 2707
1211 1300
1212 1867
1212 1337
1213 1664
1213 2258
1214 1725
1214 1723
1214 1776
1214 1358
1215 2155
1215 2280
1215 1655
1216 1830
1216 2448
1216 2447
1217 1988
1217 1810
1218 2155
1219 1418
1219 2668
1219 2303
1219 1329
1220 1909
1220 1376
1221 1334
1221 1542
1222 2156
1222 1370
1222 1660
1223 2707
1223 1810
1224 2154
1224 2155
1224 1919
1224 1914
1224 1370
1226 2235
1226 1954
1226 1956
1226 1955
1227 2227
1227 1314
1227 1880
1228 1536
1228 2702
1228 2580
1229 2652
1229 1740
1229 2530
1230 1320
1230 1569
1230 2563
1230 1342
1231 2707
1232 2114
1232 1450
1234 1971
1234 1702
1234 2238
1234 1703
1235 2124
1235 2125
1235 1663
1236 2707
1237 1543
1237 1958
1237 1881
1238 1753
1238 1568
1238 1339
1239 1570
1239 1986
1240 1703
1240 2645
1240 2238
1241 1947
1241 1946
1241 1944
1242 2146
1242 2148
1243 1751
1243 1604
1244 2707
1244 1759
1245 1770
1245 1367
1245 1623
1247 2140
1247 1316
1248 1776
1248 1651
1248 2045
1249 1610
1250 1486
1250 2083
1250 2221
1251 1561
1251 1779
1251 1560
1252 2440
1252 2442
1252 2523
1252 2522
1252 2439
1253 1670
1253 2045
1254 1627
1254 2440
1255 2249
1255 1366
1256 2176
1256 2175
1257 2248
1257 2671
1258 1560
1259 2116
1259 2018
1261 2127
1261 1889
1261 1891
1262 1798
1263 2707
1264 1889
1264 1966
1264 1531
1265 2268
1265 1682
1265 2291
1266 1908
1266 2350
1267 1900
1267 1824
1267 1826
1267 1495
1269 2178
1269 2136
1269 1974
1269 1630
1270 1807
1270 1968
1270 1889
1270 1289
1270 1614
1271 1598
1271 2367
1272 1946
1272 1944
1272 1947
1273 2124
1273 2125
1273 2126
1274 1909
1274 1376
1275 2059
1275 1927
1275 1416
1276 1953
1276 1963
1276 1961
1277 2707
1277 2071
1277 1898
1278 2291
1278 2306
1278 1818
1279 2330
1279 2073
1279 2199
1280 1834
1280 1516
1280 2581
1281 1358
1282 1776
1282 1358
1282 2324
1282 1735
1283 2324
1283 1735
1283 1776
1284 1718
1284 1480
1284 1358
1285 2233
1285 2231
1285 2232
1285 2072
1286 2707
1287 1757
1287 1725
1288 1882
1288 1677
1288 1741
1289 1624
1289 2425
1289 2081
1291 1583
1291 1587
1291 2154
1291 1660
1292 1721
1292 1719
1292 1720
1292 1739
1293 1841
1293 2021
1294 1817
1294 1944
1295 2004
1295 1909
1295 1986
1296 2553
1296 1913
1297 1821
1298 2707
1299 1823
1299 1875
1300 1542
1300 1413
1301 1942
1301 1679
1303 1503
1303 2181
1303 2162
1303 2054
1303 2197
1304 2096
1305 1599
1305 1754
1305 1753
1305 1738
1306 1632
1306 2642
1307 2323
1307 1358
1307 1406
1308 1627
1309 1908
1309 2385
1309 1912
1311 1367
1311 1313
1312 1959
1312 2407
1314 1880
1314 1630
1314 2227
1314 1882
1315 1542
1315 1316
1315 2140
1316 1542
1316 2140
1317 1765
1317 2221
1317 1358
1318 2662
1318 2661
1319 1891
1319 1614
1319 1968
1319 2580
1320 1380
1320 2563
1320 1634
1321 1874
1322 1324
1322 2707
1323 1867
1323 1337
1324 2034
1325 1996
1325 2543
1326 1996
1326 2063
1327 2192
1327 1328
1327 2160
1328 2157
1328 1647
1328 2161
1329 1418
1329 1817
1329 1818
1329 2268
1330 1838
1331 1581
1331 1811
1331 1809
1331 1815
1332 1494
1332 1978
1333 2194
1334 1542
1335 2096
1335 2045
1335 1701
1336 1682
1336 1681
1337 1787
1337 2045
1338 1882
1338 2102
1338 2103
1339 1753
1340 1936
1340 1931
1340 1542
1341 1622
1341 2153
1341 2099
1341 1587
1341 1526
1342 1569
1342 2563
1343 2112
1343 1507
1344 2395
1344 2017
1344 2394
1344 2317
1345 2507
1346 1772
1346 1805
1346 2045
1347 1382
1347 2247
1348 1809
1348 1812
1348 2162
1349 2684
1349 2393
1350 2240
1350 2645
1350 2399
1351 1372
1351 1916
1351 1652
1351 1914
1352 1914
1352 1918
1353 1879
1353 1878
1353 1880
1354 1441
1354 1414
1354 1825
1354 1824
1354 2375
1355 1441
1355 1855
1356 2707
1357 1498
1357 2171
1357 1583
1357 2009
1357 2027
1358 1725
1358 1765
1359 1683
1359 1464
1360 1903
1360 1904
1361 1723
1361 1398
1362 1464
1362 1592
1363 1933
1363 1936
1365 2238
1365 1966
1366 2249
1366 1545
1367 1798
1368 1637
1369 1653
1370 1919
1370 1914
1371 2707
1372 1914
1373 2423
1374 1550
1374 1617
1374 1568
1376 1909
1376 2182
1378 2058
1378 2150
1379 1380
1379 1451
1379 2564
1380 1569
1380 2564
1381 1796
1381 1793
1381 1794
1381 1795
1382 2244
1382 2076
1383 1742
1383 2654
1383 2503
1384 1755
1384 1756
1384 1749
1385 2001
1385 2259
1385 1481
1385 1519
1386 2573
1386 2572
1386 2570
1388 2202
1388 2197
1389 1546
1389 1725
1389 1734
1390 1449
1390 2683
1390 2248
1391 2408
1391 1524
1392 2215
1392 2216
1392 2214
1392 2213
1393 2707
1394 1658
1394 1908
1395 2364
1395 1926
1395 2267
1395 1682
1396 2395
1396 2228
1396 1501
1396 2394
1397 2330
1397 2068
1398 1723
1399 1421
1399 2395
1399 2228
1400 1573
1401 1530
1401 1653
1402 1464
1402 1914
1402 2050
1402 2132
1403 1583
1403 1850
1404 2270
1405 1508
1405 1894
1405 2117
1405 2118
1406 1510
1407 2707
1408 1902
1408 1829
1408 1409
1408 1827
1409 1826
1409 1824
1409 1827
1410 1983
1410 2295
1410 1842
1410 2136
1411 2707
1411 1459
1412 2113
1413 1542
1414 1415
1414 2375
1414 2269
1415 1619
1415 2269
1415 2270
1416 2155
1416 2025
1416 1927
1417 2401
1417 2400
1417 1419
1419 2260
1419 2335
1419 2337
1420 2110
1420 2394
1421 2228
1421 2109
1421 2394
1421 2110
1422 2707
1422 2248
1422 2670
1423 2186
1423 2472
1423 2345
1423 1514
1424 1810
1425 1481
1425 2262
1425 1789
1426 1513
1426 2459
1426 2460
1427 1758
1427 1749
1427 1712
1428 1429
1428 2524
1428 2336
1429 2524
1429 1534
1429 2376
1430 2685
1432 1947
1432 1948
1432 1605
1433 1833
1433 1834
1434 1453
1435 1929
1435 1930
1436 2337
1436 2335
1437 2671
1437 1639
1439 2676
1440 1636
1440 1864
1441 1553
1441 2275
1441 1954
1442 1597
1443 2240
1444 1753
1444 1754
1444 1752
1445 1446
1445 1986
1446 1986
1447 1927
1447 2317
1447 2475
1448 1852
1448 1623
1449 2683
1450 2114
1450 2579
1451 2646
1451 2564
1452 2263
1452 1788
1452 2262
1452 1519
1453 1876
1453 1870
1453 1859
1454 1986
1454 1666
1455 1537
1455 2184
1457 2707
1458 2175
1458 2176
1459 1770
1460 2589
1460 2349
1460 2358
1460 1469
1461 1545
1462 2126
1462 2124
1462 2577
1463 1695
1463 2182
1463 2133
1464 1849
1464 2132
1464 1675
1464 2480
1465 1701
1466 2448
1466 2390
1467 2172
1467 2182
1467 2053
1468 1921
1468 1907
1469 2346
1469 2187
1469 2349
1469 1692
1470 1829
1470 2363
1471 1747
1471 1546
1471 1751
1472 1692
1473 2706
1473 2707
1474 2336
1474 2001
1475 1556
1475 2470
1475 2472
1477 1607
1477 2065
1478 1505
1478 1798
1478 1483
1478 1802
1480 1748
1480 1718
1480 1760
1481 1519
1481 2073
1482 1616
1482 1914
1482 1683
1483 1735
1483 1743
1483 2450
1484 2498
1484 2383
1484 2387
1484 2386
1485 1592
1486 1833
1486 2596
1486 1801
1486 1756
1487 2395
1487 1616
1487 1676
1488 1799
1488 1558
1488 1577
1488 2555
1488 2609
1489 2707
1489 1810
1490 2085
1490 2080
1490 2089
1491 2707
1491 2684
1492 1744
1492 1720
1492 1750
1493 2043
1493 1618
1494 2016
1495 2151
1495 1824
1497 1654
1497 1983
1498 2346
1498 2358
1498 1692
1499 1735
1499 1716
1499 1745
1500 1538
1500 2185
1501 1849
1501 1675
1501 2227
1501 2394
1502 2243
1502 2176
1502 2241
1503 2163
1503 1839
1503 2207
1503 1957
1504 2160
1504 1647
1504 2209
1505 1778
1505 2094
1505 1781
1506 2440
1507 1645
1507 2165
1508 2118
1508 1894
1510 2376
1510 2387
1510 2336
1511 2640
1511 1534
1511 2108
1511 2335
1512 2217
1512 2388
1512 1911
1512 2095
1513 2460
1514 2345
1514 2347
1514 2348
1515 2172
1515 1838
1516 1751
1516 1752
1517 2055
1517 2052
1517 2054
1518 2351
1518 2352
1518 2353
1519 2259
1520 2492
1520 1718
1521 1644
1521 1849
1522 2253
1522 1986
1522 1965
1522 1634
1523 2138
1523 1937
1524 2408
1525 1975
1525 1919
1526 2099
1527 2178
1527 1908
1528 1723
1529 1984
1529 2350
1530 1653
1531 1892
1531 2130
1532 2473
1532 1634
1532 2357
1533 2674
1533 2671
1533 2675
1533 2673
1534 2336
1534 2520
1534 2376
1535 2074
1535 2155
1536 2702
1536 2580
1537 2094
1538 1655
1538 2185
1539 1592
1540 2057
1540 2172
1540 2054
1541 2707
1543 1958
1543 1881
1544 2707
1544 2150
1544 2058
1545 2249
1546 1710
1546 1740
1546 1721
1547 2168
1549 1954
1549 1901
1550 1568
1550 1732
1551 2090
1551 2091
1551 2045
1552 1623
1552 2086
1552 1624
1552 2107
1553 1828
1553 1827
1553 1826
1554 2687
1554 2686
1554 2688
1554 1657
1555 1953
1557 2083
1557 1685
1558 2008
1558 1709
1558 2555
1558 2339
1559 2250
1560 1779
1562 1744
1562 1720
1562 1750
1563 2707
1564 2045
1564 1623
1565 1749
1565 1738
1565 1709
1566 1592
1566 2015
1566 1723
1567 1701
1567 2500
1567 2501
1567 1874
1568 1753
1569 1964
1569 2564
1571 2707
1571 1773
1572 2046
1572 2078
1572 2045
1573 1875
1573 1870
1574 1998
1574 2009
1575 2647
1576 1812
1576 1811
1577 1950
1577 1607
1577 1941
1578 2707
1579 1825
1580 2347
1580 2199
1581 1810
1581 1812
1581 1948
1581 1815
1582 2701
1582 2624
1583 1851
1583 1986
1584 1656
1585 2463
1586 1721
1587 1660
1588 2333
1588 2198
1588 1628
1589 1751
1589 1725
1591 2707
1591 2303
1592 1919
1593 2192
1594 2707
1595 2245
1595 2247
1595 2243
1596 2651
1598 2367
1599 1755
1599 1716
1600 2707
1601 1739
1601 1765
1601 1766
1602 1628
1602 2182
1603 1986
1605 1950
1606 1632
1607 1949
1608 2127
1608 2125
1609 2045
1611 2125
1611 2126
1613 2707
1614 1983
1614 1929
1614 1968
1615 2707
1615 2034
1615 1701
1616 1849
1618 1807
1618 2044
1618 2262
1619 1954
1619 1825
1620 1743
1621 1813
1622 2478
1622 2034
1623 1624
1623 2045
1624 2045
1624 2143
1625 1675
1626 1907
1626 2309
1627 1725
1628 2181
1628 2182
1628 2054
1629 1765
1629 1730
1629 2546
1629 1659
1630 2227
1631 2181
1632 2642
1635 2252
1635 2054
1635 2055
1635 2382
1636 2141
1636 1870
1637 2070
1638 2093
1638 1733
1639 2670
1639 2682
1640 1781
1640 1782
1640 2085
1640 2089
1641 1678
1642 2707
1643 2250
1643 2248
1644 1851
1644 1843
1644 1847
1644 1850
1645 2436
1646 1748
1646 1752
1646 1750
1647 2209
1647 2157
1649 2490
1649 2355
1649 2263
1650 1960
1651 2048
1651 1787
1651 1772
1651 2046
1652 2071
1652 1914
1654 1812
1655 2281
1657 2688
1657 2686
1657 2687
1658 2178
1659 1711
1659 2546
1660 2154
1661 2045
1662 2041
1662 1666
1662 2001
1663 2126
1663 2127
1663 2128
1664 2146
1664 2486
1665 1873
1665 1874
1665 1807
1666 2230
1666 2041
1667 2156
1667 1983
1667 1984
1668 2274
1669 2043
1669 1889
1670 2045
1671 1905
1671 2034
1672 2580
1672 2702
1673 2707
1674 2608
1675 1849
1676 1918
1677 2178
1678 2495
1679 2139
1680 2056
1680 2311
1681 1682
1682 2268
1684 2147
1685 2083
1687 2476
1687 2515
1688 2679
1688 2675
1689 1763
1690 2030
1693 2408
1693 2133
1695 2132
1695 2133
1695 2131
1696 1898
1697 2004
1698 2161
1699 1801
1700 1707
1701 1810
1701 2045
1701 1986
1702 1971
1702 1966
1702 1703
1703 1964
1703 1966
1704 1870
1704 2003
1704 1873
1705 2080
1705 1782
1706 2585
1710 2359
1710 2372
1711 1750
1711 1755
1712 1745
1712 1716
1713 1732
1713 1741
1714 1719
1715 1742
1716 1749
1717 1754
1717 1755
1718 1748
1719 1720
1721 1725
1722 1753
1722 1752
1722 1740
1723 1745
1725 1742
1725 1804
1726 2083
1726 1735
1727 1750
1727 1752
1727 1749
1728 2599
1728 2555
1729 1740
1730 1748
1730 1751
1730 1731
1730 1765
1731 1765
1733 1740
1734 1745
1735 2450
1735 1743
1736 1763
1738 1739
1739 1766
1739 2365
1740 2597
1740 2451
1741 1882
1741 2015
1742 2503
1743 2450
1744 1750
1745 1751
1746 1752
1746 1751
1746 1748
1747 1753
1747 1754
1750 1766
1752 1753
1758 1765
1758 2445
1758 2444
1761 2176
1762 2492
1767 1776
1767 1778
1767 1777
1768 1776
1768 1777
1768 1779
1768 1778
1769 1779
1772 1787
1772 1782
1773 1782
1774 1781
1774 1782
1774 1779
1774 1776
1774 1777
1775 2046
1775 1782
1776 2324
1777 1779
1777 1778
1777 1787
1778 1779
1779 1787
1781 1782
1784 1856
1785 1788
1785 1787
1786 2082
1788 1801
1788 2086
1789 1805
1790 1998
1790 1791
1791 2385
1791 1998
1792 2050
1793 1795
1793 1794
1794 2297
1794 2299
1794 1795
1795 2290
1795 2297
1796 2464
1796 2299
1797 1804
1797 1805
1799 1805
1799 1804
1800 1986
1801 1804
1802 1804
1804 2391
1806 2305
1806 2306
1806 1810
1807 1812
1807 1889
1808 1813
1808 1814
1808 1809
1809 1819
1811 1813
1812 1814
1815 1944
1817 2303
1817 2302
1817 1818
1818 2302
1820 1865
1820 1863
1820 1869
1823 1875
1824 1953
1824 1826
1826 1902
1826 1828
1828 1829
1830 2307
1831 1832
1833 2359
1834 2377
1835 2158
1835 2157
1835 2160
1835 2159
1836 2160
1837 2068
1838 2131
1840 1841
1841 2202
1841 2056
1842 1980
1842 2405
1843 1851
1843 1847
1843 1850
1844 1845
1844 1847
1846 1869
1846 1871
1846 1865
1846 1867
1846 1866
1847 2178
1848 1851
1850 1973
1852 1856
1853 1867
1854 1867
1855 1868
1855 1865
1855 1866
1857 1874
1859 1876
1859 1870
1860 1867
1861 1867
1863 1866
1863 1867
1866 1877
1870 1876
1870 1875
1871 1876
1871 1877
1873 1876
1873 1875
1874 2501
1874 2500
1875 1876
1878 2256
1878 1879
1879 1885
1879 1884
1879 2099
1879 1981
1880 1883
1880 1884
1880 1885
1881 1884
1882 2015
1882 2178
1884 2644
1887 1888
1889 2041
1889 1891
1889 2034
1889 2130
1890 2130
1890 1891
1890 2034
1891 2130
1891 2039
1891 2034
1892 2199
1893 2130
1893 2039
1894 2117
1894 2118
1896 2592
1896 1903
1896 1902
1897 2592
1897 2269
1898 1900
1899 2497
1901 2285
1902 2592
1902 2491
1902 1960
1903 1904
1904 2491
1906 1966
1907 2059
1907 1986
1907 2309
1908 2178
1908 1984
1910 2252
1910 1911
1911 2388
1912 1986
1912 2385
1915 2388
1916 2293
1917 1918
1918 2388
1920 2189
1921 2232
1922 1925
1922 1923
1923 1924
1925 1926
1927 2071
1927 2059
1929 1983
1929 1968
1931 1936
1934 1935
1937 2138
1938 2707
1940 1941
1944 1947
1944 1950
1944 1946
1945 1947
1945 1950
1946 1947
1950 2663
1951 2521
1951 1952
1952 2034
1952 2033
1954 2275
1955 1956
1956 1957
1957 2207
1957 2275
1960 2269
1965 1966
1966 1971
1967 2238
1967 1969
1969 2237
1970 2238
1972 2282
1973 2132
1974 2136
1974 2178
1975 2110
1977 1981
1977 1979
1978 1982
1978 2024
1979 2281
1979 1980
1980 2405
1981 2099
1984 2350
1987 2114
1987 2009
1992 2358
1992 2349
1992 2008
1995 2009
1998 2045
2000 2009
2001 2123
2001 2122
2002 2003
2003 2380
2003 2122
2004 2006
2011 2303
2011 2301
2011 2302
2013 2394
2014 2178
2015 2016
2015 2178
2021 2418
2024 2386
2027 2028
2031 2112
2032 2033
2032 2034
2033 2041
2033 2034
2034 2130
2039 2130
2040 2121
2041 2205
2044 2335
2049 2181
2051 2073
2051 2052
2051 2189
2053 2054
2053 2057
2053 2055
2053 2172
2054 2182
2055 2333
2056 2576
2057 2172
2058 2150
2060 2062
2060 2061
2061 2062
2063 2064
2065 2122
2066 2067
2068 2388
2068 2069
2068 2330
2069 2070
2072 2233
2074 2197
2075 2077
2075 2667
2076 2668
2077 2668
2077 2667
2082 2145
2083 2451
2084 2090
2084 2085
2084 2089
2087 2090
2088 2091
2089 2090
2095 2144
2102 2103
2108 2335
2109 2394
2109 2110
2110 2394
2111 2113
2113 2450
2114 2519
2114 2115
2119 2594
2120 2122
2121 2123
2122 2380
2123 2380
2124 2125
2124 2126
2125 2126
2125 2129
2126 2129
2128 2129
2131 2132
2131 2133
2134 2293
2134 2282
2136 2384
2138 2707
2139 2141
2142 2707
2144 2331
2144 2329
2145 2331
2145 2329
2145 2504
2146 2148
2147 2148
2151 2153
2151 2155
2151 2154
2157 2209
2157 2160
2158 2159
2158 2160
2159 2161
2160 2209
2162 2312
2170 2707
2171 2707
2172 2182
2174 2707
2175 2176
2182 2183
2188 2190
2188 2189
2191 2707
2193 2195
2195 2312
2196 2197
2197 2202
2200 2201
2203 2329
2204 2206
2205 2206
2207 2242
2211 2355
2212 2214
2212 2215
2213 2215
2213 2214
2213 2216
2214 2215
2215 2216
2220 2221
2222 2225
2222 2224
2222 2223
2223 2224
2223 2225
2224 2225
2227 2394
2228 2394
2228 2395
2230 2308
2230 2307
2231 2291
2233 2292
2234 2707
2236 2238
2241 2339
2241 2630
2242 2632
2243 2379
2245 2246
2245 2247
2246 2509
2247 2579
2248 2671
2248 2518
2251 2252
2254 2707
2255 2707
2257 2555
2257 2599
2259 2260
2260 2350
2261 2335
2262 2376
2266 2267
2267 2321
2269 2375
2278 2480
2284 2286
2285 2436
2287 2481
2288 2481
2289 2464
2290 2464
2297 2707
2298 2299
2299 2464
2301 2303
2303 2668
2305 2306
2310 2422
2310 2653
2319 2320
2329 2331
2329 2504
2330 2331
2331 2504
2332 2335
2334 2597
2336 2376
2336 2524
2338 2340
2341 2707
2343 2475
2345 2347
2345 2348
2346 2349
2346 2358
2348 2381
2348 2380
2349 2358
2349 2590
2351 2353
2351 2352
2352 2354
2352 2353
2355 2357
2356 2357
2359 2372
2363 2707
2364 2472
2368 2371
2368 2369
2369 2371
2370 2371
2374 2375
2376 2524
2378 2381
2378 2379
2382 2383
2383 2498
2386 2498
2387 2498
2389 2391
2389 2392
2389 2390
2390 2392
2390 2391
2391 2392
2394 2395
2398 2471
2399 2401
2401 2434
2406 2707
2410 2707
2413 2596
2413 2597
2414 2415
2415 2597
2421 2707
2422 2653
2424 2453
2429 2707
2431 2707
2432 2707
2435 2707
2437 2438
2437 2482
2439 2515
2439 2442
2439 2440
2440 2442
2441 2614
2442 2522
2443 2445
2443 2444
2444 2445
2447 2448
2454 2455
2455 2604
2457 2458
2458 2649
2459 2460
2459 2554
2462 2707
2468 2707
2469 2470
2473 2474
2474 2648
2474 2647
2479 2707
2483 2484
2483 2707
2484 2707
2487 2488
2487 2707
2488 2707
2491 2510
2495 2595
2500 2501
2502 2707
2509 2588
2509 2519
2512 2707
2513 2707
2518 2671
2519 2588
2522 2523
2526 2707
2529 2707
2530 2652
2533 2707
2535 2574
2540 2632
2544 2707
2548 2549
2555 2599
2556 2558
2559 2707
2562 2707
2565 2566
2565 2567
2566 2567
2570 2700
2570 2571
2572 2573
2574 2707
2579 2580
2580 2702
2586 2707
2589 2590
2600 2707
2606 2707
2610 2707
2617 2707
2618 2707
2619 2707
2624 2701
2626 2707
2627 2707
2629 2707
2631 2707
2633 2707
2634 2693
2635 2636
2635 2707
2636 2707
2638 2707
2657 2658
2660 2707
2661 2662
2667 2668
2669 2707
2670 2682
2672 2674
2672 2675
2673 2678
2674 2675
2677 2678
2679 2682
2681 2707
2686 2687
2686 2688
2687 2688
2690 2707
2692 2707
2694 2695
2694 2707
2695 2707
2698 2707
2699 2707
2703 2707
2704 2707
2705 2707
2706 2707
