0 103
1 82
2 103
3 109
4 107
5 61
6 42
7 20
7 89
8 40
9 103
10 131
11 145
12 103
13 42
14 103
15 148
17 42
18 139
19 66
19 156
20 89
21 103
22 144
23 103
24 30
26 103
27 103
28 178
29 103
30 72
31 42
32 61
33 178
35 124
36 103
37 42
38 42
39 141
41 78
44 144
46 103
47 156
48 103
49 110
50 103
51 142
52 138
53 178
53 91
54 176
55 152
56 178
56 167
57 141
58 103
59 103
60 148
61 167
62 103
63 122
64 103
67 103
68 103
69 107
70 103
71 85
73 103
74 124
75 169
79 178
80 103
82 99
83 103
84 108
86 103
87 103
88 119
90 99
93 147
96 103
97 103
98 103
99 148
104 131
105 124
112 178
112 167
117 174
120 124
124 142
126 178
131 138
132 145
132 143
146 152
155 159
173 178
