0 112
0 103
1 99
1 82
2 112
2 103
3 103
3 109
4 42
4 107
5 61
6 143
6 42
7 20
7 89
8 72
8 40
9 112
9 103
10 94
10 131
11 143
11 145
12 112
12 103
13 81
13 42
14 112
14 103
15 99
15 148
16 36
17 182
17 42
18 34
18 139
19 49
19 66
19 156
20 89
21 112
21 103
22 26
22 144
23 112
23 103
24 139
24 30
25 55
26 112
26 103
27 112
27 103
28 126
28 178
29 112
29 103
30 72
31 174
31 42
32 61
33 148
33 178
34 139
35 42
35 124
36 112
36 103
37 114
37 42
38 61
38 42
39 42
39 141
41 162
41 78
42 89
43 156
44 57
44 144
45 116
46 112
46 103
47 125
47 156
48 112
48 103
49 125
49 110
50 112
50 103
51 142
52 138
53 178
53 91
54 176
55 152
56 178
56 167
57 141
58 112
58 103
59 112
59 103
60 167
60 148
61 167
62 112
62 103
63 97
63 122
64 112
64 103
66 125
67 112
67 103
68 112
68 103
69 151
69 107
70 112
70 103
71 85
73 112
73 103
74 142
74 124
75 109
75 169
76 113
78 107
79 126
79 178
80 112
80 103
81 109
82 140
82 99
83 112
83 103
84 108
85 133
86 112
86 103
87 112
87 103
88 119
90 99
91 152
93 147
94 138
96 112
96 103
97 112
97 103
98 112
98 103
99 148
102 111
103 112
104 142
104 131
105 177
105 124
106 151
110 121
111 156
112 178
112 167
116 148
117 174
120 124
124 142
126 178
131 138
132 145
132 143
134 182
140 167
146 152
155 159
167 178
173 178
