0 40
0 112
0 103
1 148
1 99
1 82
2 40
2 112
2 103
3 103
3 109
4 78
4 42
4 107
5 103
5 61
6 145
6 42
6 143
7 129
7 20
7 89
8 156
8 40
8 72
9 40
9 112
9 103
10 138
10 94
10 131
11 103
11 143
11 145
12 40
12 112
12 103
13 108
13 42
13 81
14 40
14 112
14 103
15 99
15 148
16 40
16 36
17 62
17 182
17 42
18 66
18 34
18 139
19 49
19 66
19 156
20 129
20 89
21 40
21 112
21 103
22 103
22 26
22 144
23 40
23 112
23 103
24 66
24 139
24 30
25 152
25 55
26 40
26 112
26 103
27 40
27 112
27 103
28 79
28 126
28 178
29 40
29 112
29 103
30 123
30 72
31 89
31 174
31 42
32 106
32 61
33 116
33 178
33 148
34 66
34 139
35 120
35 42
35 124
36 40
36 112
36 103
37 114
37 42
38 182
38 61
38 42
39 57
39 42
39 141
40 72
41 173
41 162
41 78
42 89
43 55
43 156
44 59
44 57
44 144
45 148
45 116
46 112
46 103
47 49
47 125
47 156
48 112
48 103
49 66
49 110
49 125
50 112
50 103
51 144
51 142
52 138
53 178
53 91
54 176
55 152
56 112
56 178
56 167
57 141
58 112
58 103
59 112
59 103
60 61
60 167
60 148
61 167
62 112
62 103
63 97
63 122
64 112
64 103
66 139
66 125
67 112
67 103
68 112
68 103
69 78
69 107
69 151
70 112
70 103
71 148
71 85
73 112
73 103
74 104
74 142
74 124
75 109
75 169
76 109
76 113
78 107
79 126
79 178
80 112
80 103
81 109
82 140
82 99
83 112
83 103
84 108
85 180
85 133
86 112
86 103
87 112
87 103
88 119
90 148
90 99
91 152
92 110
93 116
93 147
94 142
94 138
96 112
96 103
97 112
97 103
98 112
98 103
99 148
100 122
102 111
103 112
104 138
104 131
104 142
105 144
105 177
105 124
106 151
110 125
110 121
111 121
111 156
112 178
112 167
116 148
117 174
120 124
121 156
124 142
125 156
126 178
131 138
132 145
132 143
134 182
140 154
140 167
143 145
146 152
149 167
155 159
167 178
173 178
