0 95
0 112
0 103
0 40
0 109
1 112
1 56
1 148
1 99
1 82
2 95
2 112
2 103
2 40
2 109
3 40
3 45
3 103
3 109
4 72
4 25
4 78
4 42
4 107
5 40
5 106
5 103
5 61
6 109
6 40
6 145
6 42
6 143
7 58
7 60
7 129
7 20
7 89
8 109
8 98
8 156
8 40
8 72
9 95
9 112
9 103
9 40
9 109
10 42
10 142
10 94
10 138
10 131
11 40
11 109
11 103
11 143
11 145
12 95
12 112
12 103
12 40
12 109
13 59
13 118
13 108
13 42
13 81
14 95
14 112
14 103
14 40
14 109
15 60
15 52
15 99
15 148
16 45
16 109
16 40
16 36
17 60
17 61
17 62
17 182
17 42
18 24
18 49
18 139
18 66
18 34
19 40
19 109
19 49
19 66
19 156
20 31
20 42
20 89
20 129
21 95
21 112
21 103
21 40
21 109
22 42
22 109
22 103
22 26
22 144
23 95
23 112
23 103
23 40
23 109
24 123
24 139
24 66
24 30
25 40
25 78
25 152
25 55
26 95
26 112
26 103
26 40
26 109
27 95
27 112
27 103
27 40
27 109
28 59
28 33
28 79
28 126
28 178
29 95
29 112
29 103
29 40
29 109
30 103
30 97
30 123
30 72
31 111
31 42
31 89
31 174
32 60
32 182
32 106
32 61
33 42
33 45
33 116
33 178
33 148
34 127
34 139
34 66
35 133
35 42
35 124
35 120
35 154
36 95
36 112
36 103
36 40
36 109
37 43
37 149
37 42
37 114
38 59
38 60
38 182
38 61
38 42
39 182
39 63
39 57
39 42
39 141
40 156
40 55
40 72
41 178
41 116
41 173
41 162
41 78
42 148
42 178
42 89
43 152
43 55
43 156
44 65
44 57
44 144
44 59
44 58
45 68
45 103
45 148
45 116
46 95
46 112
46 103
46 109
47 111
47 121
47 125
47 49
47 156
48 95
48 112
48 103
48 109
49 111
49 156
49 66
49 110
49 125
50 95
50 112
50 103
50 109
51 131
51 144
51 142
52 98
52 131
52 138
53 60
53 61
53 178
53 91
54 60
54 176
55 107
55 72
55 152
56 103
56 112
56 178
56 167
57 182
57 63
57 141
58 95
58 112
58 103
58 109
59 95
59 112
59 103
59 109
60 109
60 61
60 148
60 167
61 109
61 106
61 167
62 95
62 112
62 103
62 109
63 103
63 109
63 97
63 122
64 95
64 112
64 103
64 109
65 182
66 139
66 125
67 95
67 112
67 103
67 109
68 95
68 112
68 103
68 109
69 106
69 78
69 107
69 151
70 95
70 112
70 103
70 109
71 101
71 124
71 148
71 85
72 156
73 95
73 112
73 103
73 109
74 131
74 142
74 104
74 124
75 112
75 109
75 169
76 112
76 109
76 113
77 172
78 107
79 126
79 178
80 95
80 112
80 103
80 109
81 108
81 109
82 112
82 99
82 148
82 140
83 95
83 112
83 103
83 109
84 182
84 108
85 103
85 180
85 133
86 95
86 112
86 103
86 109
87 95
87 112
87 103
87 109
88 182
88 119
89 129
90 148
90 99
91 135
91 152
92 125
92 110
93 148
93 116
93 147
94 104
94 138
94 142
94 131
96 112
96 103
96 109
97 112
97 103
97 109
98 112
98 103
98 109
99 167
99 148
100 182
100 122
101 182
102 111
103 112
103 109
104 138
104 131
104 142
105 177
105 144
105 124
106 107
106 151
108 118
110 125
110 156
110 121
111 121
111 156
112 178
112 167
114 156
116 148
117 182
117 174
119 182
120 133
120 124
120 154
121 125
121 156
124 131
124 142
125 156
126 178
131 138
132 145
132 143
134 182
138 142
140 167
140 154
143 145
146 152
147 148
149 167
155 159
162 182
163 182
167 178
169 182
170 182
172 182
173 182
173 178
