0 95
0 112
0 103
0 40
0 109
1 112
1 56
1 148
1 99
1 82
2 95
2 112
2 103
2 40
2 109
2 0
3 40
3 45
3 0
3 103
3 109
4 72
4 25
4 78
4 42
4 107
5 40
5 106
5 103
5 61
5 0
6 109
6 40
6 145
6 42
6 143
7 58
7 60
7 129
7 20
7 89
8 109
8 98
8 156
8 40
8 72
9 95
9 112
9 103
9 40
9 109
9 0
10 42
10 142
10 94
10 138
10 131
11 40
11 109
11 103
11 143
11 145
12 95
12 112
12 103
12 40
12 109
12 0
13 59
13 118
13 108
13 42
13 81
14 95
14 112
14 103
14 40
14 109
14 0
15 60
15 52
15 1
15 99
15 148
16 45
16 109
16 40
16 36
16 0
17 60
17 61
17 62
17 182
17 42
18 24
18 49
18 139
18 66
18 34
19 40
19 109
19 49
19 66
19 156
20 31
20 7
20 42
20 89
20 129
21 95
21 112
21 103
21 40
21 109
21 0
22 42
22 109
22 103
22 26
22 144
23 95
23 112
23 103
23 40
23 109
24 123
24 18
24 139
24 66
24 30
25 40
25 78
25 152
25 4
25 55
26 95
26 112
26 103
26 40
26 109
26 0
27 95
27 112
27 103
27 40
27 109
27 0
28 59
28 33
28 79
28 126
28 178
29 95
29 112
29 103
29 40
29 109
29 0
30 103
30 97
30 123
30 24
30 72
31 111
31 42
31 20
31 89
31 174
32 60
32 182
32 106
32 5
32 61
33 42
33 45
33 116
33 178
33 148
34 24
34 127
34 139
34 18
34 66
35 133
35 42
35 124
35 120
35 154
36 95
36 112
36 103
36 40
36 109
36 0
37 43
37 149
37 42
37 18
37 114
38 59
38 60
38 182
38 61
38 42
39 182
39 63
39 57
39 42
39 141
40 156
40 55
40 25
40 72
40 8
41 178
41 116
41 173
41 162
41 78
42 148
42 178
42 4
42 89
42 31
43 18
43 152
43 55
43 37
43 156
44 65
44 57
44 144
44 59
44 58
45 68
45 103
45 148
45 33
45 116
46 95
46 112
46 103
46 40
46 109
46 0
47 111
47 121
47 125
47 49
47 156
48 95
48 112
48 103
48 40
48 109
48 0
49 111
49 156
49 66
49 110
49 125
50 95
50 112
50 103
50 40
50 109
50 0
51 10
51 131
51 144
51 22
51 142
52 98
52 131
52 42
52 138
52 10
53 60
53 61
53 42
53 178
53 91
54 60
54 25
54 4
54 176
54 42
55 107
55 25
55 72
55 40
55 152
56 103
56 112
56 42
56 178
56 167
57 182
57 63
57 39
57 42
57 141
58 95
58 112
58 103
58 40
58 109
58 0
59 95
59 112
59 103
59 40
59 109
59 0
60 109
60 0
60 61
60 148
60 167
61 109
61 106
61 60
61 5
61 167
62 95
62 112
62 103
62 40
62 109
62 0
63 103
63 109
63 42
63 97
63 122
64 95
64 112
64 103
64 40
64 109
64 0
65 182
65 62
65 61
65 42
65 4
66 19
66 18
66 139
66 49
66 125
67 95
67 112
67 103
67 40
67 109
67 0
68 95
68 112
68 103
68 40
68 109
68 0
69 59
69 106
69 78
69 107
69 151
70 95
70 112
70 103
70 40
70 109
70 0
71 101
71 124
71 148
71 85
71 42
72 156
72 40
72 8
72 55
72 30
73 95
73 112
73 103
73 40
73 109
73 0
74 131
74 142
74 104
74 52
74 124
75 40
75 112
75 42
75 109
75 169
76 45
76 112
76 109
76 113
76 40
77 10
77 172
77 52
77 71
77 42
78 55
78 72
78 25
78 107
78 4
79 59
79 33
79 126
79 178
79 28
80 95
80 112
80 103
80 40
80 109
80 0
81 42
81 108
81 40
81 109
81 0
82 112
82 99
82 1
82 148
82 140
83 95
83 112
83 103
83 40
83 109
83 0
84 182
84 60
84 61
84 42
84 108
85 40
85 103
85 180
85 71
85 133
86 95
86 112
86 103
86 40
86 109
86 0
87 95
87 112
87 103
87 40
87 109
87 0
88 60
88 182
88 61
88 119
88 42
89 7
89 129
89 31
89 42
89 20
90 59
90 61
90 148
90 99
90 82
91 42
91 135
91 55
91 25
91 152
92 49
92 125
92 110
92 66
92 19
92 47
93 33
93 148
93 116
93 42
93 147
94 104
94 138
94 10
94 142
94 131
95 71
95 72
95 73
95 67
95 68
96 95
96 112
96 103
96 40
96 109
96 0
97 95
97 112
97 103
97 40
97 109
97 0
98 95
98 112
98 103
98 40
98 109
98 0
99 167
99 56
99 82
99 1
99 148
100 60
100 182
100 122
100 63
100 42
101 59
101 182
101 61
101 60
101 71
102 60
102 61
102 42
102 111
102 31
103 95
103 112
103 40
103 109
103 0
104 94
104 10
104 138
104 131
104 142
105 50
105 66
105 177
105 144
105 124
106 89
106 107
106 151
106 20
106 42
107 55
107 106
107 25
107 78
107 4
108 118
108 13
108 42
108 81
108 84
109 45
109 107
109 40
109 0
109 42
110 47
110 125
110 49
110 156
110 121
111 42
111 110
111 121
111 49
111 156
112 103
112 42
112 56
112 178
112 167
113 45
113 36
113 109
113 95
113 40
114 62
114 37
114 18
114 43
114 156
115 95
115 112
115 103
115 40
115 109
115 0
116 103
116 42
116 45
116 148
116 33
117 182
117 60
117 31
117 174
117 42
118 59
118 108
118 42
118 81
118 13
119 60
119 182
119 61
119 88
119 42
120 133
120 42
120 124
120 154
120 35
121 47
121 125
121 49
121 110
121 156
122 103
122 109
122 42
122 97
122 63
123 20
123 66
123 18
123 24
123 89
124 131
124 105
124 42
124 142
124 71
125 121
125 111
125 156
125 110
125 49
126 59
126 33
126 79
126 178
126 28
127 34
127 18
127 66
127 125
127 123
128 95
128 112
128 103
128 40
128 109
128 0
129 7
129 42
129 20
129 31
129 89
130 95
130 112
130 103
130 40
130 109
130 0
131 52
131 10
131 138
131 94
131 104
132 59
132 11
132 42
132 145
132 143
133 36
133 40
133 85
133 103
133 0
134 60
134 62
134 61
134 42
134 182
135 57
135 58
135 86
135 45
135 91
136 95
136 112
136 103
136 40
136 109
136 0
137 95
137 112
137 103
137 40
137 109
137 0
138 142
138 52
138 10
138 131
138 104
139 49
139 24
139 34
139 18
139 66
140 56
140 82
140 167
140 99
140 154
141 45
141 40
141 39
141 42
141 0
142 94
142 124
142 51
142 104
142 10
143 40
143 42
143 145
143 6
143 11
144 105
144 0
144 66
144 42
144 22
145 40
145 42
145 143
145 6
145 11
146 95
146 25
146 55
146 152
146 91
147 33
147 148
147 116
147 42
147 93
148 82
148 99
148 1
148 60
148 42
149 148
149 60
149 37
149 42
149 167
150 95
150 112
150 103
150 40
150 109
150 0
151 106
151 103
151 107
151 40
151 0
152 107
152 25
152 72
152 40
152 55
153 104
153 94
153 138
153 10
153 142
154 140
154 124
154 112
154 42
154 99
155 42
155 103
155 40
155 45
155 159
156 40
156 111
156 72
156 66
156 49
157 48
157 109
157 45
157 103
157 40
158 95
158 112
158 103
158 40
158 109
158 0
159 40
159 103
159 109
159 45
159 155
160 59
160 62
160 60
160 61
160 42
161 95
161 112
161 103
161 40
161 109
161 0
162 60
162 182
162 62
162 61
162 41
163 60
163 182
163 62
163 42
163 61
164 59
164 60
164 61
164 62
164 113
165 95
165 112
165 103
165 40
165 109
165 0
166 95
166 112
166 103
166 40
166 109
166 0
167 61
167 112
167 178
167 56
167 42
168 95
168 112
168 103
168 40
168 109
168 0
169 72
169 182
169 70
169 71
169 75
170 66
170 60
170 31
170 59
170 182
171 95
171 112
171 103
171 40
171 109
171 0
172 182
172 62
172 77
172 42
172 52
173 182
173 61
173 42
173 178
173 41
174 117
174 42
174 106
174 104
174 31
175 95
175 112
175 103
175 40
175 109
175 0
176 60
176 25
176 4
176 54
176 42
177 66
177 72
177 78
177 55
177 107
178 56
178 167
178 33
178 42
178 112
179 95
179 112
179 103
179 40
179 109
179 0
180 77
180 124
180 10
180 85
180 133
181 95
181 112
181 103
181 40
181 109
181 0
182 66
182 62
182 59
182 60
182 169
