0 1109
1 1097
2 1110
3 1237
4 1110
5 651
6 1107
7 108
8 178
9 1208
10 1422
11 1109
12 150
13 1894
14 146
15 3326
16 1943
17 582
18 489
19 3308
20 918
20 1583
21 3303
22 938
23 268
24 44
25 1130
26 689
27 887
28 2080
29 2785
30 2821
31 43
32 3133
33 3194
34 1300
35 1109
36 3326
37 1109
38 49
39 3138
40 2597
41 1337
42 2422
42 263
43 1759
44 1845
45 1107
46 1047
47 2167
48 3149
48 2282
49 1253
50 971
51 2475
52 2927
53 1443
54 1822
55 2507
56 2608
57 2831
58 740
59 1422
60 916
61 2013
62 2977
62 1771
63 1109
64 1237
65 1400
66 3045
67 671
68 3273
69 157
70 1620
71 1481
72 404
72 2048
73 2974
74 3163
75 1333
76 1457
77 2434
78 1286
79 468
80 2383
81 558
82 3268
83 2646
84 1200
85 2385
86 3326
87 2215
88 708
88 2453
89 1109
91 2819
91 455
92 637
92 3017
93 690
94 1192
95 541
96 132
97 1201
98 2509
99 2507
100 3157
101 204
102 1866
103 2478
104 541
105 2434
106 2776
107 3197
107 1244
109 1781
110 2269
111 1110
112 2280
113 1097
114 1698
115 2399
116 1109
117 1109
118 119
119 1322
120 337
121 3326
122 2421
123 2819
123 455
124 1799
124 1879
125 3063
126 3087
126 1434
127 1110
128 794
129 1110
130 2920
131 268
132 3133
133 3326
134 2866
135 1912
136 1429
137 887
138 468
139 958
140 3326
141 917
142 582
143 1109
144 1398
145 3326
146 1248
147 428
148 491
149 1991
151 468
152 1399
153 2257
154 1251
155 1246
156 1863
157 450
158 2933
159 2153
159 2345
160 934
161 3326
162 1625
162 894
163 1110
164 3326
165 2805
166 1707
166 1555
167 2666
168 3197
168 1244
169 2613
170 2363
171 3326
172 709
173 3146
174 1110
175 1107
176 795
177 877
178 411
179 2092
180 2639
181 2825
181 495
182 3295
183 1110
184 2443
184 1275
185 3326
186 2196
187 3326
188 266
188 254
189 1044
190 3106
191 3276
192 1109
192 3326
193 1998
193 1024
194 2335
195 3045
196 1109
197 2665
198 1625
199 3326
200 2843
201 582
202 3326
203 2631
205 212
206 1546
206 1296
207 1109
208 2703
209 348
210 1766
211 2048
212 3076
213 962
214 3272
215 1200
215 1004
216 2791
217 1603
218 404
219 303
220 887
221 1467
221 2648
222 2730
223 1109
223 3326
225 245
226 3232
227 266
228 1410
229 1012
230 1856
231 2797
232 777
233 1110
234 379
235 1110
236 2032
237 1943
238 1110
239 1321
240 2264
241 402
242 468
243 616
244 2568
244 249
246 586
246 2783
247 1180
248 297
249 2568
250 1574
251 3326
252 333
253 2551
254 2067
255 2655
255 886
256 3326
257 1722
258 3073
258 1422
259 1262
260 1119
261 1361
262 1110
263 2655
264 1110
265 1536
267 551
269 906
270 3326
271 3273
272 2507
273 2645
274 1617
275 2393
276 1109
276 3326
277 3326
278 1555
279 1928
280 772
281 1110
282 3041
283 3253
283 1045
284 742
285 582
286 2312
287 2148
287 1583
288 1110
289 1590
289 2398
290 967
291 3225
291 2693
292 2141
293 813
294 2911
295 1109
296 1226
296 2176
298 2089
299 1109
300 411
301 752
302 2226
303 2782
304 494
305 1107
306 3326
307 1214
308 689
309 1110
310 2936
312 1457
313 2866
314 1117
315 3326
316 624
317 1410
317 1033
318 2976
320 3326
321 3080
322 607
322 1097
323 1783
324 3115
325 3107
326 2046
327 3038
329 2516
330 2065
331 1709
332 2450
334 3326
335 2953
336 2848
338 1845
340 622
341 1714
342 2920
343 3326
344 1107
345 1110
346 2396
346 1422
347 2527
348 364
349 1109
350 1070
350 2861
352 3193
353 386
354 1822
355 3326
356 2979
357 2350
358 1109
358 3326
359 3029
360 3326
361 2444
362 2338
363 706
365 1757
366 1110
367 3326
368 1993
369 3326
370 2067
371 2339
372 3197
372 1244
373 622
374 1286
375 1109
376 1513
377 1940
378 1769
379 637
379 3017
380 3188
381 2956
382 2352
384 3326
385 1110
386 2510
386 2284
387 1110
388 755
389 1984
390 600
391 1110
392 1678
392 1311
393 2212
393 698
394 1333
395 2162
396 2196
397 1620
398 2622
399 1991
400 3326
401 856
401 2741
403 1662
404 438
405 582
406 772
407 2240
407 2184
408 2562
408 582
409 1925
410 3249
412 637
413 2519
414 1761
415 1110
416 2217
417 624
418 990
419 582
420 3008
420 1504
421 2899
422 2237
423 1110
424 2365
425 1109
426 3326
427 2559
429 2721
430 455
431 2352
432 1109
433 2475
433 2967
434 2506
435 1625
436 3326
437 635
439 603
440 1303
440 541
441 2615
442 540
442 649
443 857
444 1476
445 486
446 2389
447 2366
448 1107
449 2067
449 1286
451 3034
452 3290
452 652
453 1422
454 3000
454 1190
455 3139
456 1109
457 1377
458 1887
459 757
460 1421
461 1107
462 3046
462 1247
463 1933
464 2527
465 2347
467 1109
468 2519
469 573
470 1110
471 713
472 541
473 2202
474 1509
475 2251
476 819
477 1109
478 540
478 649
479 1109
480 1109
481 1109
482 1589
483 1874
484 579
485 1239
486 1570
487 3304
488 1707
488 1555
489 1200
489 1004
490 3326
492 887
493 1422
495 2825
496 1171
497 1779
498 2358
499 2769
501 1944
502 2647
502 1583
503 1925
504 1318
505 2345
506 1011
507 1109
509 2891
510 1976
511 2376
512 611
512 2413
513 1669
514 3326
516 819
516 1472
517 2584
518 2048
519 3148
520 2534
522 1110
523 2348
524 2788
525 1143
526 1469
526 1832
527 1590
527 2398
528 2097
529 1198
530 1203
531 2612
533 978
534 1109
536 2559
536 840
537 2505
538 623
539 697
540 2911
543 2949
545 1919
546 1109
546 3326
547 1200
548 2196
552 1352
553 1538
553 1419
554 1422
555 911
556 1687
557 966
560 1245
561 2581
562 1231
563 1200
563 1004
565 2369
566 865
567 2729
568 3326
569 777
570 1109
571 1109
572 1109
573 865
574 1518
575 611
575 2413
576 2357
576 2232
578 2790
580 3326
581 3321
582 2189
583 1109
584 1170
585 2398
586 968
587 1753
588 1255
589 3326
590 2206
592 1109
592 3326
593 1213
594 2854
594 1843
595 641
596 1110
597 1143
598 2357
598 2232
599 2510
599 1078
600 1119
601 3326
602 2543
603 2861
604 1804
605 1795
606 3309
607 1097
608 2890
609 1355
612 3015
613 2669
613 1441
614 1109
615 3284
617 619
618 878
620 2174
621 1110
622 1708
624 670
625 1109
626 1110
627 2665
628 1110
629 2630
630 1150
631 2625
632 1506
633 2822
634 2631
636 1109
637 1620
639 3326
640 1109
641 1080
642 3120
643 1107
644 887
645 1110
646 3326
647 1200
647 1004
648 2573
649 3017
650 3209
652 3290
653 1693
655 3200
656 1287
657 1110
658 3326
659 1173
661 2638
662 1109
663 756
663 2893
664 2438
665 3326
666 1487
667 1079
669 2491
672 1156
673 2955
674 1727
675 2509
676 1200
676 1004
677 2361
678 3296
679 1060
683 3193
684 2866
685 1109
686 1422
687 3201
688 2326
689 2730
692 2458
693 850
693 886
694 2286
695 1655
699 1110
700 1829
701 1110
703 2269
704 1254
706 1617
707 2721
708 2453
709 2321
710 2755
711 3267
712 3326
714 3069
715 2638
716 1031
717 2703
718 1109
719 2585
720 2970
721 1135
722 2180
723 1088
724 1591
726 2140
728 1903
729 2025
730 2986
731 3326
732 1110
733 772
734 1651
735 1110
736 2463
736 1419
737 2422
738 1018
739 1109
740 1380
741 3203
741 1066
742 1416
743 2548
744 1698
746 2558
748 1422
749 1259
750 3326
753 1110
754 1215
755 1422
756 2893
758 2947
758 1182
759 3326
760 1179
761 1379
762 2430
763 1109
765 1440
766 1109
767 3230
768 2217
769 1866
770 1665
771 2911
772 2142
774 1449
776 1971
777 2578
779 1329
781 877
782 1926
784 3271
785 3326
786 1107
787 1110
788 3326
789 3177
790 2400
791 3167
792 2476
793 2992
794 839
795 2750
796 2196
797 942
798 2819
800 2927
801 2756
802 1435
803 3159
804 1110
805 2204
807 1219
807 941
809 1620
809 1477
810 1110
811 2836
811 2909
813 1585
814 1569
814 2708
815 2463
815 1419
816 1989
817 1109
818 2356
820 3130
820 3131
821 3326
822 3274
823 3326
824 3326
825 1340
826 1493
827 2421
828 2537
829 3273
830 3276
831 1109
833 3276
834 1109
834 3326
835 1422
837 2108
838 1109
838 3326
840 1705
841 1109
842 3326
843 1808
844 1109
845 1109
845 3326
846 3197
846 1244
847 1429
848 1109
848 3326
849 3326
851 2864
852 3326
854 3076
855 1110
856 2740
857 2406
858 1110
859 1483
860 2497
861 3240
862 1110
863 2555
864 2371
865 2578
866 3326
867 2796
868 3326
869 1268
870 1109
871 1916
872 1670
872 2633
873 3326
874 2455
875 2680
876 2581
877 1155
879 3218
881 2228
882 2196
883 1109
884 1363
885 976
885 2323
886 2655
887 1644
888 1090
889 1973
890 1107
891 1110
892 1109
892 3326
893 1109
894 2399
896 1109
897 1109
898 1109
899 3326
900 1818
901 1810
903 1107
904 1330
905 1920
906 2493
907 2270
908 1896
909 1110
910 1109
910 3326
912 1708
913 1109
913 3326
914 2505
915 1335
916 2992
917 2853
918 1583
919 1109
920 2163
922 2776
925 3326
926 2133
929 2657
930 2217
931 2166
933 1110
935 3324
936 2174
937 1343
938 3276
939 3326
940 2375
940 2467
941 1219
942 1084
943 3044
944 1994
945 1109
946 2380
947 1109
948 1109
950 2913
950 2950
951 3326
952 1109
953 3034
954 1191
955 3145
956 1302
958 1858
959 3208
961 1110
962 968
963 1110
964 2984
965 968
970 3075
970 3208
971 1263
973 1109
974 1836
975 1575
976 2323
977 3326
978 2784
979 1804
979 988
980 1110
981 2183
982 1665
983 1110
984 3085
985 2506
987 1109
988 1804
990 3019
992 3263
993 2829
994 1399
995 1110
996 3115
997 1534
1000 1545
1001 2552
1003 1216
1004 3296
1005 3326
1006 2761
1007 1767
1008 2399
1010 2257
1011 1575
1012 1422
1014 1109
1014 3326
1015 2444
1016 2081
1017 1641
1018 2514
1019 1097
1020 2295
1021 3067
1022 2601
1023 2712
1024 1998
1027 2609
1028 2322
1029 3326
1030 1448
1032 2514
1033 1710
1034 1214
1035 2703
1036 2660
1037 1110
1038 2957
1039 2531
1040 1208
1042 3187
1042 1823
1044 2323
1045 3252
1048 3053
1048 2573
1049 3282
1050 2597
1051 2703
1052 2863
1053 1109
1055 3326
1056 1109
1057 1134
1061 1109
1061 3326
1062 2342
1063 1858
1065 1110
1066 3203
1067 1189
1068 1094
1069 3326
1070 1875
1071 2398
1073 1110
1074 3326
1075 1211
1075 2779
1076 3272
1077 2673
1078 2510
1080 2855
1081 3326
1082 2411
1083 2948
1084 1855
1085 3139
1086 3326
1089 1944
1091 1346
1093 2424
1094 2900
1095 3326
1096 1625
1098 3130
1098 3131
1100 3326
1101 1478
1102 2447
1104 1109
1105 1493
1106 1109
1108 2471
1108 2087
1109 2267
1111 3152
1112 1422
1114 3326
1116 2911
1118 3280
1118 2246
1119 1577
1120 2434
1121 3326
1122 2047
1123 2343
1125 2329
1126 3326
1128 2429
1129 2514
1130 1429
1131 1625
1132 2955
1133 3326
1135 2631
1136 2217
1138 2485
1138 1769
1140 2108
1141 1694
1141 1907
1144 2381
1145 2414
1146 2048
1147 2606
1147 1324
1148 3326
1149 3326
1151 2731
1152 1534
1153 2774
1154 3326
1157 2234
1161 2715
1162 2631
1163 1840
1164 3326
1165 3224
1166 3326
1167 1894
1168 2143
1170 3099
1172 2512
1174 1268
1174 2352
1175 2096
1176 2200
1178 2507
1180 2580
1182 2947
1184 3286
1185 2957
1185 2956
1186 3194
1187 1707
1187 1555
1188 2589
1188 3066
1189 1491
1190 1422
1191 3109
1193 1746
1195 1259
1196 2055
1197 2048
1198 2542
1198 1422
1199 3326
1200 2734
1202 2633
1204 3326
1205 2622
1206 2703
1207 1223
1208 1491
1210 2610
1211 2779
1214 1422
1217 2063
1220 2473
1224 3040
1225 3046
1226 2176
1227 2335
1230 2782
1231 3241
1232 1617
1233 2815
1234 1426
1236 2352
1239 2189
1241 2005
1242 2183
1243 1707
1243 1555
1244 3197
1247 3046
1252 1571
1256 2278
1257 1918
1258 3326
1261 2480
1262 1422
1264 1330
1265 2063
1266 2411
1269 3326
1270 3326
1271 2601
1273 1663
1275 2443
1277 3326
1278 1709
1279 2628
1280 3017
1280 3026
1282 2382
1282 1396
1284 3326
1285 3172
1285 3169
1287 1613
1288 2266
1289 3326
1291 3326
1292 1799
1292 1879
1293 2445
1294 2536
1295 2478
1296 2770
1297 2392
1298 2436
1301 2829
1302 1461
1306 3180
1307 2283
1309 1818
1313 2039
1314 3095
1315 3314
1315 2909
1317 3326
1319 2867
1320 2894
1323 3326
1325 1340
1325 3087
1328 1510
1334 3084
1335 1836
1336 3326
1338 3308
1341 1529
1342 2398
1342 1663
1349 2304
1350 1429
1352 2035
1353 2899
1353 2052
1354 2615
1355 1395
1356 1441
1357 2487
1358 2404
1359 2861
1360 3326
1362 1570
1364 1813
1365 1850
1366 2848
1367 2960
1369 1746
1371 3031
1374 3326
1375 3326
1376 1422
1378 2038
1381 1557
1382 1624
1383 3299
1385 1536
1385 2447
1388 3130
1388 3131
1390 1586
1393 2473
1393 1959
1394 2858
1395 1802
1396 2382
1398 1666
1399 1989
1401 1726
1402 1737
1406 2510
1406 2284
1407 1823
1409 1448
1409 2737
1411 2790
1412 2174
1414 2174
1415 2399
1418 1967
1419 2463
1420 2099
1421 2242
1422 2782
1424 1471
1427 2398
1428 1624
1429 1587
1430 2799
1431 3219
1433 1524
1434 3087
1435 2730
1436 3037
1437 2450
1438 3326
1439 2404
1440 2736
1443 1734
1444 1896
1445 2510
1447 1578
1448 2354
1449 2817
1450 3273
1451 3308
1452 3326
1454 2659
1454 1819
1456 2695
1459 3326
1462 2709
1463 2414
1465 2833
1466 1835
1466 2674
1467 2648
1468 2351
1469 1832
1470 2823
1471 2494
1472 3017
1474 2557
1476 2422
1477 3048
1479 3326
1480 1644
1482 2703
1483 1821
1484 2912
1485 2683
1487 1767
1488 1857
1489 1649
1490 1732
1490 2474
1492 2429
1493 2711
1494 2632
1497 3326
1498 3299
1499 3136
1500 3326
1502 3326
1504 1850
1505 2411
1510 2455
1511 3326
1515 2909
1517 2360
1520 3326
1522 1620
1523 3172
1527 2414
1528 3203
1531 2815
1532 1915
1534 2703
1536 1683
1537 2938
1539 3291
1540 3164
1540 2228
1543 2733
1544 2159
1548 2271
1549 3326
1552 3326
1553 3219
1554 2010
1556 2382
1557 2320
1558 2427
1560 2114
1561 2519
1562 2817
1565 1836
1566 2080
1567 2166
1568 1769
1569 2708
1573 1854
1576 2861
1579 1662
1580 2361
1582 2032
1583 1944
1584 2379
1586 1735
1590 2398
1594 3326
1595 1926
1596 3252
1598 2248
1601 3326
1602 3326
1603 1770
1605 1708
1606 2690
1608 3326
1609 2621
1610 3306
1612 2175
1613 2939
1619 1802
1621 2739
1623 1627
1629 2672
1629 2472
1632 3326
1635 1647
1637 2978
1638 3154
1639 1748
1640 2361
1642 2033
1643 3326
1645 2098
1646 3326
1647 2626
1652 2492
1653 1869
1654 1967
1655 2361
1656 1684
1658 1663
1659 2654
1660 2179
1663 2398
1674 3326
1677 3053
1678 2313
1679 2251
1681 3326
1682 2792
1683 2447
1684 1992
1687 1822
1690 1859
1691 2261
1694 2255
1695 3090
1699 2371
1700 3326
1702 1940
1703 2925
1704 3274
1711 1774
1712 3326
1715 1822
1719 3066
1720 2796
1721 2670
1723 2501
1724 2475
1728 3195
1729 2347
1730 1889
1731 2506
1732 2474
1733 1855
1736 2196
1738 3133
1740 2639
1742 1804
1743 2474
1744 3022
1745 3326
1746 3071
1747 2390
1749 2528
1750 3326
1754 2351
1755 2228
1757 2319
1762 2603
1764 2691
1765 3326
1767 2060
1771 2562
1772 2222
1773 3326
1776 3326
1777 2676
1777 2675
1779 2975
1780 2209
1784 2029
1785 2080
1787 2555
1788 3295
1789 2963
1790 3326
1791 1992
1794 2136
1796 2769
1797 2562
1799 1879
1802 2434
1808 2524
1809 3249
1812 2204
1814 3326
1816 3326
1817 2519
1819 2659
1821 2435
1822 2067
1823 2342
1824 2678
1826 2977
1827 3203
1830 3326
1833 2137
1839 3023
1840 2349
1841 1981
1842 3017
1843 2854
1844 2458
1846 2322
1847 3232
1848 2312
1849 3089
1850 3008
1853 2633
1860 2436
1861 2955
1864 2875
1867 2350
1868 2306
1870 1926
1871 2711
1872 2422
1874 2771
1877 2063
1878 2937
1879 2594
1880 2185
1881 3326
1884 3037
1885 1948
1886 3326
1889 2517
1892 3326
1893 2753
1895 2316
1896 2703
1897 2856
1903 2180
1904 2909
1905 1977
1906 2841
1907 2713
1908 3302
1911 3137
1913 3326
1915 2519
1916 2350
1917 2219
1918 2649
1921 2066
1924 3146
1927 2169
1929 3326
1934 3326
1935 3214
1936 2975
1936 2094
1939 2448
1941 3326
1942 2622
1948 2351
1949 3075
1955 3326
1959 2473
1960 3326
1967 2066
1968 2979
1970 1985
1971 2353
1972 3326
1979 3326
1980 2422
1983 2367
1988 2263
1990 2161
1992 2579
1995 2217
1996 2361
2000 3209
2001 2327
2002 2107
2003 2735
2005 3232
2007 2237
2011 3128
2015 2469
2016 3250
2019 3326
2024 2596
2024 2182
2031 3035
2032 2299
2036 3326
2039 3246
2040 2082
2040 2955
2041 2462
2043 2492
2047 2664
2049 2267
2052 2899
2057 2331
2062 2354
2063 2113
2064 2398
2069 3326
2070 3034
2071 3326
2072 2368
2082 2955
2086 2755
2087 2471
2088 2613
2090 2561
2097 2774
2104 3251
2110 2422
2111 2989
2121 2390
2123 3326
2126 3326
2127 3155
2130 2919
2131 3326
2132 2899
2134 3017
2135 3326
2140 3251
2141 2854
2144 2399
2145 2969
2156 2955
2157 2499
2158 3157
2159 2629
2165 2949
2172 3088
2176 2660
2180 2222
2182 2655
2184 2240
2185 2868
2188 2694
2190 2532
2191 2482
2192 3326
2194 3326
2201 3326
2203 3046
2209 2555
2211 2926
2213 3326
2215 2918
2218 3051
2219 3071
2220 2452
2225 2367
2226 2234
2227 3072
2231 3205
2233 2358
2235 2466
2235 2519
2238 3289
2241 3326
2245 2335
2246 3280
2254 2585
2256 3326
2257 2475
2259 2646
2264 2404
2265 3326
2272 3326
2273 3071
2273 3312
2275 2631
2278 2911
2279 3326
2281 2827
2284 2510
2288 2367
2291 3000
2294 3326
2298 2736
2303 3326
2308 2342
2309 2333
2310 3326
2312 2314
2317 3326
2319 3030
2324 2507
2328 2329
2331 2422
2334 2642
2336 3326
2342 3144
2345 3294
2357 2358
2359 3326
2367 3152
2374 2375
2377 2626
2386 2893
2394 2460
2395 2458
2397 2398
2401 3025
2402 2534
2403 2757
2404 2405
2409 3326
2413 2439
2416 2418
2426 2427
2433 2703
2444 2650
2445 2955
2448 2450
2449 2450
2454 3326
2463 3071
2466 2586
2472 2672
2480 2596
2481 2597
2486 3221
2495 2911
2496 2497
2497 2920
2501 2812
2503 2504
2507 2519
2510 2511
2513 3241
2516 2751
2518 3326
2528 2529
2532 3273
2541 2549
2544 3326
2548 3152
2554 2604
2563 3326
2567 2568
2571 2583
2574 2575
2576 3326
2582 3326
2591 3326
2594 2711
2600 3326
2611 2612
2619 3249
2622 2784
2627 2628
2634 2857
2644 2955
2646 3046
2649 2650
2656 3154
2657 2864
2658 2659
2661 2662
2671 2672
2679 2750
2680 2681
2685 3132
2686 3193
2688 3326
2693 3225
2700 3326
2718 2719
2724 3326
2745 3274
2754 2755
2759 2964
2768 2769
2770 2771
2773 3272
2774 2775
2778 3326
2783 2785
2787 2938
2791 2792
2802 3326
2809 2810
2813 3326
2816 2817
2818 3326
2822 2829
2836 3076
2848 3025
2849 3326
2851 3326
2876 3326
2878 3045
2881 3326
2889 3326
2899 3009
2904 3175
2910 2911
2913 2950
2915 3326
2917 3326
2922 3326
2927 3014
2928 3272
2929 3326
2930 3221
2934 3326
2941 3326
2944 3193
2946 3326
2954 3128
2958 3326
2972 3326
2974 2975
2985 2986
2986 2987
2995 3326
2998 3326
3004 3005
3013 3014
3020 3071
3030 3263
3032 3064
3033 3326
3055 3056
3057 3058
3058 3059
3064 3065
3072 3080
3078 3079
3082 3326
3092 3297
3097 3326
3102 3103
3104 3326
3111 3326
3116 3326
3117 3119
3118 3119
3122 3326
3123 3326
3124 3204
3125 3221
3130 3131
3132 3194
3135 3326
3147 3148
3166 3326
3169 3171
3170 3172
3182 3326
3189 3204
3190 3326
3192 3326
3195 3197
3196 3197
3229 3230
3234 3235
3239 3326
3258 3326
3260 3326
3279 3326
3288 3296
3301 3302
3305 3306
3307 3326
3310 3326
3319 3326
3322 3326
