0 1106
0 1109
1 2919
1 1097
2 3326
2 1110
3 64
3 1237
4 1109
4 1110
5 2574
5 651
6 1109
6 1107
7 1110
7 108
8 2819
8 178
9 1108
9 1208
10 2782
10 1422
11 3326
11 1109
12 1041
12 150
13 1167
13 1894
14 1248
14 146
15 1109
15 3326
16 1605
16 1943
17 1109
17 582
18 1002
18 489
19 2824
19 3308
20 3072
20 918
20 1583
21 3326
21 3303
22 2747
22 938
23 1110
23 268
24 2781
24 44
25 2427
25 1130
26 2634
26 689
27 2023
27 887
28 1921
28 2080
29 528
29 2785
30 775
30 2821
31 2621
31 43
32 550
32 3133
33 508
33 3194
34 1697
34 1300
35 1107
35 1109
36 1109
36 3326
37 3326
37 1109
38 2363
38 49
39 1698
39 3138
40 428
40 2597
41 1109
41 1337
42 2277
42 2422
42 263
43 968
43 1759
44 2746
44 1845
45 1109
45 1107
46 1109
46 1047
47 3326
47 2167
48 590
48 3149
48 2282
49 491
49 1253
50 2304
50 971
51 887
51 2475
52 1034
52 2927
53 2113
53 1443
54 2420
54 1822
55 2506
55 2507
56 577
56 2608
57 734
57 2831
58 1380
58 740
59 2829
59 1422
60 793
60 916
61 2912
61 2013
62 2245
62 2977
62 1771
63 3326
63 1109
64 1237
65 2535
65 1400
66 3145
66 3045
67 1108
67 671
68 1505
68 3273
69 2507
69 157
70 2631
70 1620
71 328
71 1481
72 438
72 404
72 2048
73 1779
73 2974
74 3326
74 3163
75 607
75 1333
76 2956
76 1457
77 1864
77 2434
78 2733
78 1286
79 680
79 468
80 3029
80 2383
81 591
81 558
82 1548
82 3268
83 2911
83 2646
84 1753
84 1200
85 1109
85 2385
86 1107
86 3326
87 1461
87 2215
88 2306
88 708
88 2453
89 3326
89 1109
90 3133
91 2347
91 2819
91 455
92 2066
92 637
92 3017
93 1109
93 690
94 2793
94 1192
95 472
95 541
96 119
96 132
97 902
97 1201
98 241
98 2509
99 1275
99 2507
100 2158
100 3157
101 1080
101 204
102 769
102 1866
103 1109
103 2478
104 2745
104 541
105 1114
105 2434
106 1183
106 2776
107 372
107 3197
107 1244
108 1110
109 1108
109 1781
110 3274
110 2269
111 1107
111 1110
112 1109
112 2280
113 1622
113 1097
114 2339
114 1698
115 1835
115 2399
116 1106
116 1109
117 1106
117 1109
118 3134
118 119
119 3134
119 1322
120 2888
120 337
121 1107
121 3326
122 827
122 2421
123 2347
123 2819
123 455
124 2102
124 1799
124 1879
125 1109
125 3063
126 3087
126 1434
127 3326
127 1110
128 1357
128 794
129 1107
129 1110
130 582
130 2920
131 2162
131 268
132 3133
133 1110
133 3326
134 3326
134 2866
135 2059
135 1912
136 450
136 1429
137 220
137 887
138 1251
138 468
139 3035
139 958
140 1109
140 3326
141 2853
141 917
142 2734
142 582
143 1106
143 1109
144 1666
144 1398
145 1109
145 3326
146 1248
147 661
147 428
148 2364
148 491
149 399
149 1991
151 242
151 468
152 2110
152 1399
153 912
153 2257
154 2621
154 1251
155 2776
155 1246
156 2343
156 1863
157 2883
157 450
158 1097
158 2933
159 2973
159 2153
159 2345
160 2133
160 934
161 1109
161 3326
162 2399
162 1625
162 894
163 1107
163 1110
164 1107
164 3326
165 1806
165 2805
166 1179
166 1707
166 1555
167 1985
167 2666
168 372
168 3197
168 1244
169 1265
169 2613
170 491
170 2363
171 1109
171 3326
172 1028
172 709
173 1105
173 3146
174 1107
174 1110
175 1109
175 1107
176 2750
176 795
177 1672
177 877
178 2819
178 411
179 2697
179 2092
180 351
180 2639
181 2825
181 495
182 1109
182 3295
183 1107
183 1110
184 2443
184 1275
185 1110
185 3326
186 2119
186 2196
187 1109
187 3326
188 266
188 254
189 2323
189 1044
190 3184
190 3106
191 2550
191 3276
192 1106
192 1109
192 3326
193 1998
193 1024
194 2245
194 2335
195 1379
195 3045
196 3326
196 1109
197 2663
197 2665
198 1875
198 1625
199 1107
199 3326
200 2828
200 2843
201 1109
201 582
202 1109
202 3326
203 2631
204 1109
205 2835
205 212
206 1331
206 1546
206 1296
207 1106
207 1109
208 1896
208 2703
209 1766
209 348
210 1110
210 1766
211 404
211 2048
212 3076
213 2829
213 962
214 2772
214 3272
215 1701
215 1200
215 1004
216 434
216 2791
217 2237
217 1603
218 2705
218 404
219 3093
219 303
220 453
220 887
221 1467
221 2648
222 3212
222 2730
223 1106
223 1109
223 3326
225 3036
225 245
226 2005
226 3232
227 254
227 266
228 2815
228 1410
229 1290
229 1012
230 3156
230 1856
231 1257
231 2797
232 1109
232 777
233 1107
233 1110
234 1701
234 379
235 1107
235 1110
236 2299
236 2032
237 1214
237 1943
238 1109
238 1110
239 3254
239 1321
240 1109
240 2264
241 402
242 2299
242 468
243 2328
243 616
244 2567
244 2568
244 249
245 1066
246 2785
246 586
246 2783
247 1600
247 1180
248 513
248 297
249 2567
249 2568
250 1574
251 1107
251 3326
252 1110
252 333
253 3139
253 2551
254 1772
254 2067
255 2655
255 886
256 1110
256 3326
257 1109
257 1722
258 2226
258 3073
258 1422
259 1095
259 1262
260 1114
260 1119
261 1109
261 1361
262 3326
262 1110
263 1567
263 2655
264 1109
264 1110
265 2447
265 1536
267 2510
267 551
268 2820
269 441
269 906
270 1109
270 3326
271 1108
271 3273
272 1915
272 2507
273 1758
273 2645
274 1108
274 1617
275 1159
275 2393
276 1106
276 1109
276 3326
277 1107
277 3326
278 2470
278 1555
279 688
279 1928
280 733
280 772
281 1109
281 1110
282 1840
282 3041
283 3253
283 1045
284 2009
284 742
285 721
285 582
286 2924
286 2312
287 501
287 2148
287 1583
288 3326
288 1110
289 1157
289 1590
289 2398
290 1110
290 967
291 3225
291 2693
292 1251
292 2141
293 483
293 813
294 2911
295 1107
295 1109
296 2660
296 1226
296 2176
297 1669
298 2299
298 2089
299 1106
299 1109
300 1410
300 411
301 3326
301 752
302 2416
302 2226
303 1422
303 2782
304 2977
304 494
305 1109
305 1107
306 1109
306 3326
307 1214
308 1310
308 689
309 3326
309 1110
310 1878
310 2936
311 2719
312 1457
313 2994
313 2866
314 616
314 1117
315 1110
315 3326
316 2952
316 624
317 2815
317 1410
317 1033
318 3311
318 2976
319 2296
320 1107
320 3326
321 1108
321 3080
322 1333
322 607
322 1097
323 1110
323 1783
324 996
324 3115
325 3107
326 1110
326 2046
327 1110
327 3038
328 1481
329 2751
329 2516
330 2065
331 1083
331 1709
332 1256
332 2450
333 2845
334 1110
334 3326
335 1088
335 2953
336 3025
336 2848
337 2888
338 2642
338 1845
339 541
340 2418
340 622
341 1109
341 1714
342 2497
342 2920
343 1109
343 3326
344 1109
344 1107
345 1107
345 1110
346 2396
346 1422
347 1064
347 2527
348 957
348 364
349 3326
349 1109
350 1668
350 1070
350 2861
351 2639
352 3326
352 3193
353 2284
353 386
354 1108
354 1822
355 1107
355 3326
356 2306
356 2979
357 999
357 2350
358 1106
358 1109
358 3326
359 2316
359 3029
360 1110
360 3326
361 1422
361 2444
362 815
362 2338
363 1109
363 706
364 957
365 2319
365 1757
366 3326
366 1110
367 1110
367 3326
368 1110
368 1993
369 1109
369 3326
370 1111
370 2067
371 3071
371 2339
372 3197
372 1244
373 1605
373 622
374 1726
374 1286
375 3326
375 1109
376 1109
376 1513
377 661
377 1940
378 2772
378 1769
379 2066
379 637
379 3017
380 2155
380 3188
381 1457
381 2956
382 869
382 2352
383 2819
384 1109
384 3326
385 1109
385 1110
386 1406
386 2510
386 2284
387 3326
387 1110
388 3093
388 755
389 2990
389 1984
390 2351
390 600
391 1107
391 1110
392 1678
392 1311
393 2212
393 698
394 1986
394 1333
395 744
395 2162
396 2196
397 3051
397 1620
398 1965
398 2622
399 1991
400 1109
400 3326
401 856
401 2741
402 1471
403 1092
403 1662
404 2703
404 438
405 3148
405 582
406 772
407 2240
407 2184
408 2066
408 2562
408 582
409 1894
409 1925
410 3107
410 3249
411 2814
412 1620
412 637
413 468
413 2519
414 1625
414 1761
415 1107
415 1110
416 1417
416 2217
417 865
417 624
418 1109
418 990
419 2920
419 582
420 1365
420 3008
420 1504
421 2132
421 2899
422 2237
423 1107
423 1110
424 1109
424 2365
425 1107
425 1109
426 1109
426 3326
427 1705
427 2559
428 2638
429 1826
429 2721
430 670
430 455
431 696
431 2352
432 1107
432 1109
433 962
433 2475
433 2967
434 2360
434 2506
435 1625
436 1109
436 3326
437 1109
437 635
438 2705
439 1471
439 603
440 1303
440 541
441 747
441 2615
442 923
442 540
442 649
443 2406
443 857
444 2422
444 1476
445 1570
445 486
446 2389
447 2366
448 1109
448 1107
449 2067
449 1286
450 930
451 1422
451 3034
452 3290
452 652
453 1214
453 1422
454 2585
454 3000
454 1190
455 1687
455 3139
456 3326
456 1109
457 1109
457 1377
458 2357
458 1887
459 3326
459 757
460 3030
460 1421
461 1109
461 1107
462 2203
462 3046
462 1247
463 3326
463 1933
464 2527
465 3202
465 2347
466 709
467 1106
467 1109
468 2519
469 1139
469 573
470 3326
470 1110
471 2588
471 713
472 1551
472 541
473 3249
473 2202
474 1108
474 1509
475 1679
475 2251
476 819
477 1107
477 1109
478 819
478 540
478 649
479 3326
479 1109
480 1106
480 1109
481 1106
481 1109
482 1589
483 2623
483 1874
484 1210
484 579
485 3215
485 1239
486 509
486 1570
487 1651
487 3304
488 1179
488 1707
488 1555
489 1701
489 1200
489 1004
490 1110
490 3326
491 2363
492 1644
492 887
493 1480
493 1422
494 2977
495 2825
496 2178
496 1171
497 832
497 1779
498 1109
498 2358
499 1567
499 2769
501 2330
501 1944
502 2647
502 1583
503 3199
503 1925
504 1272
504 1318
505 1108
505 2345
506 1843
506 1011
507 1106
507 1109
508 1363
509 1202
509 2891
510 686
510 1976
511 1108
511 2376
512 611
512 2413
513 1669
514 1109
514 3326
515 3326
516 819
516 1472
517 1011
517 2584
518 2048
519 3147
519 3148
520 2380
520 2534
521 1142
522 3326
522 1110
523 1840
523 2348
524 806
524 2788
525 2422
525 1143
526 1469
526 1832
527 1157
527 1590
527 2398
528 1422
528 2097
529 1422
529 1198
530 2438
530 1203
531 2611
531 2612
532 2535
533 1606
533 978
534 3326
534 1109
535 2379
536 2559
536 840
537 1655
537 2505
538 1106
538 623
539 1109
539 697
540 3017
540 2911
541 1551
542 1915
543 2165
543 2949
544 1253
545 1256
545 1919
546 1106
546 1109
546 3326
547 1200
548 1973
548 2196
551 2510
552 2149
552 1352
553 2074
553 1538
553 1419
554 1107
554 1422
555 3046
555 911
556 3326
556 1687
557 1357
557 966
558 591
560 1108
560 1245
561 2580
561 2581
562 3241
562 1231
563 1701
563 1200
563 1004
564 1109
565 2371
565 2369
566 2578
566 865
567 2730
567 2729
568 1110
568 3326
569 1272
569 777
570 1106
570 1109
571 1106
571 1109
572 1106
572 1109
573 1836
573 865
574 1109
574 1518
575 611
575 2413
576 2431
576 2357
576 2232
577 2662
578 2541
578 2790
580 1107
580 3326
581 1109
581 3321
582 637
582 2189
583 3326
583 1109
584 654
584 1170
585 968
585 2398
586 2475
586 968
587 1921
587 1753
588 1825
588 1255
589 1107
589 3326
590 607
590 2206
591 2414
592 1106
592 1109
592 3326
593 1109
593 1213
594 2141
594 2854
594 1843
595 641
596 1107
596 1110
597 1140
597 1143
598 2431
598 2357
598 2232
599 749
599 2510
599 1078
600 1577
600 1119
601 1110
601 3326
602 3035
602 2543
603 1414
603 2861
604 988
604 1804
605 1114
605 1795
606 1059
606 3309
607 1097
608 1107
608 2890
609 2455
609 1355
610 1103
611 2174
612 1109
612 3015
613 1667
613 2669
613 1441
614 1107
614 1109
615 2030
615 3284
616 1117
617 1108
617 619
618 878
619 1108
620 1987
620 2174
621 3326
621 1110
622 1605
622 1708
623 1106
624 924
624 670
625 1106
625 1109
626 3326
626 1110
627 2650
627 2665
628 1109
628 1110
629 737
629 2630
630 1757
630 1150
631 1112
631 2625
632 1106
632 1506
633 2823
633 2822
634 2275
634 2631
635 1109
636 1106
636 1109
637 2066
637 1620
638 923
639 1109
639 3326
640 1107
640 1109
641 1080
642 1545
642 3120
643 1109
643 1107
644 1012
644 887
645 1109
645 1110
646 1110
646 3326
647 1701
647 1200
647 1004
648 2577
648 2573
649 3017
650 3209
651 2574
652 3290
653 1753
653 1693
654 2673
655 3201
655 3200
656 1107
656 1287
657 1107
657 1110
658 1107
658 3326
659 1109
659 1173
661 2638
662 1106
662 1109
663 756
663 2893
664 2158
664 2438
665 1109
665 3326
666 1767
666 1487
667 1707
667 1079
668 1106
669 2491
670 2578
671 1108
672 3298
672 1156
673 1293
673 2955
674 3046
674 1727
675 686
675 2509
676 1701
676 1200
676 1004
677 1622
677 2361
678 3326
678 3296
679 2800
679 1060
680 2217
681 705
683 1542
683 3193
684 1107
684 2866
685 1107
685 1109
686 1422
687 3201
688 1928
688 2326
689 2730
692 1108
692 2458
693 850
693 886
694 1113
694 2286
695 727
695 1655
696 2407
697 1109
699 3326
699 1110
700 1106
700 1829
701 1107
701 1110
702 2773
703 3274
703 2269
704 2723
704 1254
706 1533
706 1617
707 2721
708 2306
708 2453
709 2439
709 2321
710 2086
710 2755
711 1613
711 3267
712 1109
712 3326
713 1676
714 1709
714 3069
715 2638
716 1180
716 1031
717 2703
718 1107
718 1109
719 2254
719 2585
720 1108
720 2970
721 2312
721 1135
722 1822
722 2180
723 2953
723 1088
724 1110
724 1591
726 3251
726 2140
727 1108
728 2378
728 1903
729 2025
730 2985
730 2986
731 1110
731 3326
732 1109
732 1110
733 772
734 1651
735 1107
735 1110
736 1746
736 2463
736 1419
737 2655
737 2422
738 1032
738 1018
739 3326
739 1109
740 1380
741 3203
741 1066
742 1416
743 2548
744 1698
745 2189
746 2558
747 2501
748 2846
748 1422
749 1078
749 1259
750 1110
750 3326
752 3326
753 1107
753 1110
754 1109
754 1215
755 2782
755 1422
756 2893
757 3326
758 2947
758 1182
759 1109
759 3326
760 1179
761 877
761 1379
762 1108
762 2430
763 1107
763 1109
764 1109
765 1108
765 1440
766 1106
766 1109
767 3229
767 3230
768 1417
768 2217
769 1866
770 1064
770 1665
771 2259
771 2911
772 2142
774 1324
774 1449
775 1663
776 2062
776 1971
777 2578
778 853
779 1329
780 1704
781 2372
781 877
782 1595
782 1926
783 3076
784 1903
784 3271
785 1109
785 3326
786 1109
786 1107
787 1107
787 1110
788 1107
788 3326
789 1108
789 3177
790 1545
790 2400
791 2334
791 3167
792 2160
792 2476
793 2992
794 1357
794 839
795 2750
796 2196
797 1109
797 942
798 2347
798 2819
800 1109
800 2927
801 1107
801 2756
802 1110
802 1435
803 2501
803 3159
804 1107
804 1110
805 2419
805 2204
806 1110
807 1219
807 941
808 2562
809 1620
809 1477
810 1109
810 1110
811 2836
811 2909
813 1585
814 1569
814 2708
815 1746
815 2463
815 1419
816 1831
816 1989
817 3326
817 1109
818 2527
818 2356
819 3017
820 3130
820 3131
821 1109
821 3326
822 2269
822 3274
823 1107
823 3326
824 1822
824 3326
825 2595
825 1340
826 1107
826 1493
827 2147
827 2421
828 2536
828 2537
829 1505
829 3273
830 1076
830 3276
831 1106
831 1109
833 1076
833 3276
834 1106
834 1109
834 3326
835 1644
835 1422
836 1110
837 2108
838 1106
838 1109
838 3326
840 2114
840 1705
841 1107
841 1109
842 1109
842 3326
843 2579
843 1808
844 1106
844 1109
845 1106
845 1109
845 3326
846 3197
846 1244
847 2427
847 1429
848 1106
848 1109
848 3326
849 1107
849 3326
850 968
851 2657
851 2864
852 1109
852 3326
853 3232
854 3076
855 3326
855 1110
856 2740
857 1828
857 2406
858 1107
858 1110
859 1821
859 1483
860 2920
860 2497
861 1109
861 3240
862 1109
862 1110
863 2554
863 2555
864 1699
864 2371
865 2845
865 2578
866 1107
866 3326
867 1720
867 2796
868 1109
868 3326
869 2352
869 1268
870 1106
870 1109
871 2103
871 1916
872 1591
872 1670
872 2633
873 1109
873 3326
874 2984
874 2455
875 2797
875 2680
876 1180
876 2581
877 1379
877 1155
878 1447
879 3218
880 2196
881 1755
881 2228
882 2196
883 1106
883 1109
884 2819
884 1363
885 976
885 2323
886 2182
886 2655
887 1644
888 1109
888 1090
889 1973
890 1109
890 1107
891 1107
891 1110
892 1106
892 1109
892 3326
893 1107
893 1109
894 1008
894 2399
895 2023
896 1106
896 1109
897 1106
897 1109
898 3326
898 1109
899 1109
899 3326
900 1309
900 1818
901 1624
901 1810
902 1201
903 1109
903 1107
904 1264
904 1330
905 2113
905 1920
906 2493
907 1109
907 2270
908 2708
908 1896
909 1107
909 1110
910 1106
910 1109
910 3326
911 3046
912 1605
912 1708
913 1106
913 1109
913 3326
914 1108
914 2505
915 1335
916 2992
917 3255
917 2853
918 3080
918 1583
919 1107
919 1109
920 2316
920 2163
922 2643
922 2776
923 2646
924 1836
925 1109
925 3326
926 1616
926 2133
927 1485
929 2864
929 2657
930 968
930 2217
931 1422
931 2166
932 1109
933 3326
933 1110
934 2133
935 2622
935 3324
936 3138
936 2174
937 1480
937 1343
938 3276
939 1110
939 3326
940 1672
940 2375
940 2467
941 1219
942 2368
942 1084
943 1110
943 3044
944 2804
944 1994
945 1107
945 1109
946 2380
947 3326
947 1109
948 1106
948 1109
950 2913
950 2950
951 1109
951 3326
952 1107
952 1109
953 2124
953 3034
954 1411
954 1191
955 3145
956 2601
956 1302
958 1858
959 3075
959 3208
960 2501
961 1107
961 1110
962 1943
962 968
963 1107
963 1110
964 1109
964 2984
965 968
967 1110
968 2829
969 1992
970 3075
970 3208
971 1263
973 3326
973 1109
974 2771
974 1836
975 2919
975 1575
976 2323
977 1109
977 3326
978 2785
978 2784
979 1804
979 988
980 1107
980 1110
981 2880
981 2183
982 1665
983 1109
983 1110
984 3326
984 3085
985 1731
985 2506
986 1109
987 1106
987 1109
988 1804
990 3019
991 3326
992 1751
992 3263
993 2097
993 2829
994 1777
994 1399
995 1107
995 1110
996 3115
997 2703
997 1534
998 1985
999 2350
1000 2464
1000 1545
1001 1119
1001 2552
1002 1455
1003 1108
1003 1216
1004 3296
1005 1107
1005 3326
1006 2762
1006 2761
1007 2877
1007 1767
1008 2399
1009 2254
1010 1427
1010 2257
1011 1575
1012 2782
1012 1422
1014 1106
1014 1109
1014 3326
1015 2506
1015 2444
1016 1639
1016 2081
1017 1966
1017 1641
1018 1032
1018 2514
1019 1453
1019 1097
1020 2507
1020 2295
1021 3067
1022 1271
1022 2601
1023 1894
1023 2712
1024 1998
1027 1771
1027 2609
1028 2321
1028 2322
1029 1109
1029 3326
1030 2373
1030 1448
1031 2682
1032 2514
1033 1710
1034 1422
1034 1214
1035 1896
1035 2703
1036 2176
1036 2660
1037 3326
1037 1110
1038 1113
1038 2957
1039 1225
1039 2531
1040 1113
1040 1208
1042 3187
1042 1823
1044 2174
1044 2323
1045 3253
1045 3252
1046 1221
1047 1109
1048 3053
1048 2573
1049 2219
1049 3282
1050 1109
1050 2597
1051 2703
1052 2752
1052 2863
1053 1106
1053 1109
1055 1109
1055 3326
1056 1107
1056 1109
1057 1109
1057 1134
1059 3309
1060 2800
1061 1106
1061 1109
1061 3326
1062 1887
1062 2342
1063 1858
1064 2527
1065 1107
1065 1110
1066 3204
1066 3203
1067 1305
1067 1189
1068 1094
1069 1110
1069 3326
1070 1668
1070 1875
1071 2257
1071 2398
1072 1992
1073 1107
1073 1110
1074 1107
1074 3326
1075 1211
1075 2779
1076 3156
1076 3272
1077 1225
1077 2673
1078 1180
1078 2510
1079 1179
1080 2855
1081 1109
1081 3326
1082 1505
1082 2411
1083 2948
1084 1123
1084 1855
1085 1992
1085 3139
1086 1109
1086 3326
1087 3215
1089 1110
1089 1944
1090 1109
1091 2494
1091 1346
1092 3185
1093 1990
1093 2424
1094 3207
1094 2900
1095 1110
1095 3326
1096 1625
1098 3130
1098 3131
1099 1179
1100 1107
1100 3326
1101 1109
1101 1478
1102 3326
1102 2447
1103 2646
1104 1106
1104 1109
1105 2711
1105 1493
1106 3326
1106 1109
1107 3296
1108 2471
1108 2087
1109 2049
1109 2267
1111 1613
1111 3152
1112 1214
1112 1422
1114 3326
1115 3228
1116 2911
1118 3280
1118 2246
1119 1882
1119 1577
1120 2434
1121 3326
1122 1663
1122 2047
1123 3305
1123 2343
1125 1366
1125 2329
1126 3326
1128 2565
1128 2429
1129 1586
1129 2514
1130 2427
1130 1429
1131 1625
1132 2530
1132 2955
1133 3326
1135 2631
1136 2063
1136 2217
1138 2485
1138 1769
1140 2108
1141 1694
1141 1907
1143 2575
1144 2381
1145 2414
1146 2048
1147 2606
1147 1324
1148 3326
1149 3326
1151 1907
1151 2731
1152 1534
1153 2967
1153 2774
1154 3326
1155 1379
1156 3298
1157 2234
1158 3326
1161 2715
1162 2899
1162 2631
1163 3041
1163 1840
1164 3326
1165 1953
1165 3224
1166 3326
1167 1894
1168 2143
1170 3099
1171 2178
1172 1992
1172 2512
1173 2795
1174 1268
1174 2352
1175 2096
1176 2361
1176 2200
1178 2370
1178 2507
1180 2580
1181 3326
1182 2947
1184 3326
1184 3286
1185 2957
1185 2956
1186 3196
1186 3194
1187 1707
1187 1555
1188 2589
1188 3066
1189 1208
1189 1491
1190 2585
1190 1422
1191 3109
1192 2793
1193 1260
1193 1746
1195 1259
1196 2819
1196 2055
1197 2048
1198 2542
1198 1422
1199 3326
1200 2734
1202 1853
1202 2633
1204 3326
1205 2859
1205 2622
1206 2703
1207 1223
1208 1491
1210 2610
1211 2771
1211 2779
1212 2830
1214 2782
1214 1422
1215 1583
1217 2063
1218 2729
1220 2672
1220 2473
1222 2654
1224 3040
1225 3046
1226 2660
1226 2176
1227 2746
1227 2335
1230 2782
1231 2173
1231 3241
1232 1617
1233 2815
1234 1426
1235 2095
1236 2352
1238 2115
1239 2752
1239 2189
1241 2486
1241 2005
1242 2880
1242 2183
1243 1707
1243 1555
1244 3197
1246 2189
1247 2316
1247 3046
1250 3326
1251 2681
1252 3118
1252 1571
1253 1532
1254 2723
1255 2537
1256 2278
1257 1625
1257 1918
1258 3326
1260 2339
1261 2481
1261 2480
1262 1422
1264 1802
1264 1330
1265 2613
1265 2063
1266 2411
1268 2407
1269 3326
1270 3326
1271 1461
1271 2601
1273 1663
1275 2443
1276 3326
1277 3326
1278 1709
1279 2627
1279 2628
1280 3017
1280 3026
1282 2382
1282 1396
1284 3326
1285 3170
1285 3172
1285 3169
1286 2067
1287 2727
1287 1613
1288 3326
1288 2266
1289 3326
1290 2782
1291 3326
1292 2102
1292 1799
1292 1879
1293 3261
1293 2445
1294 2536
1295 2478
1296 2020
1296 2770
1297 2392
1298 1860
1298 2436
1299 1828
1300 1697
1301 1943
1301 2829
1302 1461
1306 3181
1306 3180
1307 1710
1307 2283
1308 1568
1309 1818
1310 1851
1311 1472
1313 2039
1314 3095
1315 1515
1315 3314
1315 2909
1317 3326
1319 2867
1320 2895
1320 2894
1321 3254
1322 3134
1323 3326
1324 2814
1325 3161
1325 1340
1325 3087
1326 1620
1328 2455
1328 1510
1331 1546
1333 1986
1334 3084
1335 2212
1335 1836
1336 3326
1338 1451
1338 3308
1340 1434
1341 2584
1341 1529
1342 2064
1342 2398
1342 1663
1346 1471
1348 2595
1349 1910
1349 2304
1350 1647
1350 1429
1351 2247
1352 2035
1353 2899
1353 2052
1354 2615
1355 2866
1355 1395
1356 1441
1357 1760
1357 2487
1358 2478
1358 2404
1359 2861
1360 3326
1362 1570
1364 1813
1365 1850
1366 3025
1366 2848
1367 3326
1367 2960
1369 1981
1369 1746
1371 3326
1371 3031
1373 2350
1374 3326
1375 3326
1376 1422
1378 2289
1378 2038
1379 1672
1381 1557
1382 3037
1382 1624
1383 3299
1385 1536
1385 2447
1387 1701
1388 3130
1388 3131
1389 3326
1390 1586
1392 2857
1393 2672
1393 2473
1393 1959
1394 2858
1395 1802
1396 2382
1398 1666
1399 1625
1399 1989
1400 2535
1401 2367
1401 1726
1402 1737
1406 2510
1406 2284
1407 3326
1407 1823
1408 2245
1409 1448
1409 2737
1410 2815
1411 3286
1411 2790
1412 2466
1412 2174
1414 2861
1414 2174
1415 2399
1417 2217
1418 1967
1419 2466
1419 2463
1420 2099
1421 2242
1422 2782
1424 2320
1424 1471
1427 2398
1428 1810
1428 1624
1429 2427
1429 1587
1430 1877
1430 2799
1431 1553
1431 3219
1432 3326
1433 1524
1434 3087
1435 2898
1435 2730
1436 1810
1436 3037
1437 2963
1437 2450
1438 3326
1439 2405
1439 2404
1440 2736
1443 1734
1444 3326
1444 1896
1445 2312
1445 2510
1446 1447
1447 1678
1447 1578
1448 1672
1448 2354
1449 1562
1449 2817
1450 3273
1451 3308
1452 3326
1454 2658
1454 2659
1454 1819
1456 3326
1456 2695
1457 2955
1458 3326
1459 3326
1460 2630
1461 1710
1462 3246
1462 2709
1463 1896
1463 2414
1464 2269
1465 2833
1466 2401
1466 1835
1466 2674
1467 2648
1468 2351
1469 1832
1470 2824
1470 2823
1471 2494
1472 2495
1472 3017
1474 2245
1474 2557
1476 2277
1476 2422
1477 3048
1479 3326
1480 2475
1480 1644
1482 2433
1482 2703
1483 2200
1483 1821
1484 2113
1484 2912
1485 1967
1485 2683
1486 1618
1487 1767
1488 1857
1489 1649
1490 1732
1490 2474
1492 2429
1493 2711
1494 2632
1496 3326
1497 3326
1498 3299
1499 3136
1500 3326
1502 3326
1504 1850
1505 2411
1510 2228
1510 2455
1511 3326
1514 2113
1515 2909
1516 1701
1517 2506
1517 2360
1519 3326
1520 3326
1521 2620
1522 2095
1522 1620
1523 3173
1523 3172
1525 1701
1527 2414
1528 3204
1528 3203
1529 2584
1531 2815
1532 2295
1532 1915
1533 1617
1534 2706
1534 2703
1536 2447
1536 1683
1537 2787
1537 2938
1538 2074
1539 3291
1540 1755
1540 3164
1540 2228
1542 2558
1543 2733
1544 2159
1548 3268
1548 2271
1549 3326
1552 3326
1553 3219
1554 3326
1554 2010
1555 1707
1556 2382
1557 2320
1558 2427
1560 2477
1560 2114
1561 2507
1561 2519
1562 2816
1562 2817
1565 1836
1566 2080
1567 1605
1567 2166
1568 1769
1569 2708
1571 3117
1572 3050
1573 3326
1573 1854
1576 2861
1577 2749
1578 2059
1579 3185
1579 1662
1580 2183
1580 2361
1582 2032
1583 1894
1583 1944
1584 2379
1585 1874
1586 1735
1587 1666
1588 3326
1589 3156
1590 2398
1591 2633
1594 3326
1595 1926
1596 3253
1596 3252
1597 3326
1598 2248
1600 2580
1601 3326
1602 3326
1603 2237
1603 1770
1605 1708
1606 2690
1608 3326
1609 2681
1609 2621
1610 3305
1610 3306
1612 3326
1612 2175
1613 2939
1614 3326
1616 2133
1619 2434
1619 1802
1621 1641
1621 2739
1622 2474
1623 1938
1623 1627
1624 1810
1625 1989
1626 3326
1627 1938
1628 3188
1629 2670
1629 2672
1629 2472
1630 2681
1632 3326
1633 1759
1634 2455
1635 2927
1635 1647
1637 2978
1638 2656
1638 3154
1639 1748
1640 2183
1640 2361
1641 1966
1642 2033
1643 3326
1644 2475
1645 2098
1646 3326
1647 2626
1652 2492
1653 3326
1653 1869
1654 2401
1654 1967
1655 2362
1655 2361
1656 1992
1656 1684
1657 2869
1658 1663
1659 2654
1660 3274
1660 2179
1661 3326
1663 2064
1663 2398
1665 2622
1666 1875
1670 2633
1672 2354
1674 3326
1675 1858
1676 2314
1677 2245
1677 3053
1678 2314
1678 2313
1679 2251
1681 3326
1682 2792
1683 2447
1684 3017
1684 1992
1686 2074
1687 1822
1690 1859
1691 2845
1691 2261
1692 3326
1693 1701
1694 2255
1695 2037
1695 3090
1696 3114
1699 2369
1699 2371
1700 3326
1702 2598
1702 1940
1703 2925
1704 2269
1704 3274
1711 1774
1712 3326
1713 3326
1715 1822
1717 2630
1718 2966
1719 3066
1720 2796
1721 2672
1721 2670
1723 2501
1724 2475
1726 2067
1727 3046
1728 3293
1728 3195
1729 2347
1730 2517
1730 1889
1731 1825
1731 2506
1732 2474
1733 1744
1733 1855
1736 2299
1736 2196
1738 3133
1739 3326
1740 2639
1742 1804
1743 2474
1744 3022
1745 3326
1746 3071
1747 2121
1747 2390
1749 3129
1749 2528
1750 3326
1754 1948
1754 2351
1755 2228
1756 3326
1757 2319
1758 2633
1760 2474
1761 2429
1762 2669
1762 2603
1764 2691
1765 3326
1767 3021
1767 2060
1768 2269
1769 2680
1770 2237
1771 2977
1771 2562
1772 2222
1773 3326
1776 3326
1777 2676
1777 2675
1779 2975
1780 2209
1782 2812
1784 3326
1784 2029
1785 2345
1785 2080
1787 2554
1787 2555
1788 3295
1789 2963
1790 3326
1791 1992
1794 2136
1795 1821
1796 2769
1797 2066
1797 2562
1799 2102
1799 1879
1802 2434
1805 3326
1806 2805
1808 2524
1809 2619
1809 3249
1812 2718
1812 2204
1814 3326
1816 3326
1817 1915
1817 2519
1819 2658
1819 2659
1821 2435
1822 2067
1823 2342
1824 2678
1825 2506
1826 2245
1826 2977
1827 3203
1830 3326
1833 2137
1839 3023
1840 3041
1840 2349
1841 3326
1841 1981
1842 3017
1843 2584
1843 2854
1844 3142
1844 2458
1845 2012
1846 2553
1846 2322
1847 2005
1847 3232
1848 2312
1849 3089
1850 3008
1851 1907
1853 2633
1854 2729
1858 2031
1860 2436
1861 2955
1863 2790
1864 2511
1864 2875
1867 1887
1867 2350
1868 2306
1869 3326
1870 1926
1871 2919
1871 2711
1872 2277
1872 2422
1874 2771
1877 2312
1877 2063
1878 2936
1878 2937
1879 2711
1879 2594
1880 2185
1881 3326
1884 3037
1885 1948
1886 3326
1889 2517
1892 3326
1893 3326
1893 2753
1895 3326
1895 2316
1896 2703
1897 2856
1900 3326
1902 2976
1903 3236
1903 2180
1904 2909
1905 1977
1906 2841
1907 2731
1907 2713
1908 3301
1908 3302
1909 3326
1911 3326
1911 3137
1912 2059
1913 3326
1915 2295
1915 2519
1916 2350
1917 2219
1918 2650
1918 2649
1920 2113
1921 1967
1921 2066
1924 3146
1927 2551
1927 2169
1929 3326
1934 3326
1935 3214
1936 2975
1936 2094
1939 2450
1939 2448
1941 3326
1942 3324
1942 2622
1945 3046
1947 3326
1948 2351
1949 3075
1952 3326
1955 3326
1959 2672
1959 2473
1960 3326
1961 2622
1964 2745
1965 2681
1967 2189
1967 2066
1968 2979
1970 1985
1971 2372
1971 2353
1972 3326
1978 3326
1979 3326
1980 2277
1980 2422
1981 3071
1983 2727
1983 2367
1984 2990
1988 2263
1990 2423
1990 2161
1992 2345
1992 2579
1994 2804
1995 2217
1996 2361
2000 3209
2001 2327
2002 2925
2002 2107
2003 3070
2003 2735
2004 3326
2005 3232
2007 2237
2010 3326
2011 3128
2015 2469
2016 3250
2017 2861
2019 3326
2020 2462
2021 2782
2022 2339
2024 2596
2024 2182
2029 3326
2031 3035
2032 2299
2036 3326
2037 3090
2038 2289
2039 3246
2040 2445
2040 2082
2040 2955
2041 2848
2041 2462
2042 3326
2043 2366
2043 2492
2045 2782
2047 2785
2047 2664
2049 2267
2051 3326
2052 2711
2052 2899
2053 2475
2055 3117
2056 3326
2057 2331
2058 2940
2060 3021
2062 2354
2063 2113
2064 2398
2065 2685
2068 2228
2069 3326
2070 3034
2071 3326
2072 2368
2076 2434
2077 2406
2082 2445
2082 2955
2083 3326
2085 2734
2086 2755
2087 2471
2088 2613
2090 3011
2090 2561
2091 2102
2092 2723
2094 2974
2097 2774
2104 2169
2104 3251
2107 2396
2110 2422
2111 2989
2113 2912
2114 2477
2116 2585
2117 3326
2120 2631
2121 2390
2123 3326
2124 3034
2126 3326
2127 3155
2129 3326
2130 2919
2131 3326
2132 2899
2134 3017
2135 3326
2140 3251
2141 2854
2144 2399
2145 2969
2146 3326
2153 2346
2154 2993
2155 3188
2156 2956
2156 2955
2157 2499
2158 3157
2159 3144
2159 2629
2160 2476
2161 2423
2163 2316
2165 2949
2167 3326
2170 2706
2172 3326
2172 3088
2175 3326
2176 2660
2177 2920
2179 3274
2180 2222
2181 2828
2182 2655
2183 2361
2184 3294
2184 2240
2185 2206
2185 2868
2186 3326
2188 2694
2189 2562
2190 2532
2191 2482
2192 3326
2194 3326
2195 3326
2199 2506
2201 3326
2202 3249
2203 3046
2208 2866
2209 2555
2211 3014
2211 2926
2213 3326
2215 2918
2218 3051
2219 3071
2220 2452
2221 3326
2225 3326
2225 2367
2226 2234
2227 3081
2227 3072
2230 2782
2231 3205
2232 2431
2233 2357
2233 2358
2235 2466
2235 2519
2238 3289
2241 3326
2245 2335
2246 3280
2252 2731
2254 2585
2256 3326
2257 2398
2257 2475
2259 3046
2259 2646
2261 2845
2264 2405
2264 2404
2265 3326
2271 3268
2272 3326
2273 3071
2273 3312
2275 2631
2278 3017
2278 2911
2279 3326
2281 2632
2281 2827
2282 2782
2283 3046
2284 2510
2285 3326
2288 3152
2288 2367
2290 3326
2291 2585
2291 3000
2294 3326
2295 2507
2296 3076
2298 2736
2303 3326
2308 2342
2309 2538
2309 2333
2310 3326
2312 2924
2312 2314
2314 2588
2316 3046
2317 3326
2319 3030
2324 2507
2325 3326
2328 2329
2331 2422
2333 2538
2334 3167
2334 2642
2336 3326
2337 3326
2340 3071
2341 2455
2342 3144
2345 3294
2346 2347
2348 2349
2349 3041
2353 2375
2357 2431
2357 2358
2359 3326
2360 2506
2361 2362
2367 3152
2374 2375
2375 2442
2377 2626
2386 2893
2394 2460
2395 3142
2395 2458
2397 2398
2400 3026
2401 3025
2402 2534
2403 2757
2404 2405
2409 3326
2412 2789
2413 2439
2415 2416
2416 2418
2426 2427
2429 2565
2432 3326
2433 2703
2444 2649
2444 2650
2445 2955
2446 2936
2448 2451
2448 2450
2449 2451
2449 2450
2454 3326
2463 3071
2464 3221
2466 2586
2472 2670
2472 2672
2473 2672
2480 2481
2480 2596
2481 2597
2483 2791
2486 3221
2495 3017
2495 2911
2496 2497
2497 2920
2499 2790
2501 2812
2503 2504
2507 2519
2510 2511
2513 3241
2515 2646
2516 2751
2518 3326
2528 2529
2530 2955
2532 3273
2533 3326
2541 2549
2543 3035
2544 3326
2548 3152
2550 2579
2551 2732
2552 2749
2554 2588
2554 2604
2556 2782
2558 3194
2561 3011
2563 3326
2567 2568
2570 3326
2571 2583
2573 2577
2574 2575
2576 3326
2577 2980
2580 2581
2582 3326
2583 2803
2587 3304
2589 3314
2590 3233
2591 3326
2594 2711
2600 3326
2602 3326
2603 2669
2611 2612
2619 3249
2622 2784
2627 2628
2634 3212
2634 2857
2643 2776
2644 2955
2646 3046
2649 2650
2656 3154
2657 2864
2658 2659
2661 2662
2667 2782
2670 2672
2671 2672
2675 2676
2676 2782
2679 2750
2680 2681
2685 3132
2686 3206
2686 3193
2688 3326
2689 3326
2691 3326
2693 3225
2695 3326
2697 3326
2698 3326
2700 3326
2701 3326
2702 2706
2705 2706
2713 2731
2718 2719
2721 3049
2722 3222
2724 3326
2729 2898
2730 2898
2735 3070
2736 3034
2740 2741
2744 3326
2745 3274
2753 3326
2754 2755
2758 3326
2759 2964
2762 2763
2764 3326
2768 2769
2770 2771
2772 2928
2773 2928
2773 3272
2774 2967
2774 2775
2778 3326
2783 2785
2787 2938
2788 3326
2790 3286
2791 2792
2794 2796
2802 3326
2804 2865
2809 2810
2813 3326
2816 2817
2818 3326
2822 2829
2827 2828
2829 2925
2836 3076
2842 2843
2848 3025
2849 3326
2851 3326
2853 3255
2861 2866
2866 2984
2871 3326
2876 3326
2878 3045
2881 3326
2889 3326
2891 3228
2899 3009
2904 3175
2910 3046
2910 2911
2913 2950
2914 3326
2915 3326
2917 3326
2922 3326
2926 2927
2927 3014
2928 3272
2929 3326
2930 3221
2934 3326
2935 3326
2939 3007
2941 3326
2944 3193
2946 3326
2954 3128
2958 3326
2960 3326
2961 3326
2972 3326
2974 2975
2981 3326
2985 2986
2986 2987
2995 3326
2998 3326
3001 3326
3004 3326
3004 3005
3005 3326
3006 3271
3013 3014
3020 3071
3030 3263
3031 3326
3032 3064
3033 3326
3036 3204
3042 3228
3055 3326
3055 3056
3056 3326
3057 3059
3057 3058
3058 3059
3064 3065
3072 3081
3072 3080
3075 3208
3078 3079
3082 3326
3085 3326
3088 3326
3092 3297
3096 3326
3097 3326
3102 3103
3104 3326
3105 3326
3111 3326
3116 3326
3117 3118
3117 3119
3118 3119
3122 3326
3123 3326
3124 3189
3124 3204
3125 3221
3130 3131
3132 3194
3135 3326
3137 3326
3143 3326
3147 3148
3163 3326
3166 3326
3169 3171
3170 3172
3174 3193
3180 3181
3182 3326
3183 3326
3184 3206
3189 3204
3190 3326
3192 3326
3195 3197
3196 3197
3197 3326
3200 3201
3202 3294
3203 3204
3226 3326
3229 3230
3231 3232
3234 3236
3234 3235
3235 3236
3238 3326
3239 3326
3242 3324
3252 3253
3258 3326
3260 3326
3264 3326
3278 3326
3279 3326
3288 3296
3301 3302
3303 3326
3305 3306
3307 3326
3310 3326
3313 3326
3316 3326
3319 3326
3322 3326
3325 3326
