0 472
1 1911
2 1503
2 787
3 234
4 1864
5 1803
6 553
6 1766
7 257
8 633
9 2100
9 2049
10 708
11 1270
11 2118
12 179
13 467
13 407
14 633
14 959
15 602
16 2116
17 857
17 575
18 2061
19 486
19 1051
20 1470
20 202
21 350
22 2053
23 367
24 1494
24 1157
25 1462
26 1851
27 1629
28 115
29 1027
30 615
31 1570
31 1758
32 1662
33 1356
34 1470
34 202
35 94
36 491
37 1993
38 51
39 938
40 58
40 1214
41 688
41 732
42 486
42 1051
43 1470
43 202
44 222
44 242
45 541
45 1742
46 1342
47 2100
47 2049
48 553
48 1766
49 2100
49 2049
50 1661
52 220
53 377
54 889
54 2051
55 698
55 1055
56 2215
57 2016
57 2033
58 1962
58 1214
59 1494
59 1157
60 2030
61 486
61 1051
62 631
63 682
64 1470
64 202
65 1494
65 1157
66 432
67 1463
68 271
69 1233
70 1622
71 1144
72 341
72 1314
73 2181
74 1460
75 688
75 732
76 218
77 867
78 820
79 688
79 732
80 281
81 173
81 1685
82 1351
83 1092
84 142
85 798
86 613
87 1939
88 891
89 1663
90 1692
91 403
92 396
93 1815
96 972
96 1952
97 2077
98 341
98 1314
99 951
100 1067
101 688
101 732
102 2143
103 1470
103 202
104 939
105 721
105 447
106 608
107 1778
108 1027
109 1773
109 1283
110 1764
111 1196
112 341
112 1314
113 1266
114 632
116 1494
116 1157
117 2263
118 230
118 787
119 301
119 811
120 584
121 927
121 214
122 1356
123 2228
124 1244
125 593
126 1277
127 731
128 1878
128 359
129 1136
130 143
130 1800
131 183
131 329
132 1470
132 202
133 271
134 688
134 732
135 172
136 1670
137 1095
138 1708
139 1470
139 202
140 344
141 220
143 1800
144 1494
144 1157
145 641
146 175
147 425
147 1269
148 2141
149 966
150 180
151 500
151 269
152 957
152 436
153 2273
154 817
155 1470
155 202
156 1470
156 202
157 1135
158 615
159 698
159 1055
160 927
161 315
162 1633
163 1470
163 202
164 2172
165 1067
166 1470
166 202
167 1034
168 1534
169 870
170 999
171 995
171 1150
173 1685
174 2158
176 500
176 269
177 341
177 1314
178 1531
178 1366
181 1436
181 332
182 1599
183 329
184 559
184 678
185 698
185 1055
186 1356
187 867
188 1020
189 1954
190 358
191 1602
191 1806
192 486
192 1051
193 538
194 1495
195 371
196 1774
197 1081
198 1493
199 1494
199 1157
200 1470
200 202
201 1470
201 202
202 1470
203 468
204 1741
205 949
206 1494
206 1157
207 700
208 753
209 1381
210 357
211 1858
211 362
212 406
212 241
213 1494
213 1157
214 927
215 584
216 1470
217 1436
217 332
218 531
219 1790
220 1714
221 1196
222 242
223 679
224 596
225 1795
226 1084
227 2151
228 1891
228 516
229 1484
229 1300
230 787
231 1494
231 1157
232 1278
232 796
233 250
235 1570
235 1758
236 1567
237 1201
238 1868
239 1601
240 1278
240 796
241 406
243 569
244 425
244 1269
245 486
245 1051
246 1976
246 946
247 348
248 1187
249 1646
251 338
252 1531
252 1366
253 1527
254 1263
255 1614
256 486
256 1051
257 500
257 269
258 329
259 1470
260 1080
260 2136
261 553
261 1766
262 1579
263 709
264 1643
265 1489
266 284
266 526
267 741
268 1253
269 500
272 1945
273 1616
274 553
274 1766
275 1878
275 359
276 1727
277 1192
277 280
278 1629
279 1064
279 397
280 1192
282 1686
283 1470
284 526
285 1578
286 462
287 449
288 1678
289 2089
290 1421
290 1870
291 341
291 1314
292 341
292 1314
295 857
295 575
296 2192
297 1196
298 1685
299 972
299 1952
300 1531
300 1366
301 811
302 442
303 1470
304 1494
304 1157
305 1436
305 332
306 1244
307 1436
307 332
308 636
310 660
311 1531
311 1366
312 847
312 695
313 553
313 1766
314 555
316 1421
316 1870
317 1405
318 1943
319 377
320 1161
321 2076
321 701
323 1962
323 1214
324 881
325 1518
326 1436
326 332
327 1219
328 539
330 958
331 593
332 1436
333 1306
334 688
334 732
335 2193
335 1756
336 1989
337 402
338 2167
339 1976
340 1201
341 1314
342 688
342 732
343 1621
345 1890
345 1465
346 944
347 1531
347 1366
349 656
352 745
353 1357
354 1089
354 1220
355 1912
356 1726
359 1878
360 1454
361 1278
361 796
363 2263
364 876
365 698
365 1055
366 1398
368 1143
369 1402
370 1569
372 652
373 1398
374 551
375 1422
375 1533
376 698
376 1055
378 2246
379 833
380 698
380 1055
381 1314
382 944
383 589
384 1314
385 1801
386 927
388 2192
389 2093
390 1421
390 1870
391 1861
392 1080
392 2136
394 636
395 1629
397 1064
398 1470
399 1800
400 1890
400 1465
401 1158
403 1277
404 2186
405 565
407 467
408 1504
409 2052
409 1051
410 1494
410 1157
411 721
411 447
412 1641
413 2143
414 1508
415 657
416 483
417 553
417 1766
418 1494
418 1157
420 1448
421 1354
422 1733
424 1653
425 1269
426 1773
426 1283
428 1508
429 842
430 450
430 2262
431 815
431 725
432 1406
433 1625
434 528
434 1729
435 1505
436 957
437 724
438 500
440 1531
440 1366
443 1398
444 1105
445 486
445 1051
446 2139
447 721
448 2016
448 2033
449 2184
450 2262
451 1314
452 553
452 1766
453 1017
454 482
455 1225
456 1976
457 2100
457 2049
458 1629
459 1487
460 1584
461 1773
461 1283
463 553
463 1766
464 1629
465 1152
466 1517
469 1474
471 973
473 486
473 1051
474 768
475 1569
476 1646
477 1494
477 1157
478 1488
479 660
480 1912
481 1171
485 612
485 853
486 1051
488 1478
489 1171
490 546
491 1708
492 1890
492 1465
493 553
493 1766
494 739
494 571
495 936
496 1238
497 1284
498 903
499 1470
501 688
501 732
502 1470
503 1653
504 1103
505 2122
506 966
507 847
507 695
508 1314
509 1454
510 995
510 1150
511 1381
512 794
513 1314
514 778
515 660
516 1891
517 2100
517 2049
518 957
519 967
520 2276
521 553
521 1766
522 693
523 553
523 1766
524 1436
525 688
525 732
527 2041
528 1729
529 787
530 1494
530 1157
532 688
532 732
534 1337
534 1282
535 866
536 2234
537 1135
538 1848
540 1575
541 1742
542 1051
543 1930
544 876
545 1470
546 1976
548 1531
548 1366
549 1535
550 1421
550 1870
551 2185
552 935
553 1766
554 1470
555 1911
556 1000
557 1421
557 1870
558 1531
558 1366
559 678
560 698
560 1055
561 1484
561 1300
562 731
563 1766
566 1470
567 795
568 1272
570 1051
571 739
572 2134
573 1766
574 1795
575 857
576 1011
577 724
578 1278
578 796
579 966
580 1939
582 661
582 1030
583 688
583 732
584 2249
585 1403
586 1494
586 1157
588 1773
588 1283
590 1766
591 632
592 1517
594 1470
595 2263
598 1531
598 1366
599 688
599 732
600 1553
601 817
603 707
604 1176
605 1691
605 1376
607 1773
607 1283
610 1140
611 1051
612 853
614 2190
616 1265
617 1494
617 1157
618 2193
618 1756
619 927
620 2013
621 720
622 943
623 1186
624 635
625 1494
625 1157
626 1447
627 688
627 732
628 1307
629 2016
629 2033
630 1046
631 2069
633 1402
640 1743
642 698
642 1055
643 2249
645 1244
646 1685
647 1343
648 1436
649 959
650 1356
651 1629
652 1939
653 2129
655 1303
658 2143
659 1051
661 1030
662 1913
663 1629
664 1080
664 2136
665 1308
667 688
667 732
668 1424
669 1334
670 1531
670 1366
671 985
672 1531
672 1366
673 1470
674 1976
675 1060
677 892
681 1470
682 1460
683 2097
684 2257
685 1470
686 1051
687 1077
688 732
689 702
689 2066
690 1436
691 1421
691 1870
692 2158
694 2012
695 847
696 1470
697 1254
698 1055
699 1398
701 2076
702 2066
703 1809
704 1766
705 1055
708 2185
709 1145
710 858
712 1766
713 1060
714 732
715 1470
717 2096
718 1494
718 1157
719 1173
720 1656
722 1314
723 1962
723 1214
725 815
726 2019
727 1939
729 847
730 1685
734 1135
735 1189
735 1636
736 754
737 972
737 1952
738 2047
740 1494
740 1157
744 956
746 2172
747 1278
747 796
748 1448
749 1685
750 1330
751 1539
752 1766
756 1653
758 1803
759 2161
760 2221
761 1854
762 1494
762 1157
763 928
764 2172
765 1494
765 1157
766 1581
767 1401
769 1601
770 1629
771 1887
772 1890
772 1465
773 1766
774 1683
775 2268
776 1741
777 857
779 1649
780 957
781 966
782 952
782 1338
783 1185
784 1135
785 1314
786 1591
787 1503
788 1165
790 1051
791 1033
792 1653
796 1278
797 2172
799 1060
801 1766
802 1470
803 1653
804 1939
805 1470
806 1976
807 1795
809 913
810 987
810 869
812 1470
813 2133
814 1635
816 2263
817 1362
819 1653
820 2226
821 1765
822 1457
822 1199
824 1470
825 1314
826 1976
827 2186
828 1436
829 2192
831 1055
832 1212
832 1926
833 2069
834 1501
834 2000
835 1143
836 1442
837 1505
839 2016
839 2033
841 1398
842 1976
845 1080
845 2136
846 1773
846 1283
848 1255
849 1501
849 2000
850 977
851 1051
852 2151
854 1503
855 1749
856 1430
856 1965
859 1314
860 1929
861 1179
862 2249
863 1421
863 1870
864 1051
865 1244
867 1761
868 2100
868 2049
869 987
871 1470
872 1800
873 966
874 1051
875 1494
875 1157
877 1494
877 1157
878 1929
879 2242
882 2233
883 1342
884 1470
885 1027
887 932
888 2055
888 1507
889 1080
889 2136
893 1512
894 1478
895 1010
896 1223
897 1398
900 2175
901 1937
902 1629
906 2066
907 1531
907 1366
908 1584
909 995
909 1150
910 954
911 1470
915 2186
916 1087
918 1060
919 1040
919 1858
920 1421
920 1870
922 1727
923 2151
925 1800
926 1993
929 1629
930 1401
931 944
933 1837
934 1976
935 1414
937 1848
939 1062
940 1080
940 2136
941 1890
941 1465
942 1685
943 1356
944 1846
946 1091
947 974
948 1354
950 1890
950 1465
952 1338
953 1494
953 1157
954 1674
955 971
961 1494
961 1157
963 1494
963 1157
964 1939
965 2172
968 1470
969 1800
972 1952
974 2249
976 1421
976 1870
979 2030
980 2016
980 2033
981 1436
982 1060
983 1494
983 1157
984 1848
988 1251
988 2070
989 1890
989 1465
990 1993
991 2002
992 2172
993 2192
994 1578
995 1150
997 1766
1001 1436
1002 1421
1002 1870
1004 1480
1005 1923
1006 1766
1007 2130
1008 1387
1011 1762
1012 2069
1013 1398
1017 1980
1018 1739
1020 1676
1021 1218
1022 1470
1023 1988
1025 1080
1025 2136
1028 1766
1029 1503
1031 1673
1032 1572
1033 1912
1035 1703
1036 1051
1037 1809
1038 1067
1039 2186
1040 1858
1042 1766
1043 1271
1044 1161
1045 1656
1047 1067
1048 1470
1049 1337
1049 1282
1052 1284
1053 1064
1054 1333
1057 1494
1057 1157
1058 1314
1059 1147
1061 1538
1062 1400
1063 1909
1065 1080
1065 2136
1068 1369
1072 1301
1075 1219
1076 1470
1077 1400
1078 1272
1079 1250
1081 1976
1082 1470
1083 2076
1085 1152
1086 1188
1089 1220
1090 1152
1093 1494
1093 1157
1094 2175
1096 1345
1098 1851
1100 1766
1101 1773
1101 1283
1102 2111
1104 1530
1106 1708
1107 1436
1108 1314
1109 1284
1112 1602
1112 1806
1113 1702
1114 1967
1115 1594
1117 1613
1118 1281
1119 1470
1122 1841
1123 1135
1127 1398
1128 1494
1128 1157
1129 1314
1130 1960
1132 1939
1133 2100
1133 2049
1134 1848
1137 2019
1138 2009
1141 1194
1145 1370
1146 1436
1147 1674
1148 1470
1149 1356
1151 1967
1153 1503
1154 1946
1155 1531
1155 1366
1157 1494
1159 1421
1159 1870
1161 2130
1162 1714
1163 1741
1164 1923
1169 1891
1170 1714
1173 1885
1177 1561
1179 1847
1180 2016
1180 2033
1181 1878
1182 1470
1183 1269
1186 1577
1189 1636
1189 1455
1193 1314
1194 1244
1195 2016
1195 2033
1197 1800
1198 2249
1199 1457
1200 1664
1202 2263
1203 1332
1204 1897
1205 1694
1206 1338
1208 1766
1209 1270
1209 2118
1210 2100
1210 2049
1211 1421
1211 1870
1212 1926
1214 1962
1214 2144
1215 1418
1217 1470
1221 2092
1222 1911
1224 1398
1225 1911
1226 1993
1228 1470
1229 1629
1230 1276
1232 1569
1233 2249
1234 1515
1235 1602
1235 1806
1237 1714
1239 1653
1240 1394
1242 1809
1243 1766
1245 1643
1246 1314
1248 1259
1249 1503
1251 2070
1257 1725
1258 1494
1259 1939
1260 1766
1261 1890
1261 1465
1263 1538
1264 1470
1265 1980
1266 1275
1267 1470
1268 2111
1270 2118
1273 1430
1273 1965
1274 1976
1279 1470
1280 1933
1281 1939
1282 1337
1283 1773
1285 1918
1286 2249
1287 1314
1290 1724
1292 1314
1293 1655
1295 1898
1296 1795
1297 1853
1300 1484
1302 1871
1304 1976
1305 1602
1305 1687
1306 2172
1310 1479
1311 1531
1311 1366
1312 1939
1315 1741
1316 1494
1317 2100
1317 2049
1318 1952
1319 1494
1320 2232
1321 1398
1324 2118
1325 1470
1326 2145
1327 1828
1329 1939
1330 2069
1331 2078
1333 1976
1335 1653
1336 1470
1339 2058
1340 1714
1341 2042
1344 1569
1347 1912
1348 1436
1349 1478
1353 1766
1355 1386
1356 2246
1357 1939
1359 2274
1360 2076
1361 1629
1366 1531
1367 1985
1368 1470
1369 1912
1373 2100
1373 2049
1376 1691
1377 1688
1378 1470
1381 1574
1383 1902
1384 2260
1388 1431
1388 1445
1389 1614
1390 2122
1392 1583
1395 1653
1396 2008
1397 1990
1399 1891
1404 1976
1407 2066
1408 2246
1409 2225
1415 2149
1419 1532
1421 1870
1422 1533
1427 1980
1429 1985
1430 1965
1431 1445
1432 1965
1433 1470
1437 1494
1438 1870
1440 1870
1441 1974
1443 1635
1444 1773
1449 2100
1449 2049
1451 2039
1453 1494
1454 2249
1455 1636
1459 1693
1461 1470
1462 2263
1463 2174
1465 1890
1466 2030
1467 1699
1469 1769
1473 1598
1474 1939
1476 1714
1477 1698
1479 1554
1482 1976
1486 1543
1487 1937
1488 1743
1489 1708
1490 1793
1491 2100
1491 2049
1492 1569
1495 2013
1497 2263
1499 2119
1501 2000
1502 1952
1507 2055
1510 1918
1513 1766
1516 1684
1521 1766
1523 1858
1524 1890
1525 1891
1527 2234
1528 1747
1529 2130
1532 1925
1536 2253
1541 1766
1544 1699
1548 2100
1548 2049
1549 1939
1554 1612
1555 2097
1557 1750
1558 2043
1561 1974
1563 1742
1564 2249
1566 2100
1566 2049
1568 1741
1570 1758
1571 1629
1573 1714
1576 2016
1576 2033
1577 2260
1579 2256
1580 1890
1582 1699
1585 1870
1587 1766
1589 1775
1592 1924
1596 2058
1597 2243
1600 1939
1602 1806
1603 1847
1605 2100
1605 2049
1610 1741
1612 1776
1615 2183
1616 2031
1617 1838
1618 2070
1619 1891
1620 1878
1621 1912
1622 2223
1631 2227
1638 1653
1648 2051
1649 1699
1650 1766
1651 1939
1652 1939
1660 2263
1661 1911
1664 1980
1665 1939
1667 1991
1669 1741
1671 2150
1677 1916
1678 2260
1679 2076
1680 1812
1684 2166
1687 1806
1690 2000
1692 1911
1693 2197
1700 1985
1703 1939
1704 2246
1706 2230
1707 1993
1710 2100
1710 2049
1711 1818
1712 1976
1713 2246
1716 2095
1718 2197
1720 1911
1721 2180
1723 1766
1724 1939
1731 2042
1732 1879
1732 1928
1738 2243
1741 1976
1743 2069
1745 2177
1749 2260
1753 2008
1754 2204
1755 1891
1756 2193
1759 1803
1767 2100
1767 2049
1771 1951
1772 1806
1775 2020
1777 2158
1778 2138
1784 2076
1788 1968
1789 1939
1791 2100
1791 2049
1792 1795
1793 2021
1794 1976
1799 2246
1803 1911
1805 2075
1809 1971
1818 1939
1827 2177
1829 1939
1832 2253
1834 2249
1835 2190
1836 2069
1837 2172
1839 2219
1841 1939
1843 1911
1844 1939
1847 1911
1849 1939
1851 2143
1854 2249
1856 1980
1861 2060
1866 2246
1867 2205
1874 1993
1875 1968
1879 1928
1882 2016
1882 2033
1883 1890
1885 1966
1886 2270
1887 2223
1889 1939
1894 2000
1901 1911
1905 1911
1907 1939
1913 2054
1917 2276
1925 2175
1937 2263
1939 1976
1940 2172
1944 2064
1948 2006
1954 1985
1956 1976
1966 2067
1970 2045
1973 2100
1973 2049
1975 2172
1977 2274
1980 2197
1982 2070
1986 2249
1988 2225
1999 2258
2007 2016
2007 2033
2009 2249
2016 2033
2017 2033
2021 2249
2028 2249
2035 2208
2043 2249
2049 2100
2053 2192
2065 2143
2071 2110
2079 2264
2093 2249
2094 2213
2096 2099
2134 2192
2142 2194
2157 2276
2167 2172
2169 2261
2171 2172
2180 2229
2199 2225
2212 2246
2217 2249
2227 2252
2239 2263
2255 2269
2260 2263
