0 1611
0 472
1 2226
1 1911
2 1249
2 1503
2 787
3 1545
3 234
4 1671
4 1864
5 1901
5 1803
6 1513
6 553
6 1766
7 1496
7 257
8 1402
8 633
9 1373
9 2100
9 2049
10 551
10 708
11 1270
11 2118
12 2003
12 179
13 467
13 407
14 1623
14 633
14 959
15 609
15 602
16 948
16 2116
17 857
17 575
18 1741
18 2061
19 1413
19 486
19 1051
20 2056
20 1470
20 202
21 120
21 350
22 2165
22 2053
23 487
23 367
24 231
24 1494
24 1157
25 195
25 1462
26 668
26 1851
27 770
27 1629
28 95
28 115
29 885
29 1027
30 158
30 615
31 235
31 1570
31 1758
32 1713
32 1662
33 1976
33 1356
34 2056
34 1470
34 202
35 587
35 94
36 1708
36 491
37 1707
37 1993
38 640
38 51
39 2079
39 938
40 2144
40 58
40 1214
41 75
41 688
41 732
42 1413
42 486
42 1051
43 2056
43 1470
43 202
44 1590
44 222
44 242
45 1563
45 541
45 1742
46 883
46 1342
47 1373
47 2100
47 2049
48 1513
48 553
48 1766
49 1373
49 2100
49 2049
50 1911
50 1661
51 640
52 1187
52 220
53 319
53 377
54 1250
54 2051
54 889
55 159
55 698
55 1055
56 791
56 2215
57 2017
57 2016
57 2033
58 1537
58 1962
58 1214
59 231
59 1494
59 1157
60 220
60 2030
61 1323
61 486
61 1051
62 1383
62 631
63 74
63 682
64 2056
64 1470
64 202
65 231
65 1494
65 1157
66 1286
66 432
67 175
67 1463
68 1468
68 271
69 2249
69 1233
70 1224
70 1622
71 1778
71 1144
72 859
72 341
72 1314
73 776
73 2181
74 682
74 1460
75 688
75 732
76 531
76 218
77 1761
77 867
78 2226
78 820
79 688
79 732
80 555
80 281
81 730
81 173
81 1685
82 1131
82 1351
83 1708
83 1092
84 1865
84 142
85 600
85 798
86 1404
86 613
87 446
87 1939
88 1899
88 891
89 774
89 1663
90 468
90 1692
91 2072
91 403
92 1333
92 396
93 401
93 1815
94 587
95 115
96 299
96 972
96 1952
97 442
97 2077
98 859
98 341
98 1314
99 1291
99 951
100 1071
100 1067
101 688
101 732
102 413
102 2143
103 2056
103 1470
103 202
104 1794
104 939
105 1256
105 721
105 447
106 1019
106 608
107 309
107 1778
108 885
108 1027
109 426
109 1773
109 1283
110 2098
110 1764
111 297
111 1196
112 859
112 341
112 1314
113 2123
113 1266
114 469
114 632
115 1512
116 231
116 1494
116 1157
117 1976
117 2263
118 1249
118 230
118 787
119 301
119 811
120 739
120 584
121 619
121 927
121 214
122 1462
122 1356
123 1670
123 2228
124 645
124 1244
125 331
125 593
126 945
126 1277
127 1299
127 731
128 1878
128 359
129 1711
129 1136
130 925
130 143
130 1800
131 1411
131 183
131 329
132 2056
132 1470
132 202
133 1468
133 271
134 688
134 732
135 742
135 172
136 1697
136 1670
137 1166
137 1095
138 1116
138 1708
139 2056
139 1470
139 202
140 836
140 344
141 2177
141 220
142 1865
143 925
143 1800
144 231
144 1494
144 1157
145 2273
145 641
146 293
146 175
147 1434
147 425
147 1269
148 2214
148 2141
149 873
149 966
150 1652
150 180
151 998
151 500
151 269
152 780
152 957
152 436
153 2140
153 2273
154 1362
154 817
155 2056
155 1470
155 202
156 2056
156 1470
156 202
157 1123
157 1135
158 615
159 698
159 1055
160 386
160 927
161 520
161 315
162 1563
162 1633
163 2056
163 1470
163 202
164 746
164 2172
165 1071
165 1067
166 2056
166 1470
166 202
167 1536
167 1034
168 1774
168 1534
169 1056
169 870
170 917
170 999
171 510
171 995
171 1150
172 742
173 730
173 1685
174 1912
174 2158
175 293
176 998
176 500
176 269
177 859
177 341
177 1314
178 548
178 1531
178 1366
179 2003
180 1652
181 1927
181 1436
181 332
182 388
182 1599
183 1411
183 329
184 559
184 678
185 698
185 1055
186 1976
186 1356
187 1761
187 867
188 2255
188 1020
189 1985
189 1954
190 1374
190 358
191 1772
191 1602
191 1806
192 1323
192 486
192 1051
193 984
193 538
194 370
194 1495
195 1989
195 371
196 1152
196 1774
197 1482
197 1081
198 1708
198 1493
199 231
199 1494
199 1157
200 2056
200 1470
200 202
201 2056
201 1470
201 202
202 2056
202 1470
203 634
203 468
204 1976
204 1741
205 1912
205 949
206 231
206 1494
206 1157
207 272
207 700
208 838
208 753
209 446
209 1381
210 1928
210 357
211 1040
211 1858
211 362
212 406
212 241
213 231
213 1494
213 1157
214 619
214 927
215 584
216 2056
216 1470
217 1927
217 1436
217 332
218 531
219 1867
219 1790
220 2058
220 1714
221 297
221 1196
222 1590
222 242
223 579
223 679
224 2251
224 596
225 1296
225 1795
226 1628
226 1084
227 309
227 2151
228 1619
228 1891
228 516
229 1484
229 1300
230 1249
230 787
231 1494
231 1157
232 578
232 1278
232 796
233 439
233 250
234 1545
235 1570
235 1758
236 1567
237 569
237 1201
238 2140
238 1868
239 769
239 1601
240 578
240 1278
240 796
241 406
242 1590
243 340
243 569
244 1434
244 425
244 1269
245 1323
245 486
245 1051
246 1939
246 1976
246 946
247 547
247 348
248 778
248 1187
249 1377
249 1646
250 439
251 2171
251 338
252 548
252 1531
252 1366
253 336
253 1527
254 1538
254 1263
255 1389
255 1614
256 1323
256 486
256 1051
257 998
257 500
257 269
258 1411
258 329
259 2056
259 1470
260 1079
260 1080
260 2136
261 1513
261 553
261 1766
262 294
262 1579
263 899
263 709
264 1143
264 1643
265 1489
266 1740
266 284
266 526
267 1458
267 741
268 1640
268 1253
269 998
269 500
270 1277
271 1468
272 2246
272 1945
273 1760
273 1616
274 1513
274 553
274 1766
275 1878
275 359
276 2004
276 1727
277 1417
277 1192
277 280
278 770
278 1629
279 1053
279 1064
279 397
280 1417
280 1192
281 555
282 1474
282 1686
283 2056
283 1470
284 1740
284 526
285 994
285 1578
286 1024
286 462
287 2184
287 449
288 380
288 1678
289 745
289 2089
290 550
290 1421
290 1870
291 859
291 341
291 1314
292 859
292 341
292 1314
294 1468
295 857
295 575
296 1569
296 2192
297 1196
298 730
298 1685
299 972
299 1952
300 548
300 1531
300 1366
301 811
302 442
303 2056
303 1470
304 1494
304 1157
305 1927
305 1436
305 332
306 645
306 1244
307 1927
307 1436
307 332
308 922
308 636
309 2151
310 660
311 548
311 1531
311 1366
312 507
312 847
312 695
313 1513
313 553
313 1766
314 1911
314 555
315 520
316 550
316 1421
316 1870
317 1748
317 1405
318 892
318 1943
319 377
320 1939
320 1161
321 1360
321 2076
321 701
322 443
323 1537
323 1962
323 1214
324 2228
324 881
325 1686
325 1518
326 1927
326 1436
326 332
327 1075
327 1219
328 1556
328 539
329 1411
330 1174
330 958
331 593
332 1927
332 1436
333 338
333 1306
334 688
334 732
335 2193
335 1756
336 584
336 1989
337 1102
337 402
338 1975
338 2167
339 1741
339 1976
340 1201
341 859
341 1314
342 688
342 732
343 1339
343 1621
344 1628
345 1524
345 1890
345 1465
346 1939
346 944
347 548
347 1531
347 1366
348 547
349 2123
349 656
351 1714
352 1364
352 745
353 971
353 1357
354 1089
354 1220
355 2058
355 1912
356 367
356 1726
357 1928
358 1374
359 1878
360 2249
360 1454
361 578
361 1278
361 796
362 1040
363 1976
363 2263
364 544
364 876
365 698
365 1055
366 897
366 1398
367 487
368 835
368 1143
369 1695
369 1402
370 1409
370 1569
371 1989
372 1939
372 652
373 841
373 1398
374 708
374 551
375 1271
375 1422
375 1533
376 698
376 1055
378 683
378 2246
379 1383
379 833
380 698
380 1055
381 859
381 1314
382 1846
382 944
383 1714
383 589
384 859
384 1314
385 1213
385 1801
386 619
386 927
387 442
388 2175
388 2192
389 1939
389 2093
390 550
390 1421
390 1870
391 1452
391 1861
392 1079
392 1080
392 2136
393 2177
394 904
394 636
395 770
395 1629
396 1333
397 1053
397 1064
398 2056
398 1470
399 925
399 1800
400 1524
400 1890
400 1465
401 1651
401 1158
402 1102
403 1277
404 1968
404 2186
405 1207
405 565
407 467
408 1504
409 874
409 2052
409 1051
410 1494
410 1157
411 1256
411 721
411 447
412 1860
412 1641
413 2143
414 428
414 1508
415 2230
415 657
416 1320
416 483
417 1513
417 553
417 1766
418 1494
418 1157
419 1921
420 748
420 1448
421 2018
421 1354
422 1733
423 760
424 1395
424 1653
425 1434
425 1269
426 1773
426 1283
427 2112
428 1508
429 1976
429 842
430 450
430 2262
431 1428
431 815
431 725
432 1286
432 1406
433 1948
433 1625
434 1781
434 528
434 1729
435 837
435 1505
436 780
436 957
437 577
437 724
438 998
438 500
440 548
440 1531
440 1366
441 1590
443 841
443 1398
444 1979
444 1105
445 1323
445 486
445 1051
446 2265
446 2139
447 1256
447 721
448 2017
448 2016
448 2033
449 2037
449 2184
450 2262
451 859
451 1314
452 1513
452 553
452 1766
453 1017
454 921
454 482
455 1225
456 2263
456 1976
457 1373
457 2100
457 2049
458 770
458 1629
459 1937
459 1487
460 908
460 1584
461 1773
461 1283
462 1024
463 1513
463 553
463 1766
464 770
464 1629
465 581
465 1152
466 592
466 1517
468 634
469 632
469 1474
470 1277
471 2106
471 973
472 1611
473 1323
473 486
473 1051
474 768
475 1547
475 1569
476 1646
477 1494
477 1157
478 1383
478 1488
479 660
480 1912
481 489
481 1171
482 921
483 1939
484 1590
485 612
485 853
486 1413
486 1051
488 894
488 1478
489 1171
490 2249
490 546
491 1708
492 1524
492 1890
492 1465
493 1513
493 553
493 1766
494 739
494 571
495 1968
495 936
496 1856
496 1238
497 1109
497 1284
498 1375
498 903
499 2056
499 1470
500 998
501 688
501 732
502 2056
502 1470
503 1395
503 1653
504 1895
504 1103
505 2122
506 873
506 966
507 847
507 695
508 859
508 1314
509 2249
509 1454
510 995
510 1150
511 1574
511 1381
512 1241
512 794
513 859
513 1314
514 1824
514 778
515 2081
515 660
516 1619
516 1891
517 1373
517 2100
517 2049
518 780
518 957
519 1572
519 967
520 2157
520 2276
521 1513
521 553
521 1766
522 1198
522 693
523 1513
523 553
523 1766
524 1927
524 1436
525 688
525 732
526 1740
527 1410
527 2041
528 1781
528 1729
529 1249
529 787
530 1494
530 1157
531 1187
532 688
532 732
534 1609
534 1337
534 1282
535 1442
535 866
536 2110
536 2234
537 1123
537 1135
538 1134
538 1848
539 1556
540 1998
540 1575
541 1563
541 1742
542 1413
542 1051
543 1955
543 1930
544 876
545 2056
545 1470
546 1741
546 1976
548 1531
548 1366
549 2165
549 1535
550 1421
550 1870
551 708
551 2185
552 915
552 935
553 1513
553 1766
554 2056
554 1470
555 1847
555 1911
556 1288
556 1000
557 1421
557 1870
558 1531
558 1366
559 678
560 698
560 1055
561 1484
561 1300
562 731
563 1513
563 1766
564 998
565 1207
566 2056
566 1470
567 1522
567 795
568 1078
568 1272
569 1201
570 1413
570 1051
571 739
572 956
572 2134
573 1513
573 1766
574 1296
574 1795
575 857
576 1011
577 724
578 1278
578 796
579 873
579 966
580 1976
580 1939
581 1152
582 661
582 1030
583 688
583 732
584 1976
584 2249
585 1403
586 1494
586 1157
588 1773
588 1283
589 1714
590 1513
590 1766
591 632
592 1517
594 2056
594 1470
595 1741
595 2263
596 2251
597 998
598 1531
598 1366
599 688
599 732
600 1737
600 1553
601 1362
601 817
602 609
603 1907
603 707
604 1586
604 1176
605 2121
605 1691
605 1376
606 2186
607 1773
607 1283
608 1019
610 1140
611 1413
611 1051
612 853
613 1404
614 687
614 2190
616 1448
616 1265
617 1494
617 1157
618 2193
618 1756
619 927
620 1344
620 2013
621 2092
621 720
622 2211
622 943
623 1577
623 1186
624 2014
624 635
625 1494
625 1157
626 1320
626 1447
627 688
627 732
628 756
628 1307
629 2017
629 2016
629 2033
630 1848
630 1046
631 1330
631 2069
632 1474
633 1402
635 2014
636 904
637 2179
638 1222
639 998
640 2069
640 1743
641 2273
642 698
642 1055
643 1286
643 2249
644 1468
645 1244
646 730
646 1685
647 1343
648 1927
648 1436
649 959
650 1976
650 1356
651 770
651 1629
652 1976
652 1939
653 1245
653 2129
654 1468
655 2012
655 1303
656 2123
657 2230
658 2143
659 1413
659 1051
661 1030
662 2054
662 1913
663 770
663 1629
664 1079
664 1080
664 2136
665 838
665 1308
667 688
667 732
668 1851
668 1424
669 2179
669 1334
670 1531
670 1366
671 1939
671 985
672 1531
672 1366
673 2056
673 1470
674 1741
674 1976
675 799
675 1060
676 1974
677 2166
677 892
679 873
680 1468
681 2056
681 1470
682 1460
683 2159
683 2097
684 2257
685 2056
685 1470
686 1413
686 1051
687 1400
687 1077
688 732
689 1407
689 702
689 2066
690 1927
690 1436
691 1421
691 1870
692 2158
693 1198
694 2221
694 2012
695 847
696 2056
696 1470
697 721
697 1254
698 1055
699 841
699 1398
700 1945
701 1360
701 2076
702 1407
702 2066
703 1037
703 1809
704 1513
704 1766
705 1055
706 1019
707 1907
708 2185
709 1370
709 1145
710 1534
710 858
711 999
712 1513
712 1766
713 799
713 1060
714 732
715 2056
715 1470
716 1740
717 1515
717 2096
718 1494
718 1157
719 1885
719 1173
720 1656
721 1256
722 859
722 1314
723 1537
723 1962
723 1214
725 1428
725 815
726 1859
726 2019
727 1741
727 1939
728 1930
729 847
730 1685
731 1299
733 1024
734 1123
734 1135
735 1644
735 1189
735 1636
736 1845
736 754
737 972
737 1952
738 1356
738 2047
740 1494
740 1157
741 1458
742 2138
743 1468
744 882
744 956
745 1364
746 764
746 2172
747 1278
747 796
748 1448
749 1685
750 1383
750 1330
751 2029
751 1539
752 1513
752 1766
753 838
754 1845
755 1578
756 1395
756 1653
758 1911
758 1803
759 2161
760 1569
760 2221
761 1149
761 1854
762 1494
762 1157
763 1867
763 928
764 2172
765 1494
765 1157
766 1639
766 1581
767 930
767 1401
769 1601
770 1629
771 1887
772 1524
772 1890
772 1465
773 1513
773 1766
774 1640
774 1683
775 1427
775 2268
776 2249
776 1741
777 857
778 1824
779 1699
779 1649
780 957
781 873
781 966
782 2038
782 952
782 1338
783 1201
783 1185
784 1123
784 1135
785 859
785 1314
786 1939
786 1591
787 1249
787 1503
788 2053
788 1165
790 1413
790 1051
791 1961
791 1033
792 1395
792 1653
794 1241
795 1522
796 1278
797 2172
799 1060
800 1740
801 1513
801 1766
802 2056
802 1470
803 1395
803 1653
804 1976
804 1939
805 2056
805 1470
806 2263
806 1976
807 1296
807 1795
808 1495
809 1154
809 913
810 1804
810 987
810 869
812 2056
812 1470
813 850
813 2133
814 1869
814 1635
815 1428
816 1741
816 2263
817 1362
818 1403
819 1395
819 1653
820 2226
821 1849
821 1765
822 1457
822 1199
824 2056
824 1470
825 859
825 1314
826 2263
826 1976
827 1717
827 2186
828 1927
828 1436
829 1569
829 2192
831 1055
832 1212
832 1926
833 1743
833 2069
834 1690
834 1501
834 2000
835 1143
836 866
836 1442
837 1505
838 1308
839 2017
839 2016
839 2033
840 1468
841 897
841 1398
842 2263
842 1976
844 1468
845 1079
845 1080
845 2136
846 1773
846 1283
848 1715
848 1255
849 1690
849 1501
849 2000
850 977
851 1413
851 1051
852 2151
854 1249
854 1503
855 1749
856 1432
856 1430
856 1965
858 1534
859 1314
860 878
860 1929
861 1803
861 1179
862 1564
862 2249
863 1421
863 1870
864 1323
864 1051
865 1244
866 1442
867 1748
867 1761
868 1373
868 2100
868 2049
869 1804
869 987
870 1056
871 2056
871 1470
872 925
872 1800
873 966
874 1413
874 1051
875 1494
875 1157
877 1494
877 1157
878 1929
879 1635
879 2242
880 1152
881 2177
882 2233
883 1342
884 2056
884 1470
885 1027
887 1419
887 932
888 2055
888 1507
889 1079
889 1080
889 2136
890 1714
891 1899
892 2166
893 1512
894 1478
895 2068
895 1010
896 1343
896 1223
897 1247
897 1398
899 1486
900 2221
900 2175
901 1231
901 1937
902 1629
903 1375
904 1184
906 1407
906 2066
907 1531
907 1366
908 1584
909 995
909 1150
910 1059
910 954
911 2056
911 1470
912 998
913 1154
914 1277
915 2186
916 2164
916 1087
917 999
918 1060
919 1040
919 1858
920 1421
920 1870
921 2177
922 1727
923 1911
923 2151
924 1932
925 1800
926 1707
926 1993
928 1426
929 1629
930 1401
931 1846
931 944
932 1419
933 1837
934 1741
934 1976
935 2175
935 1414
936 2030
937 1134
937 1848
938 2079
939 2249
939 1062
940 1079
940 1080
940 2136
941 1524
941 1890
941 1465
942 1685
943 2211
943 1356
944 2194
944 1846
945 1277
946 1191
946 1091
947 974
948 1354
949 2030
950 1524
950 1890
950 1465
951 1291
952 2038
952 1338
953 1494
953 1157
954 1674
955 1593
955 971
956 1569
958 1174
960 1187
961 1494
961 1157
963 1494
963 1157
964 1333
964 1939
965 2172
967 1572
968 2056
968 1470
969 1800
970 1569
971 1593
972 1952
973 2106
974 2249
975 1010
976 1421
976 1870
977 2105
978 1590
979 2030
980 2017
980 2016
980 2033
981 1927
981 1436
982 1060
983 1494
983 1157
984 1134
984 1848
985 1939
986 998
987 1804
988 1618
988 1251
988 2070
989 1524
989 1890
989 1465
990 1707
990 1993
991 1101
991 2002
992 2172
993 2192
994 1578
995 1150
996 1174
997 1513
997 1766
1000 1288
1001 1927
1001 1436
1002 1421
1002 1870
1003 1468
1004 1875
1004 1480
1005 1912
1005 1923
1006 1513
1006 1766
1007 1161
1007 2130
1008 1387
1010 2068
1011 1622
1011 1762
1012 2069
1013 1398
1014 1932
1016 1362
1017 2197
1017 1980
1018 1276
1018 1739
1020 1676
1021 2252
1021 1218
1022 2056
1022 1470
1023 2225
1023 1988
1025 1080
1025 2136
1028 1513
1028 1766
1029 1249
1029 1503
1031 1673
1032 1572
1033 1912
1034 1536
1035 1939
1035 1703
1036 1051
1037 1809
1038 1071
1038 1067
1039 1968
1039 2186
1040 1858
1042 1513
1042 1766
1043 1271
1044 1161
1045 2245
1045 1656
1046 1848
1047 1071
1047 1067
1048 2056
1048 1470
1049 1609
1049 1337
1049 1282
1051 1413
1052 1109
1052 1284
1053 1064
1054 2263
1054 1333
1057 1494
1057 1157
1058 1314
1059 1147
1061 1263
1061 1538
1062 1077
1062 1400
1063 1939
1063 1909
1065 1080
1065 2136
1066 1187
1067 1071
1068 2174
1068 1369
1069 1323
1072 1668
1072 1301
1075 1219
1076 2056
1076 1470
1077 1400
1078 1272
1079 1250
1081 2249
1081 1976
1082 2056
1082 1470
1083 1360
1083 2076
1085 1814
1085 1152
1086 1510
1086 1188
1087 2164
1089 1220
1090 1152
1091 1191
1092 1708
1093 1494
1093 1157
1094 2042
1094 2175
1095 1166
1096 1345
1097 1411
1098 2080
1098 1851
1100 1513
1100 1766
1101 1773
1101 1283
1102 2111
1103 1895
1104 1530
1105 1979
1106 1708
1107 1927
1107 1436
1108 1314
1109 1284
1112 1772
1112 1602
1112 1806
1113 1813
1113 1702
1114 1939
1114 1967
1115 2219
1115 1594
1116 1708
1117 1613
1118 1635
1118 1281
1119 2056
1119 1470
1121 1224
1122 1841
1123 1135
1124 1974
1125 1428
1127 1398
1128 1494
1128 1157
1129 1314
1130 1960
1132 1976
1132 1939
1133 1373
1133 2100
1133 2049
1134 1848
1136 1711
1137 1196
1137 2019
1138 2249
1138 2009
1141 1220
1141 1194
1144 1778
1145 1370
1146 1927
1146 1436
1147 1674
1148 2056
1148 1470
1149 1674
1149 1356
1151 1939
1151 1967
1152 1912
1153 1249
1153 1503
1154 1946
1155 1531
1155 1366
1156 2057
1157 1494
1158 1651
1159 1421
1159 1870
1161 1611
1161 2130
1162 1961
1162 1714
1163 2230
1163 1741
1164 2174
1164 1923
1165 2053
1167 1411
1168 1939
1169 1619
1169 1891
1170 1714
1173 1471
1173 1885
1176 1586
1177 1832
1177 1561
1179 1911
1179 1847
1180 2017
1180 2016
1180 2033
1181 1878
1182 2056
1182 1470
1183 1434
1183 1269
1186 1577
1188 1510
1189 1644
1189 1636
1189 1455
1192 1417
1193 1314
1194 1244
1195 2017
1195 2016
1195 2033
1197 1800
1198 1939
1198 2249
1199 1457
1200 1664
1202 1741
1202 2263
1203 1789
1203 1332
1204 1897
1205 1354
1205 1694
1206 2038
1206 1338
1208 1513
1208 1766
1209 1270
1209 2118
1210 1373
1210 2100
1210 2049
1211 1421
1211 1870
1212 1926
1214 1537
1214 1962
1214 2144
1215 1511
1215 1418
1217 2056
1217 1470
1218 2252
1221 2092
1222 1911
1223 1343
1224 1398
1225 1847
1225 1911
1226 1707
1226 1993
1228 2056
1228 1470
1229 1629
1230 2254
1230 1276
1231 1937
1232 1569
1233 1939
1233 2249
1234 2099
1234 1515
1235 1772
1235 1602
1235 1806
1236 1468
1237 1714
1238 1856
1239 1395
1239 1653
1240 1482
1240 1394
1242 1809
1243 1513
1243 1766
1245 1643
1246 1314
1247 1398
1248 1937
1248 1259
1249 1503
1251 1618
1251 2070
1252 1286
1253 1640
1255 1715
1257 2264
1257 1725
1258 1494
1259 2263
1259 1939
1260 1513
1260 1766
1261 1524
1261 1890
1261 1465
1262 1714
1263 1538
1264 2056
1264 1470
1265 2197
1265 1980
1266 1853
1266 1275
1267 2056
1267 1470
1268 1895
1268 2111
1269 1434
1270 2118
1273 1432
1273 1430
1273 1965
1274 2263
1274 1976
1275 1853
1276 2254
1279 2056
1279 1470
1280 1741
1280 1933
1281 1974
1281 1939
1282 1609
1282 1337
1283 1773
1285 1918
1286 2249
1287 1314
1288 2177
1289 2251
1290 1665
1290 1724
1291 2177
1292 1314
1293 1955
1293 1655
1294 1682
1295 1535
1295 1898
1296 1795
1297 1761
1297 1853
1298 1740
1300 1484
1301 1668
1302 1871
1303 2221
1304 1939
1304 1976
1305 1602
1305 1687
1306 2172
1309 1715
1310 1479
1311 1531
1311 1366
1312 2256
1312 1939
1313 1356
1315 1884
1315 1741
1316 1494
1317 1373
1317 2100
1317 2049
1318 1952
1319 1494
1320 2232
1321 1398
1324 1426
1324 2118
1325 2056
1325 1470
1326 2209
1326 2145
1327 2261
1327 1828
1329 2263
1329 1939
1330 2069
1331 1692
1331 2078
1332 1789
1333 1741
1333 1976
1334 2179
1335 1395
1335 1653
1336 2056
1336 1470
1337 1609
1338 2038
1339 2058
1340 1714
1341 2042
1344 1569
1345 1572
1346 2211
1347 1912
1348 1927
1348 1436
1349 1478
1350 1939
1353 1513
1353 1766
1354 2018
1355 1552
1355 1386
1356 1860
1356 2246
1357 1944
1357 1939
1359 2274
1360 2076
1361 1629
1365 1468
1366 1531
1367 1954
1367 1985
1368 2056
1368 1470
1369 1714
1369 1912
1373 2100
1373 2049
1376 2121
1376 1691
1377 1688
1378 2056
1378 1470
1381 1574
1383 1902
1384 1976
1384 2260
1386 1552
1388 1431
1388 1445
1389 1614
1390 2122
1391 1901
1392 1959
1392 1583
1394 1482
1395 1653
1396 1954
1396 2008
1397 1990
1399 1619
1399 1891
1404 1976
1405 1748
1406 1939
1407 2066
1408 2094
1408 2246
1409 2225
1410 2041
1414 2175
1415 1939
1415 2149
1418 1511
1419 2175
1419 1532
1421 1870
1422 1533
1424 1851
1426 1434
1427 2197
1427 1980
1429 1954
1429 1985
1430 1432
1430 1965
1431 1445
1432 1965
1433 2056
1433 1470
1435 1877
1436 1927
1437 1494
1438 1870
1440 1870
1441 1974
1443 1869
1443 1635
1444 1773
1449 2100
1449 2049
1451 2088
1451 2039
1452 2177
1453 1494
1454 1939
1454 2249
1455 1644
1455 1636
1456 2164
1458 1976
1459 1693
1461 2056
1461 1470
1462 1989
1462 2263
1463 1862
1463 2174
1465 1524
1465 1890
1466 2030
1467 2087
1467 1699
1469 1749
1469 1769
1470 2056
1471 1885
1473 1598
1474 1939
1476 1714
1477 1589
1477 1698
1479 1554
1480 1875
1481 2056
1482 2263
1482 1976
1483 2056
1486 1543
1487 1937
1488 2069
1488 1743
1489 1708
1490 1793
1491 2100
1491 2049
1492 1569
1493 1708
1495 2013
1497 1976
1497 2263
1499 1714
1499 2119
1500 1846
1501 1690
1501 2000
1502 1952
1507 2055
1509 2056
1510 1918
1512 1877
1513 1766
1515 2099
1516 1684
1518 1686
1521 1766
1523 1858
1524 1890
1525 1619
1525 1891
1527 1939
1527 2234
1528 1612
1528 1747
1529 2137
1529 2130
1532 1925
1535 2165
1536 2253
1537 2144
1540 2056
1541 1766
1544 2087
1544 1699
1547 2221
1548 2100
1548 2049
1549 2249
1549 1939
1551 1927
1553 1737
1554 1776
1554 1612
1555 2097
1557 1622
1557 1750
1558 1729
1558 2043
1559 1740
1561 1939
1561 1974
1563 1742
1564 2249
1566 2100
1566 2049
1568 2263
1568 1741
1569 2221
1570 1758
1571 1629
1573 1714
1575 1998
1576 2017
1576 2016
1576 2033
1577 1741
1577 2260
1579 2256
1580 1890
1581 1639
1582 2087
1582 1699
1583 1959
1585 1870
1587 1766
1588 1927
1589 1775
1592 1911
1592 1924
1594 2219
1596 1923
1596 2058
1597 1738
1597 2243
1598 1911
1599 1895
1600 1942
1600 1939
1602 1772
1602 1806
1603 1911
1603 1847
1605 2100
1605 2049
1607 1715
1610 1939
1610 1741
1611 2130
1612 1776
1615 1714
1615 2183
1616 1976
1616 2031
1617 2211
1617 1838
1618 2070
1619 1891
1620 1878
1621 2174
1621 1912
1622 2223
1625 1948
1627 2056
1631 2227
1635 1869
1637 2056
1638 1653
1639 1912
1640 1714
1641 1860
1642 2056
1645 2056
1648 2051
1649 2087
1649 1699
1650 1766
1651 2064
1651 1939
1652 1939
1654 1661
1655 1955
1660 1741
1660 2263
1661 1905
1661 1911
1662 1713
1664 2197
1664 1980
1665 1939
1667 2156
1667 1991
1669 1932
1669 1741
1670 1697
1671 2150
1674 1976
1677 1692
1677 1916
1678 2260
1679 2076
1680 1903
1680 1812
1681 2056
1684 2110
1684 2166
1686 2008
1687 1772
1687 1806
1690 2000
1691 2121
1692 2078
1692 1911
1693 1980
1693 2197
1699 2087
1700 1954
1700 1985
1701 1927
1702 1813
1703 1939
1704 1741
1704 2246
1706 2230
1707 1993
1710 2100
1710 2049
1711 1939
1711 1818
1712 2246
1712 1976
1713 2263
1713 2246
1714 2030
1716 2095
1718 1980
1718 2197
1719 2056
1720 1847
1720 1911
1721 1940
1721 2180
1723 1766
1724 2207
1724 1939
1725 2264
1727 2122
1729 1781
1731 2042
1732 1879
1732 1928
1733 2030
1738 2243
1741 2263
1741 1976
1743 2069
1745 2177
1746 2056
1748 1761
1749 2260
1752 1939
1753 2008
1754 2204
1755 1891
1756 2193
1759 2138
1759 1803
1763 1865
1764 2098
1765 1849
1767 2100
1767 2049
1768 1927
1771 1889
1771 1951
1772 1806
1775 2231
1775 2020
1777 2186
1777 2158
1778 1911
1778 2138
1784 2076
1788 1968
1789 1932
1789 1939
1790 1867
1791 2100
1791 2049
1792 1795
1793 1976
1793 2021
1794 1976
1799 2276
1799 2246
1803 1847
1803 1911
1805 2058
1805 2075
1807 2056
1809 1971
1814 2030
1818 1939
1821 2056
1825 2056
1827 2177
1828 1939
1829 1939
1832 1848
1832 2253
1834 1939
1834 2249
1835 2190
1836 2069
1837 2172
1839 2219
1841 1939
1843 1847
1843 1911
1844 1939
1846 2194
1847 1911
1849 1939
1851 2143
1852 1927
1854 1976
1854 2249
1856 2197
1856 1980
1860 2246
1861 2060
1862 2174
1863 2263
1866 1976
1866 2246
1867 2205
1868 2140
1871 2021
1873 2056
1874 1993
1875 1968
1879 1928
1882 2017
1882 2016
1882 2033
1883 1890
1885 2067
1885 1966
1886 2270
1887 2223
1889 1976
1889 1939
1893 2056
1894 2000
1895 2192
1896 2056
1901 1911
1903 2141
1905 2226
1905 1911
1907 1976
1907 1939
1909 1976
1910 2056
1912 2179
1913 2054
1917 2157
1917 2276
1919 1930
1925 2175
1932 1939
1936 2030
1937 2263
1939 1976
1940 2172
1942 2246
1944 1990
1944 2064
1945 2246
1948 2006
1954 1985
1956 1976
1957 2099
1962 2144
1966 2067
1969 2056
1970 2045
1973 2100
1973 2049
1975 2172
1976 2263
1977 2274
1979 2071
1980 2197
1981 2056
1982 2070
1984 2177
1986 2249
1988 2225
1989 2263
1990 2064
1991 2130
1994 2056
1999 2258
2004 2030
2005 2056
2007 2017
2007 2016
2007 2033
2009 2043
2009 2249
2010 2056
2012 2221
2016 2017
2016 2033
2017 2033
2021 2249
2028 2043
2028 2249
2031 2263
2035 2210
2035 2208
2039 2088
2040 2056
2041 2072
2042 2192
2043 2249
2044 2249
2049 2100
2053 2192
2065 2143
2071 2110
2079 2264
2080 2143
2093 2249
2094 2213
2096 2099
2097 2159
2101 2194
2109 2113
2110 2234
2113 2187
2119 2191
2134 2192
2139 2246
2141 2214
2142 2194
2157 2212
2157 2276
2162 2263
2165 2192
2167 2172
2169 2261
2171 2172
2175 2221
2180 2229
2199 2225
2208 2263
2212 2276
2212 2246
2217 2249
2227 2252
2235 2263
2239 2263
2255 2269
2256 2263
2260 2263
