0 12342
1 8210
2 13723
3 8140
4 4862
5 1157
6 12148
7 8140
8 9168
9 3013
10 4584
10 13751
11 12888
12 12888
13 8140
14 12449
15 3845
16 9251
17 8251
18 12888
19 2368
20 13142
21 872
22 5184
23 12888
24 4584
24 13751
25 2389
25 2280
26 3071
27 4413
27 7331
28 193
29 13521
30 2229
31 12888
32 6910
33 11377
34 8140
35 8856
36 10810
37 1218
38 12888
39 3756
40 8210
41 8210
42 3550
42 3508
43 4584
43 13751
44 4822
45 540
45 12888
46 10149
47 3969
48 9975
49 6769
50 9098
51 2592
52 8210
53 8140
54 7631
55 12475
56 7131
57 11759
58 5688
59 4445
60 1475
61 8401
62 2824
63 12888
64 2574
65 11799
65 1261
66 904
67 1032
68 13574
69 10492
70 11023
71 1346
72 10358
73 10997
74 4164
75 197
76 4315
77 12888
78 8140
79 4862
80 3845
81 7742
82 5370
83 13618
84 9669
85 12980
86 5373
87 3183
88 5248
88 11036
89 8210
90 449
91 10039
92 7365
93 12888
94 4021
95 12888
96 4584
96 13751
97 8210
98 8140
99 790
100 12888
101 4528
102 1607
103 8140
104 6451
105 12980
106 3700
107 12888
108 6769
109 8140
110 2399
111 8527
112 7726
113 4351
114 12888
115 7680
116 1524
117 2937
118 3385
119 1739
120 4007
121 7742
122 3366
123 9117
124 4218
125 4155
126 8140
127 13623
128 12888
129 9563
130 12888
131 3183
132 13385
132 1503
133 4590
134 8000
135 12739
136 13560
137 12888
138 10747
139 12888
140 12888
141 13183
142 6649
143 4584
143 13751
144 12831
145 12980
146 197
147 8376
148 12449
149 788
150 8210
151 2410
152 12888
153 12888
154 1607
155 3722
156 4528
157 2745
158 2245
159 12079
160 12892
161 12475
162 4833
163 8210
164 8140
165 10932
166 12888
167 169
168 13379
169 1610
170 11850
171 12888
172 192
173 12079
174 8856
175 12391
176 1858
177 5392
178 12230
179 5370
180 8094
181 6369
182 8210
183 12475
184 8210
185 10167
186 4878
186 627
187 5146
188 6769
189 10645
190 3591
191 8210
192 537
193 11011
194 12053
195 5296
195 3502
196 12888
197 10251
198 5569
199 3710
200 12888
201 5085
202 3722
203 5888
203 446
204 904
205 12888
206 8210
207 1498
208 8094
209 3385
209 1352
210 2389
211 4316
212 13291
213 7680
213 872
214 10326
215 6769
216 6129
216 8082
217 12354
218 12888
219 12352
220 13529
221 13706
222 4574
223 9580
224 8239
225 7742
226 9733
227 8210
228 13050
229 13371
230 4584
230 13751
231 10358
232 5828
233 10645
234 10531
235 5370
236 12140
237 2121
238 8210
239 3119
240 8210
241 7977
242 4528
243 7597
244 12888
245 6277
246 12888
247 461
248 12888
249 4932
250 4397
251 5924
252 12332
253 6466
254 262
254 9555
255 13168
256 4584
256 13751
257 8435
258 1217
259 12888
260 5392
261 6769
262 527
263 3452
264 1494
265 8140
266 11476
267 689
268 13543
268 8479
269 4218
270 12400
270 5933
271 1357
271 7742
272 4584
272 13751
273 4147
274 6277
275 4221
276 7010
277 13512
278 7742
279 8210
280 8861
281 5958
282 10452
283 12475
284 8324
284 10810
285 1599
285 4528
286 5275
287 8253
287 3790
288 4528
289 6223
290 12888
291 610
292 692
293 8140
294 8210
295 4528
296 8210
297 4101
298 1452
299 3845
300 10006
301 12888
302 12557
303 12449
304 6204
305 12888
306 8210
307 8140
308 8724
309 745
310 6120
311 11848
312 8299
313 4862
314 2229
315 2410
316 8928
317 10324
318 6319
319 8690
320 904
321 12775
322 12947
323 3800
324 1799
325 1218
326 12278
327 8519
328 8788
329 8140
330 12146
331 12888
332 8210
333 2121
334 12888
335 12888
336 4896
337 8210
338 11688
339 4907
339 12017
340 5202
341 12888
342 4584
342 13751
343 3709
344 13050
344 10266
345 606
346 7597
347 12888
348 12888
349 12888
350 12888
351 8427
352 6892
354 11569
354 4786
355 3563
356 6928
357 12767
358 12381
359 10650
360 12475
361 7168
362 12888
363 737
364 11688
365 10915
365 9143
366 8140
367 11000
368 3504
369 8210
370 3504
371 7880
372 8210
373 6937
374 5185
375 5085
376 1799
377 12888
378 3978
379 9251
380 12888
381 8210
382 8210
383 8210
384 8140
385 8068
386 904
387 12888
388 8210
389 9758
390 904
391 8210
392 9846
393 11407
394 904
395 8210
396 8210
397 9656
398 12888
399 3722
400 4862
401 8140
402 883
403 9536
404 12888
405 4538
406 2350
406 10531
407 12475
408 9772
409 4490
410 8140
411 6277
412 8210
413 12888
414 9913
414 4530
415 5828
416 4648
417 6373
418 8210
419 872
420 3265
421 8210
422 4833
423 13630
424 8210
425 11733
425 11168
426 3516
427 6258
428 8511
429 6218
430 8140
431 745
432 5282
433 12888
434 10291
435 8210
436 8251
437 4584
437 13751
438 8210
439 4833
440 904
441 12888
442 9763
443 8140
444 4148
445 7742
446 12888
447 1781
448 7654
449 2016
450 8210
451 461
452 8607
453 4584
453 13751
454 12888
455 12888
456 10764
457 11618
458 8140
459 2917
460 8210
461 5467
462 2160
463 5610
464 4584
464 13751
466 4584
466 13751
467 7980
468 5226
469 10621
470 12888
471 1524
472 5275
473 1322
474 3233
475 13245
477 8210
478 4528
479 12767
480 13648
481 12053
482 6190
483 6413
484 1607
485 8140
486 12888
487 3311
488 12475
489 6864
490 588
491 8140
492 4584
492 13751
493 12980
494 9171
495 7019
497 2026
498 8131
499 8210
500 3897
501 9752
502 8694
503 8210
504 3201
504 11133
505 12888
506 8140
507 8210
508 8210
509 8210
510 6429
511 7742
512 2245
513 8210
514 2203
515 7742
516 11927
517 7742
518 12888
519 8208
520 12888
521 5014
522 12980
523 4584
523 13751
524 904
526 7733
527 12892
528 12888
529 6076
530 8140
531 7176
532 5117
533 3190
534 7448
535 1549
536 9016
538 7922
539 4445
540 10125
541 2223
542 8140
543 10799
544 8913
545 12888
546 5467
547 3035
548 4862
549 12888
550 677
551 4584
551 13751
552 1574
553 4528
554 10615
555 4561
556 4584
556 13751
557 8140
558 4584
558 13751
559 12888
560 3796
561 12888
562 8140
563 3311
564 6009
565 4584
565 13751
566 12888
567 3959
568 12888
569 12961
570 13663
571 8140
572 10000
573 4833
574 12888
575 1799
576 11786
576 3418
577 8210
578 6769
579 5370
580 5370
581 12888
582 8140
583 10575
584 12980
585 8210
586 12888
587 12888
588 4528
589 11953
590 12888
591 5272
592 4377
593 11552
594 5370
595 6277
596 8140
597 7614
598 6951
599 9527
600 4226
600 3479
601 4528
602 5933
603 8705
604 10000
605 4316
606 5210
607 8210
608 9338
609 7583
611 1519
611 5467
612 8856
613 6836
614 8210
615 12888
616 2389
618 2389
619 12888
620 5275
621 4510
622 6315
623 9070
624 6783
625 8210
626 2529
627 12888
628 4810
629 13198
629 1032
630 12888
631 7501
632 8140
633 3183
634 10799
635 12888
636 3658
637 8140
638 12888
639 8140
640 8210
641 6491
642 7899
643 4584
643 13751
644 904
645 904
646 12980
647 12888
648 4862
649 12980
650 10344
651 8210
652 8140
653 12948
654 12475
655 8210
656 12630
657 8431
659 8210
660 8015
662 802
663 12980
664 904
665 9654
666 3507
667 8600
668 11898
669 13067
670 3364
671 12791
672 13454
673 8015
674 7742
675 4862
676 12831
676 13508
677 13081
678 8140
679 8140
680 8210
681 12767
682 8094
683 4331
684 1668
685 9101
687 12888
688 12888
689 5376
690 12888
691 8140
692 8210
693 8109
694 8140
695 9589
696 8210
697 12888
698 8140
699 9120
700 4273
701 2541
702 7661
703 3846
703 7590
704 3549
705 8094
706 904
707 9540
708 6673
708 12888
709 2245
710 13178
711 4573
712 10722
713 8140
714 1302
715 11016
716 12888
717 3654
718 9862
719 12980
720 8015
721 3305
722 11688
723 8210
725 4528
726 12475
727 4366
728 1607
729 1632
730 12888
731 3235
732 10747
733 7229
734 10645
735 8210
736 5253
737 12888
738 12888
739 9251
739 10108
740 12888
741 13706
742 7275
743 13543
743 8479
744 12888
745 10882
746 12888
747 8431
748 4528
749 6769
750 10734
751 6769
752 3486
753 8210
754 6482
755 4584
755 13751
756 9497
757 884
757 1186
759 1524
760 4218
761 12888
762 4584
762 13751
763 4833
764 3183
765 8210
766 4773
767 9251
768 8435
769 9940
770 4896
771 12109
772 8376
773 12888
774 6383
775 7631
776 12888
777 12475
778 8210
779 4862
780 8520
781 3390
781 13102
782 10855
783 992
784 12888
785 11564
786 878
787 3931
788 1218
789 4316
790 12980
791 4975
792 8140
793 12888
794 9733
795 10575
796 1243
797 12888
798 11891
799 12424
800 6789
801 1164
801 7725
802 11950
803 2158
804 8210
805 6076
806 8210
807 8210
808 1543
809 1781
810 10247
811 12888
812 8140
813 4059
814 9579
815 8210
816 9975
817 8210
818 11396
819 5024
820 12888
821 13454
822 12888
823 5174
824 8435
825 904
826 7863
827 12888
828 11168
829 10915
830 3722
831 12475
832 872
833 8140
834 11869
835 5746
836 12767
837 10716
838 4306
839 8140
840 9251
841 8140
842 7597
843 8210
844 4584
845 12767
846 2245
847 6816
847 4399
848 13354
848 12569
849 7742
850 10540
851 3978
852 12888
853 12888
854 6214
854 4357
855 5267
856 12980
857 8140
858 8140
859 8140
860 12888
861 7490
862 6468
863 9654
864 12888
865 13015
866 4205
867 13703
868 13168
869 12475
870 2273
871 4625
872 8210
873 5467
874 12888
875 8210
876 12888
877 13732
878 6769
879 2566
880 8015
881 8140
883 8140
884 7742
885 13529
886 5351
887 8210
888 7131
889 8015
890 10358
891 11584
891 7740
892 8210
893 6907
894 3931
895 12475
896 12888
897 7337
898 12888
899 8476
900 1786
902 12888
903 8210
904 10891
905 8140
906 1524
907 12888
908 1524
909 9064
910 9772
911 10790
912 3340
913 2393
914 12767
915 6802
916 8210
917 12888
918 12623
918 3844
919 12888
920 8324
921 9234
921 12648
922 8210
923 4316
924 8210
925 12844
926 2333
927 12888
928 8210
929 2529
930 12980
932 10915
933 6357
934 8210
935 12888
936 12888
938 4585
939 8210
940 12888
941 4833
942 12888
943 11569
944 12888
945 1781
946 10870
946 5537
947 12888
948 12980
949 11407
950 12980
951 8210
953 9348
955 1644
956 8938
957 12980
958 11740
959 12888
960 9251
961 5392
962 8465
963 12980
964 8210
966 10895
967 5167
968 8210
970 13732
971 9846
972 12466
972 2791
973 11740
974 11215
975 12888
976 7733
978 9875
979 1334
980 11793
981 7628
982 7153
983 11251
984 13732
985 12550
986 7515
987 2289
988 10790
989 12888
990 8140
991 9905
991 6155
992 12888
994 8210
995 12888
996 8210
997 12475
998 3366
999 11304
1000 8210
1001 8140
1002 8140
1003 7077
1004 12888
1006 5869
1007 8227
1008 5185
1009 5424
1010 8210
1011 9511
1012 12888
1013 6778
1013 9226
1014 8210
1015 8210
1016 6009
1017 2906
1018 9590
1019 4045
1020 9696
1021 12980
1022 12888
1023 12751
1024 8927
1025 8140
1026 10645
1027 4306
1028 10915
1029 5280
1030 8140
1031 4584
1031 13751
1032 10932
1033 7381
1034 3971
1035 1524
1036 9733
1037 8850
1038 8176
1039 12888
1040 11759
1041 8210
1042 12783
1043 8993
1044 5712
1045 12888
1046 3200
1047 12888
1048 3305
1049 9654
1051 10026
1052 6574
1053 2205
1054 5326
1055 13371
1056 2897
1057 8210
1058 8140
1059 12056
1060 10064
1062 8210
1063 1500
1064 4238
1065 8140
1066 4773
1067 12888
1069 2191
1070 12597
1071 4010
1073 6223
1074 4549
1075 10395
1076 5174
1076 3210
1077 6724
1078 13109
1079 12888
1080 8210
1081 8547
1082 10799
1083 12888
1084 2507
1084 13580
1085 12475
1086 1262
1087 9560
1088 2937
1089 5505
1090 12888
1091 12888
1092 12888
1093 8210
1094 3796
1095 3722
1096 8874
1097 6530
1098 13735
1099 8210
1100 4316
1101 5467
1101 1772
1102 5368
1103 8251
1104 8140
1105 4727
1107 1487
1108 8140
1109 7742
1111 2245
1112 2748
1113 12888
1114 7597
1115 6204
1116 8210
1117 8925
1117 1306
1118 12888
1119 12903
1120 9788
1121 3035
1122 8210
1123 1607
1124 4528
1125 4528
1126 8210
1127 9641
1128 12475
1129 11647
1130 8489
1131 9733
1132 8140
1133 12888
1134 12888
1135 8210
1135 4528
1136 8435
1137 5688
1138 4862
1139 12888
1140 3364
1141 12888
1142 3591
1143 7987
1144 12888
1145 12888
1146 12888
1147 11679
1148 8579
1149 6500
1150 12888
1151 11662
1152 10847
1153 4585
1154 11733
1156 4528
1158 6372
1159 12757
1160 12888
1161 12888
1162 2401
1163 12888
1164 11526
1165 6216
1166 8210
1166 6875
1167 7293
1168 8210
1169 7160
1170 10399
1171 3676
1172 12888
1173 11953
1174 9008
1175 4584
1175 13751
1176 8094
1177 12958
1178 7742
1179 12888
1180 4528
1181 12888
1182 3183
1183 8210
1184 8988
1185 8210
1187 12888
1188 4584
1188 13751
1189 12888
1190 12888
1192 7168
1193 6574
1194 13500
1195 4387
1196 8267
1197 7363
1199 2371
1200 8210
1201 7010
1202 12261
1203 5914
1205 8656
1206 4344
1207 11759
1208 12479
1209 8210
1210 4135
1211 4584
1211 13751
1212 12980
1213 7059
1214 1689
1215 12888
1216 5373
1219 7742
1220 8546
1221 9744
1222 2668
1223 11597
1224 8856
1225 8140
1226 8210
1227 10198
1228 8140
1229 12888
1230 3722
1231 6052
1233 13284
1234 13276
1235 10043
1237 8140
1238 12980
1239 8210
1240 2650
1240 4561
1241 12888
1242 12888
1243 8210
1244 1524
1245 12888
1246 9633
1247 1781
1248 12888
1249 3267
1250 10575
1251 4833
1252 12888
1253 12980
1254 8140
1255 13703
1256 12475
1257 12888
1258 4584
1258 13751
1259 3759
1260 12980
1261 3722
1262 4182
1263 12888
1264 8210
1265 13328
1266 8210
1267 8210
1268 12892
1269 8210
1270 8140
1272 8210
1273 2862
1273 5258
1275 12888
1276 12888
1277 12888
1278 12888
1279 12888
1280 12479
1281 12888
1282 5236
1284 5085
1285 12888
1286 12554
1287 8210
1288 9251
1289 12059
1290 12888
1291 1799
1292 8140
1294 12475
1295 7229
1296 12888
1297 1799
1298 4862
1299 1607
1300 6294
1301 10790
1302 13046
1303 7378
1304 9348
1305 2891
1306 5467
1307 9098
1308 8140
1309 2415
1310 11849
1311 13017
1312 1607
1313 1668
1315 3680
1316 12475
1317 4584
1317 13751
1318 7597
1319 12888
1320 13345
1321 8140
1322 4862
1323 8210
1324 9165
1325 8210
1326 8210
1327 12788
1328 9446
1329 4445
1330 12888
1331 4528
1332 6951
1333 2245
1334 10997
1335 4932
1336 13387
1338 9776
1339 11030
1340 10759
1341 5407
1342 9882
1343 5705
1344 10895
1345 2695
1346 8140
1347 8210
1348 6769
1348 5154
1349 5512
1349 9772
1350 12475
1351 13723
1352 3978
1353 12767
1354 7929
1355 3978
1357 12475
1358 8140
1359 4862
1360 5727
1361 8140
1362 12475
1363 7604
1364 4306
1365 6718
1366 5899
1366 8704
1367 13501
1368 7797
1369 8065
1370 12888
1371 9536
1372 7010
1373 9251
1374 5366
1375 8210
1376 12475
1377 4398
1379 8210
1380 2245
1381 8210
1382 6625
1383 12888
1384 5392
1385 11849
1387 6723
1388 6149
1389 11417
1390 3311
1391 12888
1392 12980
1393 8140
1394 3722
1397 5034
1398 12522
1399 12475
1400 4862
1401 11725
1402 10896
1403 11176
1405 4045
1406 4833
1407 12597
1408 8856
1409 13066
1410 8210
1411 8222
1412 8210
1413 10799
1414 4705
1415 12888
1416 11439
1417 7429
1418 8210
1419 12888
1420 4335
1421 8324
1422 5677
1423 8140
1424 9915
1425 8210
1426 12888
1427 4684
1428 12475
1429 8140
1430 8140
1431 8514
1432 13335
1432 7152
1433 10697
1434 1524
1435 12888
1436 8210
1437 12417
1438 11373
1439 9251
1440 12980
1441 5668
1442 8210
1443 10790
1444 12888
1445 13385
1446 10790
1447 12888
1448 2120
1449 6065
1450 9128
1451 12888
1452 10149
1453 12980
1454 12888
1455 13102
1456 8210
1457 8616
1458 10688
1460 13168
1461 5719
1462 12888
1463 11759
1465 8140
1466 11983
1467 12888
1468 4584
1468 13751
1469 10747
1470 8210
1471 4528
1472 10909
1472 6875
1473 4833
1474 12888
1475 6586
1476 3096
1477 8210
1478 11526
1479 8140
1480 12892
1481 9074
1482 8210
1483 12509
1484 2026
1485 6736
1486 1513
1487 7742
1488 10960
1489 6387
1490 6302
1491 8210
1492 4584
1493 12888
1494 12888
1495 9716
1496 1607
1497 8140
1500 8903
1501 9177
1502 8210
1503 7609
1504 12537
1505 9251
1506 12980
1507 10050
1508 8140
1509 4584
1509 13751
1510 4218
1511 6311
1512 7378
1513 2704
1514 4898
1515 5556
1516 4528
1517 8140
1518 11646
1519 5392
1520 8140
1521 12888
1522 6897
1523 12537
1524 12888
1527 2161
1528 3959
1529 7059
1529 7628
1530 3722
1531 5370
1532 8580
1533 8711
1533 6064
1534 6081
1535 9772
1536 12540
1537 8210
1538 4584
1538 13751
1539 13603
1540 4498
1541 11396
1542 12888
1543 9708
1544 8210
1545 7583
1546 2026
1547 11688
1548 12888
1549 2182
1550 4584
1550 13751
1551 10612
1552 7293
1553 11299
1554 8877
1555 8140
1556 4625
1557 2937
1558 8210
1559 8210
1561 6381
1562 13177
1563 12475
1564 5085
1565 8210
1566 12980
1567 13723
1568 12888
1569 8210
1570 8094
1571 8140
1572 5161
1573 4822
1576 12950
1577 12888
1578 3906
1579 12980
1580 12888
1581 8140
1583 2779
1584 6179
1585 12888
1586 4010
1587 2245
1588 11876
1589 6655
1589 11683
1590 7957
1591 12832
1592 12888
1593 2673
1594 6117
1594 3042
1595 12888
1596 1781
1597 8407
1597 4507
1598 8589
1598 13420
1599 8140
1600 4862
1601 9183
1602 1662
1603 6669
1604 12980
1605 10770
1605 12888
1606 12888
1607 8435
1608 8210
1609 5370
1610 7742
1611 4584
1611 13751
1612 12980
1614 8210
1615 11336
1615 12888
1616 4898
1617 8140
1618 5253
1619 8210
1620 12544
1621 12163
1622 12888
1623 8140
1624 5370
1625 2668
1626 9307
1627 8140
1628 3886
1629 4862
1630 9694
1631 3418
1631 9808
1632 8210
1633 12706
1634 4822
1635 10915
1636 8724
1636 11490
1637 12888
1638 13420
1639 8140
1641 11000
1642 4833
1643 12888
1645 12888
1646 6210
1647 8210
1648 8140
1649 4944
1650 8549
1651 7137
1652 2228
1655 9498
1656 12944
1657 7627
1658 7756
1661 11625
1662 2389
1663 11814
1664 8633
1665 12036
1666 4584
1666 13751
1667 1956
1668 8094
1669 8210
1670 9858
1671 10267
1672 12888
1673 11711
1674 12550
1674 1822
1675 11759
1676 6352
1677 9675
1678 12980
1679 5275
1680 5050
1681 6002
1681 12230
1682 8210
1683 12163
1684 7466
1685 12888
1686 11840
1687 8210
1689 12892
1691 12888
1692 12888
1693 11217
1694 11011
1695 8112
1697 13506
1698 8091
1699 7816
1700 8210
1701 6968
1702 10399
1703 11308
1704 13102
1705 6103
1706 11022
1707 5869
1708 5538
1709 12888
1710 11803
1712 8140
1713 12475
1714 12888
1716 6907
1717 9251
1718 9125
1719 8429
1720 12888
1721 11827
1722 8140
1723 8210
1724 12888
1725 8210
1727 7742
1728 7601
1729 8140
1730 9607
1731 13054
1732 3722
1733 12888
1734 13703
1735 12475
1736 2647
1737 12888
1738 3657
1739 3033
1740 13551
1741 2807
1743 12888
1744 13420
1745 4584
1745 13751
1746 13647
1747 5199
1748 9478
1749 8210
1750 3199
1752 9511
1753 11365
1754 12449
1755 1781
1756 12661
1757 10891
1758 4584
1758 13751
1759 3031
1760 8210
1761 8210
1762 12888
1763 6725
1764 9772
1765 7131
1766 8094
1767 8210
1768 12944
1768 4913
1769 12888
1771 4528
1772 5610
1773 8210
1773 12888
1774 12888
1775 2096
1776 4445
1777 4231
1778 5625
1779 10790
1780 12888
1781 10790
1782 12888
1783 6426
1784 8210
1785 7168
1786 4316
1787 8210
1788 7995
1789 2673
1790 12888
1791 2389
1792 12831
1793 12888
1794 13732
1795 8140
1796 6963
1797 1818
1798 12475
1800 8210
1801 12475
1802 12888
1803 12980
1804 12475
1805 12888
1806 2127
1807 12999
1808 13529
1809 4445
1810 4327
1811 8210
1812 8251
1814 2156
1814 6021
1815 8210
1818 8567
1819 12195
1820 11308
1821 7866
1822 4528
1823 3046
1824 4182
1825 12888
1826 12888
1828 7053
1830 2205
1831 13147
1833 11101
1834 3257
1835 8567
1837 7271
1838 8140
1839 12475
1840 4584
1840 13751
1841 4050
1842 13278
1843 9654
1844 8140
1845 9772
1846 8011
1847 4584
1847 13751
1848 9733
1849 7742
1850 6971
1850 5290
1851 9846
1853 9453
1854 4445
1855 8741
1856 12888
1857 1958
1858 8435
1859 12888
1860 13603
1861 5232
1862 13521
1863 5131
1864 12475
1865 4412
1866 6928
1868 6129
1869 11504
1870 6426
1871 4528
1872 10986
1873 4862
1874 8210
1875 12739
1876 2026
1877 2200
1878 4766
1879 9616
1880 13654
1880 12487
1881 13306
1881 10251
1882 2096
1883 12747
1884 3697
1885 3978
1886 8210
1887 12888
1888 11688
1889 9336
1890 2304
1891 8140
1892 5668
1894 9657
1895 5992
1896 4445
1898 8210
1899 9561
1900 11320
1901 13483
1902 12888
1903 4862
1905 4366
1906 11736
1906 6197
1908 9772
1910 13454
1911 2731
1912 5789
1913 2758
1914 7446
1915 8210
1917 3978
1918 6565
1919 2389
1920 8210
1921 10036
1922 6243
1923 8210
1924 11627
1925 8140
1926 12888
1927 7880
1929 4775
1930 2314
1931 12888
1932 12980
1933 2730
1934 9716
1935 4954
1936 12888
1937 12888
1938 7733
1939 4522
1940 5488
1941 4528
1942 12475
1943 13386
1944 3233
1946 12888
1947 13058
1948 5185
1948 3661
1949 12888
1950 12658
1951 11679
1952 2506
1954 12888
1955 8210
1956 3722
1957 2245
1958 12505
1959 6769
1960 13379
1961 9008
1962 13631
1963 7495
1964 10251
1965 8740
1966 12103
1967 2280
1968 12888
1969 2080
1970 12980
1970 7721
1972 4862
1973 8435
1974 5688
1975 8210
1976 2664
1978 12888
1980 12888
1981 11674
1982 8251
1983 8210
1985 12767
1986 10645
1987 5688
1988 5200
1991 8210
1992 12888
1994 12888
1995 4528
1996 7902
1997 13521
1998 7765
1998 3221
1999 2175
2000 12475
2001 5811
2002 5186
2002 11059
2003 8210
2004 5020
2005 4445
2006 8656
2007 8210
2008 11711
2009 8376
2011 4445
2013 8140
2015 5625
2017 4182
2018 5706
2019 8210
2020 2368
2023 5686
2024 2748
2026 13162
2027 8210
2028 4584
2028 13751
2029 7405
2031 4862
2032 4584
2032 13751
2034 8210
2037 13330
2038 8210
2039 8856
2040 8140
2041 9565
2042 4218
2043 9865
2044 7742
2045 12061
2045 4923
2046 12475
2047 3374
2048 8140
2049 9772
2050 8210
2051 8000
2051 2121
2052 8140
2053 2617
2053 7621
2054 9251
2056 2748
2057 13732
2058 5843
2059 5941
2060 13706
2061 7256
2062 7742
2063 8934
2064 8210
2066 6697
2067 8435
2068 10855
2069 4625
2070 2359
2071 8140
2072 6910
2073 8210
2076 2560
2077 12888
2078 8210
2079 8210
2080 12767
2082 8872
2083 12888
2084 4238
2085 4584
2085 13751
2086 5392
2087 12888
2088 12888
2089 8210
2090 11860
2091 5503
2092 7241
2093 8210
2094 6769
2098 12888
2099 8140
2100 7419
2102 12888
2103 4584
2103 13751
2104 12888
2105 11373
2106 5486
2107 9975
2108 8210
2109 8210
2110 2932
2111 2598
2112 10531
2113 11037
2113 12888
2114 4862
2115 8094
2116 12196
2118 7995
2119 8856
2120 11168
2122 8140
2123 4412
2124 8210
2126 7010
2127 9675
2128 8899
2129 9373
2130 5131
2131 8934
2132 11011
2133 2409
2134 12888
2135 5275
2136 9251
2137 12888
2138 8210
2139 2353
2141 6351
2142 3722
2143 3672
2144 11395
2145 8140
2146 8140
2147 10492
2148 8140
2149 7490
2150 7928
2151 12888
2152 3041
2153 8210
2154 12888
2155 5278
2156 8140
2157 8140
2158 5966
2159 12888
2160 11420
2161 4822
2162 11922
2163 4356
2164 3467
2165 10779
2166 10461
2167 6194
2168 6547
2169 12888
2170 12475
2171 8210
2172 8210
2173 12888
2174 7568
2175 5275
2176 12888
2177 12888
2178 11137
2179 4862
2180 11679
2181 12980
2182 10356
2184 4862
2185 12888
2186 8504
2188 3447
2189 2917
2190 12888
2191 12475
2192 7597
2193 8094
2194 6072
2195 4518
2196 2394
2196 10745
2197 5085
2198 13379
2201 8050
2202 10531
2203 12642
2204 4263
2205 6277
2206 8140
2207 12888
2208 6399
2209 2389
2210 2566
2211 8210
2212 7601
2213 12888
2214 4182
2215 8210
2216 8140
2217 13562
2218 5467
2219 7385
2220 8856
2221 3033
2222 7010
2223 9216
2224 12888
2225 8140
2226 12888
2227 10239
2229 12888
2230 4178
2231 8251
2232 4515
2233 7718
2234 8210
2235 12888
2236 8210
2237 12656
2239 11849
2240 8018
2241 8210
2242 7365
2247 8140
2248 2748
2249 3319
2250 4584
2250 13751
2251 11698
2252 12888
2253 8210
2255 12888
2256 8210
2257 12888
2258 3183
2259 12888
2260 10645
2261 8140
2262 12888
2263 4558
2264 4932
2265 6719
2265 12263
2266 8653
2267 9772
2268 6825
2269 5973
2270 4585
2272 12980
2273 7718
2274 8140
2275 4781
2277 7212
2278 7995
2280 7742
2281 4862
2282 13070
2283 10710
2284 3845
2285 2460
2286 12053
2287 8140
2288 8210
2289 3710
2290 2595
2291 8140
2292 4584
2292 13751
2293 12888
2294 8210
2295 5556
2296 10885
2297 3829
2298 4503
2299 8140
2300 12888
2301 7984
2302 3820
2303 12258
2304 13387
2306 6096
2307 10942
2308 6769
2310 8210
2311 8251
2312 13521
2313 3672
2314 12980
2315 4585
2316 8210
2317 12888
2318 10846
2318 3926
2319 4862
2320 8140
2321 12819
2322 12980
2323 8210
2324 12888
2325 12791
2326 8210
2327 9656
2328 12999
2329 12888
2330 4584
2330 13751
2331 7171
2332 13529
2333 9694
2334 13454
2336 10072
2337 4584
2337 13751
2338 12888
2339 8872
2341 13506
2342 3337
2343 12888
2344 8210
2346 4584
2346 13751
2347 12888
2348 2616
2349 7102
2349 10499
2350 9569
2351 8210
2352 8210
2353 3886
2354 2748
2355 5275
2356 8210
2357 8210
2358 12888
2359 10175
2360 6748
2361 10891
2362 5698
2363 3722
2364 4182
2365 12767
2366 5367
2367 5668
2368 11195
2369 4775
2370 12888
2371 10882
2372 3275
2373 3233
2374 8140
2375 10006
2376 9772
2377 8210
2378 8210
2379 3756
2380 9251
2382 12888
2383 11759
2385 12888
2386 5688
2387 12888
2388 8140
2390 12888
2391 4366
2392 12888
2393 8366
2394 4793
2395 10569
2396 12888
2397 9371
2398 9942
2398 11596
2399 7631
2400 4642
2402 12179
2403 11759
2404 9246
2405 3845
2406 12475
2409 6769
2411 7742
2412 6611
2413 11674
2414 8210
2415 3865
2416 10557
2417 4200
2419 6937
2420 9338
2421 9949
2422 8140
2423 4822
2424 8376
2425 7863
2426 8376
2427 10069
2428 6750
2429 12888
2430 12888
2431 9149
2432 8210
2433 10358
2435 4942
2435 5513
2436 7742
2437 13521
2438 12888
2440 12888
2442 12888
2443 4862
2445 11439
2446 6421
2447 7243
2448 12888
2449 8210
2450 12888
2451 12888
2452 5952
2453 12948
2455 6277
2456 13262
2457 8210
2458 12832
2459 8094
2461 8140
2462 8912
2463 4178
2464 6783
2465 11407
2467 11793
2468 9772
2469 11898
2470 3995
2471 13483
2472 13705
2473 11766
2474 12277
2474 4510
2475 12888
2476 8140
2477 12888
2478 12888
2479 12767
2480 8140
2481 11176
2482 12888
2483 8199
2484 12892
2485 13547
2486 12888
2487 8140
2489 7416
2490 8210
2491 8140
2492 12661
2493 8210
2494 11952
2497 12888
2498 10799
2499 4584
2499 13751
2500 8210
2501 8210
2502 4862
2503 12767
2504 8170
2505 9708
2506 3171
2507 12888
2508 4833
2510 8145
2511 12104
2512 12888
2514 3654
2515 4584
2515 13751
2516 9251
2517 5205
2518 8140
2519 8140
2521 11035
2521 10264
2522 7080
2523 5698
2524 4987
2525 12888
2526 6823
2527 9251
2528 9772
2530 3935
2532 13454
2533 4584
2533 13751
2534 12888
2535 9808
2536 8140
2537 8210
2538 12888
2539 8210
2540 11674
2542 8210
2544 4528
2545 6194
2546 10947
2547 10853
2548 6564
2549 6783
2550 12888
2552 8445
2553 12888
2554 13732
2555 3912
2556 4238
2557 8140
2558 6233
2559 11011
2560 2574
2561 7742
2562 12888
2563 12888
2564 12230
2565 8823
2566 3425
2567 10660
2568 7308
2569 3747
2570 12980
2571 8210
2572 8210
2573 12888
2574 4822
2575 10358
2576 8216
2577 8210
2578 8210
2579 3089
2581 7597
2582 12710
2583 13529
2583 8210
2584 8210
2585 3364
2586 11171
2587 4148
2588 8210
2589 8140
2590 11768
2591 12888
2593 8140
2594 12321
2595 4606
2597 8251
2600 13521
2601 8210
2602 13647
2603 4316
2603 5286
2604 11101
2605 10759
2606 3443
2607 4833
2608 6928
2609 13169
2610 3161
2611 8210
2612 10452
2613 8210
2614 13168
2615 4862
2617 4528
2618 12888
2619 3722
2621 6907
2622 8140
2623 4522
2624 7301
2625 13501
2626 8525
2628 9875
2629 8210
2630 13494
2631 7751
2632 12888
2633 9697
2634 8366
2635 12888
2636 10953
2637 12449
2638 5437
2639 9087
2640 4852
2641 6390
2643 9772
2644 4584
2645 8640
2646 4584
2646 13751
2647 3425
2648 13330
2651 8210
2652 4528
2654 5073
2654 3452
2655 12888
2656 8140
2658 10088
2659 11953
2660 10355
2662 12888
2663 4584
2663 13751
2664 10997
2665 12064
2666 2687
2667 3233
2668 8210
2669 4584
2669 13751
2670 12888
2672 12888
2673 12980
2674 12888
2675 12888
2676 8030
2678 11475
2680 8519
2680 6260
2681 8210
2682 4788
2683 3123
2684 5370
2685 7742
2686 8210
2688 12888
2689 8210
2690 12888
2691 9118
2692 8140
2693 12980
2694 5874
2695 8960
2696 4584
2696 13751
2700 13616
2700 8199
2701 8140
2702 12888
2703 12980
2706 6466
2707 4351
2707 4155
2708 13372
2709 3523
2710 8210
2711 8210
2712 13648
2713 12888
2714 7283
2714 7735
2715 12888
2716 9897
2717 9465
2718 8034
2719 6316
2720 8140
2721 4584
2721 13751
2723 11439
2724 6890
2726 11759
2727 5954
2728 8140
2729 5467
2732 9471
2733 3796
2735 11850
2735 7742
2738 12888
2739 7980
2740 8220
2741 3759
2742 8210
2743 4843
2744 8210
2745 8872
2746 12856
2748 12980
2749 7920
2750 8210
2751 8435
2752 3096
2753 8210
2754 13454
2755 12888
2756 4583
2757 4584
2757 13751
2758 12475
2759 4423
2760 4833
2761 8251
2762 8210
2763 3978
2764 8210
2765 12888
2766 8210
2767 8140
2768 12888
2769 6892
2770 8140
2771 4412
2772 8210
2773 10408
2774 3516
2775 6618
2776 12888
2777 13615
2778 4182
2779 3408
2780 8210
2781 12888
2782 12980
2783 10359
2784 5379
2786 8210
2788 10882
2789 12888
2790 10026
2791 8210
2793 5843
2794 12888
2795 4584
2795 13751
2797 2991
2798 12929
2799 12888
2800 9561
2801 8210
2803 9478
2804 4584
2804 13751
2805 6786
2806 8666
2807 8140
2808 8140
2809 13109
2810 10088
2811 8140
2812 4584
2812 13751
2813 8640
2814 11766
2815 5034
2816 4584
2816 13751
2818 8874
2819 7742
2820 13521
2821 6907
2822 6149
2823 8365
2823 12179
2824 12980
2826 4428
2827 12961
2828 13751
2829 11821
2830 11136
2831 10734
2832 6467
2833 11526
2835 4862
2836 8210
2839 7378
2840 11896
2841 4425
2842 8140
2843 10915
2844 6186
2844 13471
2845 12888
2846 8210
2847 9149
2848 8140
2849 12980
2850 5049
2851 12888
2852 5422
2853 8210
2854 12888
2855 8435
2856 8210
2857 12888
2858 6825
2859 12980
2860 4584
2860 13751
2861 13732
2863 8210
2864 12888
2865 13109
2866 8210
2868 4503
2869 12888
2870 12706
2871 12888
2872 12449
2873 13738
2874 11518
2875 12888
2876 4625
2877 6928
2878 5651
2879 11898
2880 12293
2881 10873
2882 4584
2882 13751
2883 4584
2883 13751
2884 12888
2885 11971
2886 7742
2887 12888
2888 12069
2889 3901
2890 12540
2891 8903
2892 8210
2893 8210
2894 12888
2895 7724
2896 4528
2898 5842
2899 8210
2900 4833
2901 9104
2902 13547
2903 4821
2904 4584
2904 13751
2905 13521
2906 10710
2907 4476
2908 6937
2909 12888
2910 12888
2911 9446
2913 10387
2914 11258
2915 8210
2916 5239
2917 10790
2918 12888
2919 10747
2920 8210
2921 12980
2922 8210
2923 8210
2924 10531
2925 7436
2926 12888
2927 8210
2928 3600
2929 8210
2930 8210
2931 9865
2932 10942
2933 12375
2935 9764
2936 11711
2937 12475
2939 12980
2940 12888
2942 12402
2942 11774
2943 5688
2944 12888
2945 8140
2947 6009
2948 12888
2949 12948
2950 4999
2950 9567
2951 8210
2952 9053
2952 13387
2953 6243
2954 12888
2955 8210
2956 12888
2957 6518
2959 4862
2960 10355
2961 6522
2963 3309
2963 12517
2964 11684
2965 8210
2966 3653
2967 4331
2968 9674
2969 8210
2970 12888
2971 11270
2972 10675
2973 4498
2974 13239
2975 6149
2976 12888
2977 12767
2978 12888
2979 6902
2980 4200
2982 3789
2983 4707
2984 8140
2985 10799
2988 12888
2989 8210
2990 5376
2991 8667
2992 11526
2993 4584
2993 13751
2994 9915
2995 8210
2996 8210
2997 12258
2998 12888
2999 7168
3000 8140
3001 11395
3002 6120
3004 3527
3004 13705
3005 6678
3006 4065
3007 6120
3008 10790
3009 8210
3010 12888
3011 8140
3013 6359
3014 12767
3015 10181
3016 12888
3017 7304
3018 7385
3019 7742
3020 4182
3022 12888
3023 10531
3024 8823
3025 11519
3026 11470
3027 8210
3028 12888
3029 10654
3030 10214
3031 8286
3032 8140
3034 13426
3035 4445
3036 9696
3037 13743
3038 8210
3039 10915
3040 11953
3042 9251
3043 4584
3043 13751
3044 9251
3045 3978
3047 13663
3048 4528
3049 4528
3050 3549
3052 4178
3053 3541
3053 4798
3055 12692
3056 6928
3057 13723
3058 11688
3059 4211
3060 12362
3061 4879
3062 11627
3064 8210
3065 12888
3067 8210
3068 12888
3069 6759
3070 4678
3071 5275
3073 8580
3074 6120
3075 5869
3076 9251
3077 10437
3078 11185
3079 13732
3080 8210
3081 3233
3082 12888
3083 3498
3084 8210
3085 8210
3086 13420
3087 3496
3088 12888
3089 12888
3090 12888
3093 8094
3094 7168
3095 8903
3096 8872
3097 7211
3098 8210
3099 11898
3101 9251
3103 5740
3105 6491
3106 8699
3107 12888
3108 7631
3109 8210
3110 8210
3112 12888
3113 6335
3115 11898
3117 8571
3118 12417
3119 3709
3120 5185
3121 8059
3122 9611
3123 11317
3125 12475
3126 6351
3127 5131
3129 8210
3130 8140
3131 7984
3132 4316
3133 7718
3134 12888
3135 12475
3136 12166
3138 4528
3139 12888
3140 9160
3141 6065
3142 8103
3143 13721
3144 10654
3145 8140
3146 8210
3147 12888
3148 12980
3149 11569
3150 8140
3153 7733
3154 8140
3155 12888
3156 12888
3157 12475
3158 4606
3159 12888
3160 9915
3161 12196
3163 7495
3164 12277
3165 12888
3166 7794
3166 6875
3167 12888
3168 8210
3169 11896
3170 4862
3173 12774
3174 8140
3175 12017
3176 8210
3177 12888
3178 4796
3179 4278
3181 4443
3182 5253
3183 12540
3184 12888
3185 8470
3187 6064
3188 10799
3189 8210
3191 4775
3192 7495
3193 5032
3194 12888
3195 11361
3197 12767
3198 8270
3199 12888
3201 8210
3202 10799
3203 8210
3204 8210
3205 8210
3206 6247
3208 8210
3210 11526
3211 5571
3212 6968
3213 3271
3214 4412
3216 13063
3217 5253
3218 8210
3219 12475
3220 9536
3221 7579
3222 12888
3224 5185
3225 12888
3226 3385
3229 4315
3230 12888
3231 4821
3232 11998
3234 4528
3235 12980
3236 10988
3237 5434
3238 12240
3239 3722
3240 4584
3240 13751
3241 10251
3243 13313
3244 6103
3245 8210
3246 8427
3247 8705
3249 12197
3250 4329
3251 12417
3254 12358
3256 8210
3257 12888
3258 3946
3259 8216
3260 6928
3261 3271
3263 12980
3264 8924
3265 5843
3266 7168
3268 7914
3269 6223
3272 12980
3273 8210
3274 4101
3275 12888
3276 9122
3277 5008
3278 8140
3280 12888
3281 12888
3282 6759
3283 8210
3284 12888
3285 12888
3286 11395
3288 3496
3288 9280
3289 12980
3290 12888
3291 11196
3292 11577
3293 10445
3294 8210
3295 12767
3296 4625
3297 8094
3298 12888
3299 8607
3301 3956
3302 5967
3304 5185
3305 7212
3306 12888
3309 3722
3310 7475
3311 10531
3312 12888
3313 5610
3314 6769
3316 12944
3317 8210
3318 11953
3320 4387
3321 7405
3322 4306
3323 12888
3325 13137
3326 8823
3327 6877
3327 4516
3328 12888
3329 8140
3330 7776
3331 12888
3332 4932
3333 12888
3334 3401
3335 9073
3335 8051
3336 12888
3337 8435
3338 3425
3339 12888
3340 4862
3341 8511
3342 4522
3343 10484
3344 4337
3345 12508
3346 8210
3347 8140
3348 8210
3349 4585
3350 8856
3351 8210
3352 12888
3354 8210
3355 8210
3356 4584
3356 13751
3358 6991
3362 12767
3363 9471
3364 10915
3365 4747
3366 8210
3367 7742
3368 4528
3369 9733
3370 7168
3371 4528
3372 12888
3374 12888
3375 8987
3377 8128
3378 8210
3379 11733
3380 8140
3381 8210
3382 4862
3384 8210
3385 7742
3386 8938
3387 12888
3388 4020
3389 4492
3390 8480
3392 12888
3393 13168
3395 3600
3396 13454
3396 9527
3397 12007
3399 11407
3400 11444
3402 12888
3403 12475
3405 7597
3406 11492
3408 11733
3409 8874
3410 12888
3411 6005
3412 5322
3413 12888
3414 5370
3415 5500
3416 8056
3417 10853
3419 12888
3420 13500
3421 12888
3422 10998
3423 12888
3424 5688
3427 6101
3428 12888
3430 4862
3431 8140
3432 8612
3434 13426
3435 8210
3436 8210
3437 8210
3438 4445
3440 7742
3442 8597
3444 4833
3445 7010
3446 8140
3447 12475
3448 7980
3449 13046
3450 8210
3451 5452
3452 12888
3453 4182
3454 6548
3455 12273
3456 5828
3457 8541
3458 4584
3458 13751
3460 5471
3461 6813
3462 9515
3464 8210
3465 8140
3466 8448
3468 10645
3469 9772
3470 4528
3471 9843
3472 3887
3474 12831
3475 8210
3476 9915
3477 3836
3478 4584
3479 12475
3480 8210
3481 9093
3483 12888
3484 12980
3485 4584
3485 13751
3486 12541
3487 4316
3487 13117
3488 8011
3489 4576
3490 13109
3491 7726
3493 7025
3494 8140
3495 12980
3496 8844
3497 11604
3498 8431
3499 4316
3500 4528
3501 3747
3504 8201
3505 8094
3506 8874
3508 8210
3509 3697
3510 8429
3511 5688
3512 4582
3513 8140
3514 8201
3515 4528
3516 5435
3517 6399
3518 9251
3520 8000
3522 12980
3524 5598
3525 13593
3526 12417
3528 6383
3528 12577
3529 12791
3530 8210
3532 12195
3533 12987
3535 12475
3536 12980
3537 7840
3538 13159
3539 8140
3540 8712
3542 8210
3543 7914
3544 8267
3545 4891
3551 11679
3554 4615
3555 4584
3555 13751
3556 12980
3557 6600
3560 6224
3560 5929
3561 11899
3562 4584
3562 13751
3563 12767
3564 10660
3565 11759
3566 13423
3567 9536
3568 12757
3569 12888
3570 4862
3571 10116
3572 8079
3573 8626
3574 6894
3576 8210
3577 12888
3578 8210
3580 8140
3581 8210
3582 5766
3583 4584
3583 13751
3584 12888
3585 6076
3586 11934
3587 12888
3588 8210
3590 8365
3590 12179
3592 11059
3593 4862
3594 8376
3595 8660
3596 12888
3597 13521
3598 8140
3600 5910
3602 11898
3603 8210
3604 8210
3605 5024
3607 4270
3608 6179
3609 5486
3610 9646
3611 12642
3612 8210
3613 8210
3614 12888
3615 12888
3617 12980
3618 8549
3619 8210
3621 12888
3622 12819
3623 12888
3624 4862
3626 10790
3628 12888
3629 8140
3631 5600
3632 12980
3633 9251
3634 9251
3635 12888
3637 7097
3638 12449
3639 10952
3640 4932
3641 12888
3642 10419
3644 10777
3645 8140
3646 12888
3647 7076
3648 8896
3648 6689
3649 8140
3650 8210
3652 7902
3653 8705
3654 9472
3655 4584
3655 13751
3656 7742
3657 12417
3658 5973
3659 4862
3661 3790
3662 4584
3662 13751
3663 5933
3664 13732
3665 10266
3666 12783
3666 8153
3667 12888
3668 12293
3670 10692
3671 12888
3672 8705
3673 12888
3674 6759
3675 11302
3677 12888
3678 13647
3679 4455
3681 8140
3682 9772
3683 4883
3684 8140
3685 5833
3686 11740
3687 12980
3688 11759
3689 12888
3690 4116
3691 8210
3692 12888
3693 10612
3694 5376
3695 8140
3697 8222
3698 10064
3699 11308
3700 11759
3701 4595
3703 5392
3706 8210
3707 12888
3709 7597
3711 8938
3712 7862
3713 9764
3714 8210
3715 12888
3716 8140
3717 12230
3719 8210
3720 6147
3721 12888
3722 11792
3723 6319
3726 6565
3727 12888
3728 8210
3729 11221
3730 9540
3731 8210
3732 8239
3733 12888
3734 8210
3735 12123
3736 4528
3737 5582
3738 8210
3741 8140
3742 4584
3742 13751
3743 6369
3744 12888
3745 7614
3746 13152
3747 8210
3750 4821
3751 9251
3752 12888
3753 12888
3754 12888
3755 10988
3755 5925
3756 12751
3757 12980
3759 7626
3761 9145
3762 12581
3763 4862
3764 4584
3764 13751
3765 6746
3766 4528
3767 5370
3769 4503
3769 11899
3770 13646
3771 12888
3772 11186
3774 8140
3777 4584
3777 13751
3778 12231
3779 9478
3781 7960
3782 12767
3783 8210
3784 7324
3785 4528
3786 7794
3786 6875
3787 6277
3788 13168
3789 8140
3790 8140
3791 4652
3792 7293
3793 12767
3793 11716
3794 12888
3795 7072
3796 9683
3797 10120
3798 8210
3799 4862
3801 8140
3803 5370
3804 8210
3806 8856
3807 8210
3808 12888
3809 5264
3809 10426
3811 8140
3813 3824
3815 4644
3818 4584
3818 13751
3819 12888
3820 8210
3823 4316
3824 8230
3825 8140
3826 5358
3827 8934
3828 11759
3829 10645
3830 6224
3831 12888
3832 8823
3833 4896
3834 12980
3835 8210
3837 10645
3839 12980
3841 4584
3841 13751
3842 13703
3843 8037
3844 8140
3845 8140
3846 12449
3847 8210
3848 6648
3849 12258
3850 13454
3851 5698
3852 5828
3856 12888
3857 4337
3859 8140
3860 5370
3861 9764
3862 8210
3863 9772
3866 13516
3867 12888
3868 12888
3869 8210
3870 5910
3871 12888
3872 8247
3874 8210
3876 5795
3877 8210
3879 8856
3880 12888
3881 10368
3882 13245
3883 4528
3884 12888
3886 12970
3887 12888
3890 8140
3891 6149
3892 4862
3893 8210
3894 10603
3896 4862
3897 8016
3899 11891
3900 13521
3901 4182
3902 12888
3902 12475
3903 4862
3905 7010
3906 8231
3907 4661
3910 12888
3911 11025
3911 13303
3912 6134
3913 4528
3914 8210
3915 8210
3916 8140
3917 8140
3918 9064
3919 12888
3920 6501
3920 6537
3921 12038
3922 13247
3923 8108
3924 12888
3925 6294
3926 8210
3927 9511
3929 8140
3930 10603
3931 8210
3933 8210
3934 12543
3935 4437
3936 12888
3937 12018
3939 13284
3940 12475
3942 5584
3944 12888
3945 12888
3947 13569
3948 10517
3949 8435
3951 12888
3952 6630
3953 5205
3954 12888
3955 10790
3957 8210
3958 12888
3959 12888
3961 4563
3962 12888
3963 5253
3965 12888
3966 9424
3967 11005
3967 11607
3968 4528
3969 8176
3970 8210
3971 11526
3972 5467
3973 13372
3974 8210
3975 11898
3976 10000
3977 9110
3979 8210
3980 12888
3981 10667
3982 7131
3983 13335
3987 7597
3988 8140
3989 12475
3990 8210
3991 9149
3992 12980
3993 7722
3995 12888
3997 6026
3998 9087
3999 5030
4000 12888
4002 10150
4002 8856
4003 5610
4005 12888
4006 12888
4008 12888
4010 6277
4011 8435
4012 10113
4013 12888
4014 12605
4016 12773
4017 5571
4019 8140
4020 8435
4021 5370
4023 9764
4024 12475
4025 13237
4026 9251
4027 9619
4027 4614
4028 10629
4029 12757
4030 12802
4031 4862
4032 13732
4033 13035
4036 4584
4036 13751
4037 6218
4038 10479
4039 11867
4040 11504
4041 8210
4042 8210
4043 7352
4044 4528
4045 6277
4046 10853
4048 8210
4049 10764
4050 4182
4051 7971
4052 5370
4054 5275
4055 4528
4056 12888
4057 8210
4058 4884
4059 12888
4061 7045
4062 12888
4063 8210
4064 12888
4067 12888
4068 7453
4069 8210
4070 13379
4072 12888
4073 9563
4074 8210
4075 12888
4076 4584
4076 13751
4077 8140
4078 6928
4079 8484
4079 12985
4081 6832
4082 10645
4083 12888
4085 8210
4087 8210
4088 12888
4090 7928
4091 12888
4093 8210
4094 12258
4096 12888
4097 10531
4098 8140
4100 8210
4101 10198
4102 5983
4103 8140
4104 4584
4104 13751
4105 7742
4106 4584
4106 13751
4108 12888
4109 9616
4110 9251
4112 11427
4112 10747
4113 13066
4114 4705
4115 12888
4116 13732
4117 12599
4118 8724
4119 12888
4120 9251
4121 6857
4122 5953
4123 12980
4127 12888
4128 13109
4130 8226
4131 8140
4132 10419
4132 12783
4133 12888
4135 8210
4136 4584
4136 13751
4137 4583
4138 5791
4138 8251
4139 12888
4141 9346
4142 12888
4143 12929
4144 11126
4146 5370
4147 11204
4151 5651
4152 6381
4153 9982
4154 8210
4156 12980
4158 8210
4159 10645
4160 5232
4161 4862
4162 9251
4163 8936
4164 7453
4165 8210
4166 7378
4167 6898
4167 6004
4168 12980
4171 8140
4172 4862
4173 8140
4174 12888
4175 8210
4179 4726
4180 4836
4181 8210
4182 8435
4184 12888
4185 8210
4186 12036
4187 7010
4188 6747
4189 12888
4191 4528
4193 4584
4193 13751
4194 10734
4196 9356
4197 4520
4198 12888
4199 8140
4200 4238
4201 12980
4202 6499
4203 12888
4204 8210
4205 11688
4206 4862
4207 4545
4208 8210
4210 8210
4214 8210
4215 4238
4216 10882
4217 5880
4218 8140
4219 8140
4222 8210
4223 6894
4224 8140
4226 12888
4227 12230
4228 12475
4229 9331
4231 8094
4232 7740
4234 4584
4234 13751
4235 8210
4236 12888
4237 9569
4238 5933
4239 12479
4240 12432
4241 4316
4242 10399
4243 7526
4244 7922
4246 7984
4248 12888
4249 7010
4250 8210
4251 12888
4252 7385
4253 8210
4254 9884
4256 4528
4257 12888
4258 5185
4258 12888
4259 8210
4261 9360
4262 9772
4263 7440
4264 8210
4265 7064
4266 4412
4267 7500
4268 8210
4269 12980
4271 11116
4272 12888
4273 6243
4275 12888
4277 5698
4280 8210
4281 8210
4282 6296
4286 8431
4287 10251
4288 6362
4291 13058
4293 6980
4297 12888
4298 7742
4299 8094
4300 12888
4301 12888
4302 6373
4303 12888
4304 12020
4307 6935
4308 5253
4309 8210
4312 4584
4312 13751
4313 5014
4315 12888
4316 8140
4317 8140
4318 10091
4319 8872
4320 12888
4321 8190
4323 4584
4323 13751
4325 13278
4326 8823
4327 7154
4328 6769
4331 4412
4332 10490
4334 12980
4336 11674
4338 5014
4339 4583
4340 8889
4342 8210
4343 12888
4344 12980
4346 10945
4347 12888
4348 8140
4349 8140
4350 12801
4352 10243
4353 5205
4354 12888
4355 10467
4357 6214
4358 10722
4360 4584
4360 13751
4362 8323
4363 10952
4364 5161
4365 6233
4368 8210
4369 9576
4370 13751
4371 4522
4372 4522
4373 13529
4374 8227
4375 7378
4377 12767
4378 4915
4381 10645
4383 8210
4384 6009
4385 5665
4386 12888
4389 12888
4390 11929
4391 5843
4392 13153
4393 12888
4394 8210
4395 11759
4396 11536
4397 4862
4398 8140
4399 12767
4400 6894
4400 11896
4401 8210
4402 11186
4404 8140
4405 12980
4406 12189
4408 8210
4409 8210
4410 12888
4411 12225
4412 12888
4413 8140
4414 4842
4416 12475
4417 12475
4419 7164
4420 8210
4421 8210
4422 8140
4423 6426
4424 12888
4425 8140
4426 9252
4427 4862
4428 8227
4429 4445
4430 8694
4431 11023
4434 5740
4435 8210
4437 10251
4440 12475
4441 8210
4443 12888
4445 10716
4446 4807
4447 8210
4448 10251
4449 7456
4451 9772
4452 5376
4453 12888
4454 8210
4456 8050
4457 12176
4457 12676
4458 8210
4464 5662
4465 7742
4466 4606
4468 12888
4469 12767
4470 10883
4471 8210
4472 12888
4473 8210
4474 12832
4475 8210
4476 8503
4478 4584
4478 13751
4479 7742
4480 6857
4481 6769
4482 11526
4483 8140
4485 8210
4486 12888
4487 9697
4488 8276
4489 12980
4491 12888
4492 11953
4493 11133
4494 10175
4496 6789
4497 4862
4499 11953
4501 8210
4502 6977
4503 12888
4504 8210
4505 12888
4507 11814
4508 11405
4508 5144
4509 8617
4510 10039
4511 12432
4512 8872
4513 4584
4514 4584
4515 11504
4516 6877
4517 13130
4518 7131
4519 13521
4520 8140
4521 5059
4523 12888
4525 8042
4526 8210
4528 8140
4529 9654
4530 8210
4531 4862
4534 9536
4535 8856
4536 5402
4537 12888
4538 4822
4540 12888
4542 8427
4543 12888
4544 12980
4545 9446
4546 8210
4547 7003
4548 8276
4548 13308
4549 9702
4550 12888
4551 9465
4552 10125
4552 7570
4553 9112
4554 12888
4555 8210
4556 10452
4557 12947
4559 6359
4560 7850
4561 9702
4562 8210
4563 12888
4564 7378
4565 10574
4566 10294
4567 9425
4568 5965
4569 8140
4570 12475
4571 12980
4572 5160
4573 6802
4575 4833
4576 13647
4577 5161
4578 9409
4579 8094
4581 12888
4582 12888
4583 9314
4585 8140
4586 9373
4587 9755
4588 5370
4590 12449
4591 9963
4592 12888
4597 4630
4598 11688
4599 6493
4600 4948
4601 8140
4602 11688
4604 13721
4604 6766
4605 12888
4607 13327
4608 5871
4611 8856
4612 8163
4613 8210
4615 8210
4616 10490
4617 12888
4619 4668
4620 7168
4621 12980
4622 8210
4623 12888
4625 11759
4628 10645
4630 12888
4631 4737
4632 13003
4634 7378
4635 12832
4636 9455
4637 12888
4638 6571
4639 10493
4641 11339
4642 4833
4644 6769
4645 5843
4646 12888
4647 11620
4650 6769
4651 6247
4652 8140
4654 5195
4655 12640
4656 13751
4658 8623
4659 12277
4660 8140
4661 11733
4662 8210
4663 12888
4664 9098
4665 8140
4666 11001
4667 12888
4668 7907
4671 12482
4672 8094
4674 8435
4675 5467
4677 5376
4678 9446
4681 6286
4682 13751
4683 5467
4683 9381
4687 13706
4688 10575
4689 9600
4690 10712
4691 13664
4692 4862
4693 4852
4694 13751
4696 8642
4697 7446
4698 9772
4699 8210
4701 8626
4704 9251
4705 8140
4706 12888
4707 12888
4708 9251
4709 12888
4710 12888
4711 4862
4712 13751
4713 8210
4714 8210
4715 8702
4716 11101
4717 8377
4720 12475
4721 13751
4722 4862
4723 6341
4724 12888
4725 9788
4726 8140
4727 7631
4728 11890
4730 12832
4732 5592
4733 12888
4734 12475
4735 9309
4736 12888
4737 6449
4738 11641
4739 8210
4741 8856
4742 12985
4743 12432
4744 13751
4745 8210
4746 12888
4747 6769
4751 8210
4752 12888
4753 11171
4754 4862
4755 8140
4756 5370
4757 8210
4758 8210
4759 12888
4760 12475
4762 8210
4763 4862
4764 5558
4766 12142
4767 8210
4768 11548
4769 9251
4770 12566
4772 12888
4773 8140
4774 8210
4775 6769
4776 13017
4777 8609
4778 12888
4779 8210
4780 12888
4781 8636
4782 11675
4783 9251
4785 13663
4786 12980
4788 9444
4790 10915
4790 5995
4791 13751
4792 8210
4794 12888
4795 11953
4796 10069
4797 13560
4799 5828
4802 6147
4804 8140
4805 12196
4806 13512
4808 11759
4809 9915
4810 8140
4811 10703
4813 7742
4816 8904
4816 12012
4817 5496
4818 8140
4819 12888
4820 7984
4823 12888
4824 11674
4825 11040
4826 12362
4827 7597
4828 6754
4829 8210
4830 8210
4831 8210
4832 9251
4834 7244
4835 8140
4837 6935
4838 10000
4839 8210
4840 12888
4841 8140
4842 11674
4845 8210
4846 9251
4846 12888
4847 12888
4849 5970
4850 12757
4852 12888
4853 13751
4854 12888
4855 12888
4856 13109
4858 5282
4859 7515
4860 8210
4863 5253
4864 6193
4865 12888
4866 13751
4867 7984
4870 5467
4871 13751
4872 12888
4873 9772
4874 8140
4876 13162
4877 12888
4878 8140
4880 12888
4881 12888
4882 9963
4882 11599
4883 6194
4885 9320
4886 11396
4886 5392
4887 12928
4888 13571
4889 10438
4889 9558
4891 6467
4893 5893
4894 10905
4895 6769
4896 10498
4897 5370
4898 8140
4899 8699
4900 10375
4901 10790
4902 11098
4903 8140
4906 6204
4907 7441
4908 8210
4909 8140
4911 13751
4912 9251
4913 12944
4914 12888
4916 8210
4917 6021
4918 5275
4919 12888
4920 12888
4921 11308
4923 8939
4924 6475
4926 12888
4927 9858
4928 11934
4929 8210
4930 10915
4931 11856
4932 12888
4933 9759
4934 12927
4935 7116
4936 8140
4937 8210
4938 8140
4939 7984
4940 9149
4941 11759
4944 5253
4945 8251
4947 9251
4948 8227
4951 8140
4952 11998
4957 8540
4958 12888
4959 10989
4963 7597
4964 10422
4964 13147
4965 9961
4966 7446
4969 8127
4970 13751
4972 8140
4973 12888
4974 12888
4975 8673
4976 12831
4977 6451
4978 12890
4980 11355
4982 11740
4983 8227
4984 6637
4984 7722
4985 8094
4986 8210
4987 12980
4988 12888
4992 13751
4993 12980
4994 12167
4995 12831
4996 12888
4997 8504
4998 8210
4999 8210
5000 11133
5002 9183
5005 12980
5008 5835
5009 7742
5011 6558
5012 10531
5013 10635
5014 10120
5016 7446
5017 12287
5018 12888
5021 10716
5022 8210
5023 8549
5025 13335
5026 12480
5026 9915
5027 8210
5028 11483
5029 12157
5031 12888
5035 11797
5036 12888
5037 8369
5038 6482
5039 8210
5040 12888
5041 8210
5042 8210
5043 8210
5045 9772
5046 12888
5047 8140
5048 8227
5052 12888
5053 5266
5054 8210
5055 6937
5056 12888
5057 8210
5058 10960
5060 7168
5061 5344
5063 5933
5064 11688
5065 8939
5066 8210
5067 12924
5068 13302
5070 8874
5071 7690
5073 12888
5075 12888
5076 12330
5077 8210
5078 12888
5079 12475
5080 12446
5082 9064
5083 8140
5085 12449
5086 12888
5087 12888
5088 8140
5089 5467
5091 10108
5092 6928
5093 13539
5094 5965
5095 12403
5096 12888
5098 11407
5100 8210
5101 7337
5103 10994
5105 13751
5106 12980
5108 9446
5109 9772
5111 13751
5113 12767
5114 12470
5115 8727
5116 13751
5118 12475
5119 12888
5120 12831
5121 9251
5122 8210
5124 8140
5126 7008
5128 11673
5131 7628
5132 6397
5133 8210
5134 12449
5135 8210
5136 9772
5137 10742
5140 8140
5141 11950
5142 12948
5143 6769
5144 12888
5146 8140
5148 13751
5149 12888
5151 7742
5153 10610
5154 6769
5157 7063
5159 6163
5161 8140
5162 12028
5163 7168
5164 12980
5165 13751
5166 10675
5168 8210
5169 8140
5170 12888
5171 13245
5172 13420
5173 13751
5174 12654
5175 9343
5176 9251
5177 12767
5178 7984
5178 5680
5179 11953
5180 9772
5181 12888
5182 8210
5183 9093
5184 13245
5185 12475
5186 11022
5187 8210
5188 9346
5189 6965
5190 9905
5190 6155
5191 13428
5192 7744
5193 8210
5194 13521
5196 11674
5197 13278
5198 8210
5199 6894
5201 13751
5202 8140
5206 12888
5207 8798
5208 6750
5209 5370
5211 9557
5212 12767
5213 12578
5214 12888
5215 9928
5216 12888
5218 10095
5219 5843
5220 8210
5221 10358
5222 8210
5223 8210
5224 8140
5225 10531
5226 5869
5227 12888
5227 10301
5229 12183
5230 6769
5231 12888
5233 12888
5234 6279
5237 6103
5238 12888
5239 9772
5240 11600
5241 7597
5242 8210
5243 12475
5244 12888
5245 7597
5246 11827
5248 12888
5250 12888
5255 7378
5256 8210
5257 6928
5258 12783
5259 8140
5261 12066
5263 9646
5264 13454
5265 11953
5266 12888
5268 8210
5269 9328
5270 8140
5271 8140
5272 8210
5273 7995
5274 6727
5275 12888
5276 8210
5279 13751
5280 8210
5281 7010
5284 12888
5288 8872
5289 11719
5290 5603
5293 7383
5294 13735
5294 12410
5297 9648
5299 5688
5300 11684
5302 10920
5303 9915
5309 12888
5310 12888
5311 9911
5312 8210
5313 6507
5313 9413
5314 7744
5315 9251
5317 12449
5321 13751
5322 6166
5323 8210
5324 7551
5324 8982
5327 5973
5328 8408
5329 10359
5330 12888
5331 6655
5332 12888
5333 6316
5335 13529
5336 8103
5337 13229
5339 10645
5340 12888
5341 12449
5342 10477
5343 7722
5344 8140
5345 13233
5347 13529
5348 12183
5349 10882
5350 8140
5351 10488
5353 10000
5354 12888
5355 10791
5356 8210
5357 11610
5358 9251
5359 8140
5361 13751
5362 12475
5363 10531
5364 8210
5365 5869
5368 8140
5370 8140
5371 12832
5372 5402
5373 11646
5374 11022
5377 5500
5383 12551
5384 8210
5385 12888
5388 8899
5390 13521
5391 8140
5392 5467
5393 9307
5395 12888
5396 9580
5397 7385
5398 9915
5399 8210
5400 6253
5405 12831
5406 9772
5407 8210
5408 12888
5410 6951
5411 8525
5412 12980
5414 8210
5415 12240
5417 12888
5418 10587
5419 9314
5422 10747
5423 8210
5424 12888
5425 8103
5426 6420
5428 12475
5429 6990
5430 5716
5431 12888
5432 11767
5436 12888
5439 12791
5442 12888
5443 8210
5444 13486
5445 12888
5447 13751
5448 12888
5449 12888
5450 6404
5451 12888
5453 12449
5455 10422
5456 11688
5457 11377
5458 8210
5460 13751
5461 8210
5462 12888
5463 12888
5464 12980
5466 12980
5468 9216
5470 12888
5471 12888
5472 8128
5474 11332
5476 8210
5478 8140
5481 6574
5484 6839
5485 13751
5488 8427
5489 13109
5491 6769
5492 9975
5493 12888
5497 8140
5498 11610
5499 12888
5502 12888
5504 8210
5506 8210
5507 6277
5508 13354
5512 12888
5513 9251
5514 9915
5518 11759
5519 7446
5520 8210
5521 9569
5522 12888
5523 7010
5524 12888
5525 12888
5526 6571
5527 12888
5528 12980
5529 8210
5530 7218
5530 10462
5531 9656
5531 8227
5532 9110
5533 8210
5534 10332
5535 6802
5536 8239
5537 7742
5538 10368
5539 8210
5542 12475
5543 8140
5544 13751
5548 6197
5550 12997
5551 12888
5559 12189
5560 8140
5561 6894
5562 12053
5564 12888
5565 8210
5566 9539
5567 11194
5568 11101
5570 8140
5572 12888
5573 13529
5574 8210
5575 13751
5577 9790
5578 12888
5579 12888
5581 6129
5581 8082
5582 11759
5584 12888
5585 9409
5586 13751
5587 8690
5587 11950
5589 8140
5590 10162
5591 13664
5593 8140
5596 12980
5598 12888
5600 7889
5601 8140
5602 12888
5603 9764
5606 8210
5608 7441
5609 8210
5611 12791
5613 9772
5616 11320
5618 9772
5619 8210
5620 10452
5621 13372
5622 6817
5625 12740
5626 8210
5627 5675
5629 8210
5630 12888
5631 11898
5632 8789
5633 10645
5635 8368
5637 6408
5641 9915
5642 12888
5644 12383
5645 8210
5646 12010
5646 9875
5649 12888
5650 6218
5652 8094
5653 8140
5654 8210
5655 12475
5655 7551
5656 10494
5657 13722
5659 8140
5661 12888
5663 13751
5664 10479
5666 6834
5667 12888
5668 9098
5669 7742
5670 12888
5671 5688
5672 12888
5673 10657
5674 12888
5675 7363
5676 8210
5678 8210
5679 12888
5680 8210
5681 12888
5682 7077
5683 12475
5684 8103
5685 8376
5685 13529
5688 13420
5689 8617
5689 7572
5692 11922
5693 12888
5694 12475
5695 13751
5696 7984
5697 13751
5698 12980
5699 13548
5700 8227
5702 13751
5705 8934
5706 10490
5708 8140
5709 13529
5710 12888
5711 9668
5712 11618
5713 8210
5714 7672
5715 8210
5718 8210
5719 12888
5720 13751
5721 12888
5722 12351
5723 12980
5724 12888
5725 8140
5727 12888
5728 12475
5730 10629
5731 13420
5732 8210
5733 12888
5734 7742
5736 11674
5737 8210
5738 12888
5739 10790
5742 8131
5743 13751
5744 12888
5745 7137
5747 12888
5748 8210
5749 6319
5752 8140
5757 8210
5759 11333
5763 8656
5764 12980
5765 12088
5766 12767
5767 8210
5769 11849
5773 8210
5775 13378
5776 13067
5778 8210
5779 12888
5780 12888
5782 8210
5783 12888
5784 11136
5785 12888
5786 9702
5787 11641
5789 8140
5790 8210
5792 12888
5793 12767
5794 10657
5795 12888
5796 11703
5796 13051
5797 12475
5799 10645
5800 8251
5801 7366
5801 12030
5802 9708
5804 6875
5805 5933
5806 12888
5807 8140
5808 12888
5809 12888
5810 7107
5811 6834
5812 10108
5813 13354
5814 12394
5815 11703
5816 13732
5817 8210
5818 9528
5820 12475
5821 8210
5822 9117
5823 13143
5824 12888
5825 10654
5826 9251
5827 12888
5828 12888
5829 12791
5830 10757
5834 12888
5836 6105
5837 9772
5838 13751
5839 8239
5841 9710
5842 8140
5843 11759
5844 7920
5845 8093
5847 11454
5848 8140
5849 8210
5850 13529
5852 8210
5853 8210
5855 12804
5858 8140
5859 10790
5860 11407
5863 9251
5864 8664
5865 10993
5865 12087
5867 12888
5868 8140
5869 8210
5870 12888
5872 13655
5873 8210
5874 12007
5875 12888
5877 13676
5878 12888
5880 6312
5881 8210
5882 8210
5883 11674
5885 7226
5887 12888
5888 12888
5889 8140
5890 8094
5892 12475
5893 8435
5895 11863
5897 12888
5898 10854
5899 12888
5901 9251
5903 8140
5904 7872
5905 8210
5906 12888
5907 13074
5908 12888
5910 11618
5911 10855
5912 12751
5913 8210
5914 12888
5917 12888
5919 11900
5920 8872
5921 11620
5921 7588
5922 8210
5923 8210
5927 8210
5928 13420
5929 12183
5930 9055
5932 8140
5937 8210
5938 11546
5939 12888
5940 8178
5941 12888
5944 13751
5945 7604
5946 13751
5947 8210
5949 12888
5951 12888
5952 12888
5954 10915
5956 11526
5957 13751
5959 11714
5962 9882
5964 12888
5966 13630
5967 8210
5968 9897
5970 12449
5971 7378
5972 8612
5974 8493
5975 13751
5976 7010
5978 8210
5979 8210
5980 7193
5981 8094
5982 12980
5985 6294
5986 6907
5987 9654
5988 12888
5989 10915
5990 8210
5992 12888
5993 6081
5994 8210
5995 10915
5996 8140
5997 12888
5998 10231
6000 8210
6005 11759
6006 13751
6008 12888
6009 12176
6010 12888
6011 13387
6013 8210
6014 13529
6015 7249
6017 12594
6018 10006
6019 8210
6020 11336
6021 12475
6022 9772
6023 9280
6023 8844
6024 6294
6026 8210
6028 8210
6029 12888
6030 9552
6031 12888
6033 8705
6034 12888
6035 9273
6036 8435
6037 6880
6038 7939
6039 12888
6041 8210
6042 8210
6043 12888
6046 10531
6047 8504
6047 8477
6048 8210
6049 11759
6051 13641
6052 12888
6054 8210
6058 6316
6059 8210
6061 8898
6063 7597
6064 12888
6067 6769
6068 10012
6070 12888
6071 9251
6072 8369
6073 13409
6074 13751
6075 8210
6077 13454
6078 13646
6079 8140
6082 12888
6083 12888
6084 11679
6086 12544
6087 6103
6088 8210
6089 8210
6091 10895
6093 9220
6094 7256
6095 8210
6097 6892
6098 13159
6099 11518
6102 12475
6103 7426
6104 12888
6105 7378
6106 8140
6108 6149
6111 7742
6113 8140
6114 8210
6115 10253
6116 12888
6118 11674
6119 12445
6120 12888
6121 8140
6122 8612
6123 13458
6125 12888
6126 8140
6128 12888
6129 9975
6130 8210
6131 10915
6132 13521
6133 12888
6134 9898
6135 9656
6136 8210
6137 8210
6141 9772
6146 6697
6149 12475
6150 12888
6152 8210
6154 8210
6155 6507
6156 10149
6160 9251
6164 10873
6165 12888
6169 12888
6170 12888
6171 6566
6172 6894
6172 11896
6173 12866
6175 12888
6177 6564
6179 7495
6180 8140
6181 12888
6182 7733
6183 12980
6184 11206
6185 12888
6186 12036
6188 11898
6189 9772
6190 8705
6191 8210
6192 12888
6193 9122
6194 12983
6195 10799
6197 12449
6198 8210
6199 12888
6200 8210
6203 10239
6204 12888
6205 7010
6206 13211
6207 12888
6208 12475
6209 7920
6210 9112
6211 8140
6213 8727
6214 7742
6215 8210
6217 9251
6220 6547
6221 13437
6222 6526
6225 8140
6227 13751
6228 12362
6229 13592
6230 13262
6231 12888
6232 8210
6234 12888
6235 8993
6238 12888
6239 8547
6240 10251
6241 8210
6245 13751
6246 12888
6247 12888
6248 12888
6249 12888
6253 9961
6255 7156
6257 8210
6258 8210
6259 12550
6261 12888
6262 10243
6264 7531
6265 10710
6267 8210
6270 12888
6271 11950
6272 9764
6273 13751
6274 13280
6277 6724
6278 10790
6279 12783
6280 8140
6282 8823
6290 12888
6291 12362
6294 8140
6295 13371
6297 12980
6299 12888
6301 12980
6302 11898
6304 7942
6305 11981
6307 7744
6308 11785
6309 12888
6310 12888
6313 8140
6315 10799
6316 11971
6317 8210
6318 8210
6320 12888
6322 8210
6323 12888
6324 8210
6325 8140
6326 7920
6328 13648
6330 8802
6333 13300
6334 8210
6335 7077
6336 10645
6337 11110
6338 8140
6339 8210
6341 12980
6342 8210
6344 13017
6345 12888
6346 11249
6348 8140
6350 11679
6354 12888
6355 9710
6356 10125
6357 12980
6359 8245
6365 8210
6367 12475
6368 7383
6369 8140
6371 8210
6373 10855
6375 8210
6378 12529
6379 9493
6382 12753
6388 11256
6390 9860
6391 6820
6393 8210
6394 12888
6395 13628
6396 8140
6398 8140
6399 12487
6400 12888
6402 12888
6403 8140
6406 11934
6407 12888
6408 6937
6409 8140
6411 12711
6413 12072
6414 10490
6415 13104
6416 8210
6418 8210
6419 8210
6420 12888
6421 13495
6422 10777
6424 8210
6426 12980
6427 7742
6428 8567
6432 8140
6434 7597
6435 12888
6436 8210
6437 8210
6438 8210
6439 7880
6440 13168
6441 12475
6442 12888
6444 8140
6445 12888
6446 10973
6447 8131
6448 6730
6449 7872
6453 12888
6456 10031
6457 12287
6458 7949
6460 8210
6462 12475
6463 8210
6464 8210
6465 12888
6466 12888
6467 8549
6468 10476
6469 12980
6471 6841
6472 9833
6473 9213
6474 8210
6476 13751
6477 8140
6478 8666
6479 8210
6480 10198
6481 12377
6481 10013
6482 13648
6485 9114
6486 8210
6487 12980
6489 12888
6491 11841
6492 9580
6493 12657
6494 12888
6495 7156
6501 12534
6505 12888
6507 8874
6508 8210
6511 11759
6512 7010
6513 12449
6515 8140
6516 8210
6519 13407
6519 13319
6520 12277
6521 13521
6522 12980
6523 8140
6525 8210
6527 8210
6529 8210
6530 12013
6531 12888
6532 12968
6533 10368
6536 8934
6537 13193
6538 8140
6539 7742
6540 12888
6541 12888
6542 8210
6543 8210
6544 12888
6548 9852
6551 8210
6555 8210
6558 8934
6559 8210
6561 8210
6563 12888
6565 13521
6567 9215
6568 12888
6569 9120
6571 7137
6572 7742
6575 8011
6577 11316
6578 8210
6579 8140
6581 10468
6582 11023
6585 8210
6586 12475
6589 9733
6590 13020
6591 12888
6592 7490
6593 7742
6594 8210
6597 13168
6599 13751
6600 9772
6601 8210
6602 13732
6603 10089
6604 12980
6606 8210
6608 12888
6609 8210
6610 8140
6612 8934
6613 8210
6615 11518
6618 9764
6619 9117
6622 12888
6625 8140
6627 12888
6628 13335
6630 10660
6631 8210
6633 11215
6634 8140
6636 10645
6637 7722
6638 12055
6638 12550
6639 7597
6640 6759
6641 6834
6642 9251
6643 12634
6645 8210
6645 8145
6646 12888
6647 12888
6651 7526
6654 12475
6656 8210
6657 12888
6658 9872
6660 8774
6662 11792
6663 12757
6664 6769
6665 12581
6666 12888
6667 10692
6669 8705
6670 11945
6671 8210
6673 12475
6674 7439
6677 12330
6678 8140
6684 12505
6685 13751
6686 8210
6688 12888
6691 12914
6692 12475
6694 8210
6695 10531
6697 7365
6698 6769
6699 13751
6702 8210
6703 13306
6704 12888
6705 12888
6706 12888
6707 13751
6708 12432
6709 8528
6713 12948
6714 6875
6715 9772
6716 8210
6719 13372
6721 11206
6726 8140
6727 9343
6728 12980
6729 11526
6731 11779
6733 12888
6734 9772
6735 8140
6736 12888
6737 11898
6738 10498
6739 8939
6741 12888
6742 11022
6743 13142
6744 8140
6745 11564
6748 11306
6749 7957
6751 8210
6753 8009
6754 12417
6756 11526
6757 12628
6759 13500
6760 12888
6761 12888
6768 6788
6770 9563
6772 13529
6774 8210
6775 8140
6776 7765
6777 8140
6778 10576
6780 12888
6781 8140
6782 7742
6784 12888
6786 11841
6787 8140
6790 8210
6791 10645
6792 12888
6794 11959
6795 8210
6796 7742
6797 13751
6798 8210
6799 12475
6800 8874
6802 11308
6803 10331
6804 7168
6805 12888
6806 12888
6808 10790
6810 11675
6810 8507
6812 13331
6816 12767
6818 8408
6820 12888
6821 8456
6824 12449
6826 8140
6828 11439
6829 7742
6831 8140
6833 12888
6835 8140
6836 12888
6837 13663
6842 13751
6844 12475
6845 9897
6846 13710
6847 8210
6848 8210
6849 12888
6850 12888
6851 10694
6852 9629
6853 8210
6854 11711
6855 12475
6856 8210
6857 12791
6858 8450
6859 8140
6861 8210
6862 6899
6863 13751
6866 6990
6867 8210
6868 7863
6870 8140
6871 8210
6872 12888
6874 10660
6883 12888
6884 8094
6885 12888
6886 8178
6886 12537
6887 6907
6890 7666
6891 7742
6893 12888
6895 10645
6896 12468
6898 8210
6899 8184
6900 13102
6903 12767
6904 8140
6905 8140
6907 12980
6908 13735
6910 8140
6911 7742
6912 13500
6913 8210
6914 12449
6915 8210
6916 13420
6917 8210
6918 9772
6919 12475
6920 8132
6921 8745
6922 12888
6923 12844
6924 11953
6928 12888
6930 7010
6932 8210
6933 12417
6935 12888
6936 12888
6938 8758
6939 8210
6940 10359
6943 12888
6945 8140
6946 8210
6947 12888
6948 7557
6950 12888
6951 12888
6952 9453
6953 8210
6954 8140
6955 8210
6956 10893
6957 12980
6960 13751
6961 9788
6965 12475
6967 12888
6968 10452
6969 8856
6971 11460
6973 11056
6979 8176
6982 13751
6984 8210
6985 9120
6986 8140
6987 8210
6988 8210
6990 11759
6991 10862
6994 9755
6995 10198
6996 12888
6998 8210
6999 12475
7000 7597
7001 7742
7002 10779
7003 8210
7006 8210
7007 12475
7008 13159
7009 10358
7011 8210
7013 12550
7014 13379
7015 13529
7016 8376
7017 9702
7020 8210
7021 11098
7022 8210
7025 8504
7026 8140
7027 8140
7028 13751
7030 10124
7030 9389
7031 11898
7033 8210
7036 13479
7038 8210
7040 13020
7041 11124
7043 8210
7045 10031
7047 8140
7050 9969
7053 8140
7055 12544
7056 10895
7057 8140
7058 9758
7059 11896
7060 9149
7061 9772
7062 11341
7066 12888
7067 8210
7068 8140
7070 12888
7071 12888
7072 8619
7073 11215
7074 8140
7075 12980
7078 12769
7079 8210
7081 9875
7082 8140
7084 8210
7085 12888
7086 7742
7089 12888
7090 12888
7091 11215
7094 13560
7094 7740
7095 12888
7096 8210
7098 12888
7100 13751
7101 10907
7102 8861
7104 9264
7105 7519
7107 12888
7108 12597
7109 8210
7110 12767
7111 12475
7112 8210
7113 13751
7115 8210
7116 8435
7118 12980
7119 13751
7120 8899
7121 12888
7124 8140
7125 12888
7126 12888
7127 9251
7129 13310
7130 8210
7133 12888
7135 8140
7138 12888
7141 9898
7142 8210
7143 12888
7144 12888
7145 12888
7146 8210
7150 8210
7155 13751
7158 12888
7159 8210
7162 7797
7165 10003
7166 12767
7167 11439
7168 8140
7169 8210
7172 12888
7173 8140
7174 8201
7176 12475
7177 8210
7178 11526
7179 10048
7180 8140
7181 9872
7182 9772
7183 11407
7184 8210
7185 10490
7189 12888
7194 8227
7196 12888
7201 12888
7202 10150
7203 8210
7206 12888
7208 12888
7210 8210
7213 12980
7214 8140
7215 12888
7216 12888
7218 12888
7219 8856
7220 12980
7221 12888
7222 10097
7223 8210
7224 12888
7225 12888
7226 9074
7227 12888
7228 12888
7229 7304
7230 7526
7234 11898
7236 7346
7238 8103
7240 8946
7241 8184
7243 8140
7245 12888
7246 7628
7248 13550
7250 8210
7251 8210
7253 12980
7255 7438
7256 7742
7259 8140
7260 12888
7261 12888
7265 12888
7266 9251
7267 8140
7268 13751
7269 12832
7272 8210
7273 12203
7275 12475
7278 8140
7279 12888
7281 8094
7282 13028
7284 8140
7286 11953
7289 11849
7290 9478
7291 12888
7292 12475
7294 8140
7295 10408
7296 8210
7297 9763
7298 8210
7299 10000
7301 8699
7302 12888
7305 12980
7307 11882
7309 12888
7312 13751
7314 12475
7315 12551
7318 12888
7325 7834
7326 13529
7327 9259
7328 12888
7329 8210
7330 8210
7331 8210
7332 10006
7333 8140
7338 8210
7339 8227
7340 12888
7342 8210
7343 8210
7344 9570
7345 12888
7348 9928
7350 8210
7351 13241
7357 8065
7357 8535
7358 8210
7359 11767
7364 11063
7366 12475
7369 8210
7371 12888
7372 8210
7373 13732
7374 12475
7375 10344
7378 12980
7380 10645
7381 10799
7383 11759
7384 8465
7386 12888
7387 7597
7388 13751
7389 12888
7391 10891
7392 11186
7393 11733
7394 12888
7395 8210
7396 8140
7397 12888
7399 11679
7400 12888
7402 10942
7405 12417
7406 8210
7407 9117
7408 7872
7409 10862
7410 12888
7412 8140
7413 8607
7414 8210
7417 8856
7418 13642
7419 12577
7423 12888
7424 8140
7429 7995
7430 8140
7432 8210
7434 12888
7435 9016
7437 9251
7438 12475
7439 8140
7441 9008
7442 12475
7443 11632
7445 12773
7447 10915
7449 8140
7450 13552
7453 10297
7454 9822
7455 8210
7456 9953
7457 8435
7458 12888
7459 8210
7463 8210
7464 12888
7465 9183
7467 7984
7468 8343
7471 12831
7475 8070
7477 8140
7478 8403
7480 10942
7482 8588
7483 12475
7484 9561
7486 13751
7487 7722
7488 12475
7489 8210
7491 12888
7492 13715
7493 13751
7494 8210
7497 12888
7499 9772
7502 12980
7503 12888
7504 12888
7505 7742
7507 9168
7508 8140
7509 12915
7511 13372
7513 13751
7515 8210
7516 8210
7518 8376
7519 12475
7521 12888
7522 7742
7523 8913
7526 7631
7531 13521
7536 12258
7536 7847
7538 7871
7539 12888
7540 10000
7541 12888
7542 8210
7544 13379
7545 13109
7547 10479
7549 11669
7549 10425
7550 7597
7551 12475
7552 12088
7553 12980
7554 13751
7555 12888
7557 8210
7558 13751
7559 8140
7563 12888
7564 9992
7565 13655
7566 8462
7567 12888
7569 12888
7572 13354
7575 8210
7576 13099
7580 7863
7582 12888
7584 8140
7586 12888
7587 11126
7587 8912
7588 12888
7589 12888
7590 10000
7591 8210
7594 12888
7596 8210
7598 12888
7601 11733
7603 12888
7604 8140
7605 8210
7606 8210
7608 12767
7609 9961
7611 8210
7612 10488
7613 12635
7615 10599
7618 9184
7621 12888
7622 12888
7623 8210
7625 13751
7628 8427
7632 10014
7633 11011
7634 11296
7635 8435
7635 11487
7639 12888
7640 12888
7641 11950
7643 12888
7645 8140
7646 8210
7647 12888
7648 12888
7651 9149
7652 11063
7653 7722
7654 9446
7655 9251
7657 11243
7658 7742
7660 12122
7661 8140
7662 12980
7663 12888
7665 12888
7668 12767
7669 8210
7670 10885
7672 13247
7673 7960
7674 8210
7676 12888
7677 8210
7680 12888
7681 11136
7682 12888
7683 9251
7684 9251
7685 13014
7685 9842
7688 12888
7689 13495
7691 12888
7692 10629
7693 10854
7696 12767
7697 8140
7698 8874
7701 12980
7702 9908
7704 10358
7705 12449
7706 13751
7707 12888
7710 8140
7713 12888
7714 12888
7716 10000
7717 12888
7719 8210
7721 9772
7722 8267
7723 12888
7724 10358
7727 11025
7729 7980
7733 9424
7745 12888
7746 13751
7751 10358
7754 12831
7755 11783
7759 12980
7760 13529
7761 10300
7761 11396
7762 12888
7763 8435
7764 12888
7766 12888
7769 8047
7773 12980
7774 11300
7775 12888
7776 12176
7777 8210
7783 12667
7785 12980
7786 12030
7787 12888
7788 9772
7789 12475
7792 12888
7793 12805
7794 8210
7795 9540
7797 12597
7798 13751
7799 8210
7801 8210
7803 13751
7807 9251
7808 8103
7810 13211
7811 12105
7815 10531
7818 13751
7819 12490
7820 12475
7821 12888
7822 8140
7824 8872
7825 12888
7826 12888
7827 12888
7831 10737
7833 8140
7835 8140
7836 11270
7838 8210
7839 12337
7841 12475
7844 8140
7847 8369
7850 12888
7854 9871
7855 8210
7856 11953
7857 13454
7865 12455
7865 11647
7868 11396
7870 10672
7873 11182
7874 8210
7876 8210
7877 8210
7878 8140
7879 12888
7882 12362
7883 12475
7884 8210
7885 12888
7886 8210
7887 8210
7888 11793
7894 12475
7895 11270
7897 8210
7900 10198
7901 12980
7903 13751
7906 8653
7908 12888
7909 12888
7912 8210
7913 12449
7914 11953
7916 8210
7917 10891
7918 13751
7919 9772
7920 12888
7921 13563
7922 13173
7924 8227
7925 8140
7926 12888
7927 10675
7928 10270
7929 8633
7930 8140
7932 8140
7933 8140
7934 10358
7937 10302
7939 8222
7942 11536
7943 8903
7948 12980
7950 8403
7951 8094
7952 12888
7953 13648
7954 12508
7955 10675
7956 12888
7958 12888
7959 8210
7961 12888
7963 8856
7964 13372
7965 8140
7966 9536
7967 9646
7970 12888
7971 8210
7972 9226
7974 8140
7975 8251
7976 11540
7983 12888
7984 8210
7985 8210
7987 13618
7988 9772
7989 8210
7990 8210
7992 8210
7993 12490
7993 10853
7994 13729
7995 12888
7996 8210
7997 8664
7998 10799
8001 12888
8002 12888
8003 8140
8004 8773
8005 12475
8006 12888
8010 12888
8011 8549
8012 12475
8013 8140
8014 12888
8015 10963
8018 13500
8020 8210
8023 8210
8024 8140
8026 8626
8027 12888
8030 8210
8032 8210
8034 11759
8035 12888
8036 12888
8037 10703
8038 11286
8039 8856
8041 12888
8042 11674
8043 12362
8046 12888
8047 12888
8053 9251
8054 12767
8055 8210
8057 12888
8058 8210
8059 12475
8061 8140
8062 12475
8064 12449
8066 13751
8067 9343
8068 8227
8070 12417
8071 8140
8073 11307
8074 8210
8076 12475
8078 8140
8080 9810
8081 8210
8086 8210
8087 12888
8091 12475
8092 12888
8093 11953
8095 12888
8096 12362
8098 8140
8099 8210
8101 12888
8103 10697
8104 8210
8105 12888
8106 8210
8108 12888
8109 13378
8113 8210
8114 8210
8115 12980
8116 12177
8119 12240
8120 8210
8121 12888
8122 13751
8126 12475
8131 8140
8134 10712
8135 12888
8136 10855
8137 12487
8138 8210
8139 12888
8141 10645
8145 12888
8146 8210
8148 8267
8152 13193
8154 12888
8155 12888
8157 8210
8158 12888
8159 8210
8162 8210
8163 10790
8164 10531
8167 9701
8168 8939
8169 12888
8170 10036
8173 12888
8175 10257
8177 12888
8179 13751
8180 12767
8184 8705
8186 12475
8188 8210
8189 11393
8191 8210
8193 12706
8194 12888
8196 12888
8198 11377
8198 9669
8202 10368
8205 12980
8208 12230
8210 12888
8211 12888
8212 13751
8213 12924
8217 9251
8221 13719
8224 8504
8227 8504
8228 10014
8229 12888
8235 13751
8240 12888
8241 12888
8243 11011
8247 12475
8248 12054
8250 13751
8251 12980
8252 11011
8255 11759
8258 13211
8260 13331
8262 12537
8263 12888
8264 8321
8274 12831
8282 10367
8284 10988
8286 12142
8287 10915
8288 13751
8291 12888
8292 12888
8293 12783
8293 10419
8296 8705
8297 12888
8298 12775
8299 12888
8302 12475
8304 9083
8305 11407
8309 12888
8311 11011
8312 9580
8313 13168
8316 10799
8317 9117
8320 11641
8323 13619
8324 10810
8328 11022
8329 9898
8330 10431
8331 12888
8332 8605
8333 8874
8338 12888
8344 12888
8346 10463
8349 12475
8352 12888
8355 12888
8360 13119
8360 10890
8364 13581
8365 10479
8368 11674
8369 10882
8371 9068
8375 13204
8377 8547
8378 12888
8384 12157
8385 12888
8387 10853
8389 11396
8391 11186
8393 12888
8394 12424
8395 9252
8398 8435
8401 12597
8402 10790
8404 12888
8406 12888
8408 11898
8409 11977
8413 11812
8414 12401
8415 10747
8418 12138
8419 11439
8420 9348
8422 12888
8423 10800
8426 9465
8431 12832
8432 13751
8433 12739
8434 10874
8437 9294
8438 11333
8439 12475
8440 12192
8441 11526
8442 9453
8443 10851
8445 10799
8447 10760
8450 9788
8452 12527
8453 10988
8454 12888
8455 13751
8458 13529
8461 9603
8466 12475
8467 9675
8470 11011
8471 12888
8472 11407
8473 12888
8475 13751
8476 12888
8479 13543
8480 13102
8481 12475
8482 10834
8485 13751
8487 9616
8488 13751
8490 11133
8491 11849
8494 9600
8496 12888
8499 12698
8500 10932
8502 12475
8504 12767
8508 11299
8510 12474
8512 11950
8513 9536
8517 12888
8521 12980
8526 12888
8527 8865
8529 12980
8530 11740
8531 11504
8535 12888
8537 13751
8538 8940
8542 12888
8545 12888
8548 12509
8550 11898
8552 11662
8553 10703
8554 13026
8555 10580
8557 13751
8560 9694
8561 13081
8562 13705
8563 10915
8564 11117
8565 10162
8565 12808
8567 12767
8569 13751
8576 13280
8577 9704
8578 13732
8581 13311
8582 13454
8582 11295
8583 12316
8584 12475
8591 13751
8592 12888
8593 8934
8596 12117
8600 9982
8601 13423
8606 12888
8608 12888
8610 13382
8613 12888
8614 13592
8621 12980
8623 10358
8624 12475
8625 12888
8626 12888
8627 12888
8631 11116
8632 12888
8634 12475
8635 12888
8642 12888
8643 9648
8644 8960
8645 13751
8652 13751
8654 8993
8655 12888
8658 9068
8659 8981
8660 12888
8666 12888
8668 10672
8669 10530
8671 9988
8672 12888
8677 13522
8680 12661
8682 13743
8683 12980
8687 11536
8688 12888
8690 12888
8693 12888
8695 10094
8698 12929
8701 12832
8703 13751
8707 11759
8709 10227
8711 12888
8713 8856
8715 12888
8717 11546
8719 11353
8719 12825
8726 13595
8729 10797
8730 13751
8731 12475
8734 12888
8737 9578
8738 10150
8742 12888
8743 10645
8744 12425
8746 12888
8747 12888
8750 10418
8754 12888
8755 9251
8759 9905
8760 12888
8761 12888
8763 12888
8764 9772
8766 11984
8769 12475
8770 9836
8778 11824
8779 12537
8791 12888
8793 11025
8794 12980
8798 11751
8800 12888
8801 9772
8802 9251
8803 12888
8804 12888
8806 13751
8807 12980
8808 8934
8810 9338
8813 12739
8815 10915
8817 9013
8819 10471
8820 11887
8828 12980
8830 9948
8831 13721
8840 10476
8844 13311
8845 12888
8846 10308
8850 12888
8853 12888
8854 12888
8855 13751
8856 12980
8857 12888
8862 12475
8863 11571
8866 12888
8868 9251
8871 12888
8877 10198
8878 12527
8881 10238
8883 12948
8884 12888
8885 12888
8890 12888
8892 9251
8894 12767
8895 9251
8897 10645
8898 12030
8901 9580
8902 12888
8904 11684
8905 12739
8907 10476
8909 13751
8911 12980
8913 12888
8916 12767
8918 13732
8919 11943
8924 9772
8925 12832
8931 11679
8932 12888
8933 12081
8937 9087
8940 12888
8942 12985
8945 13751
8946 10915
8952 12888
8953 12475
8957 13751
8958 13168
8961 12888
8962 13738
8970 12888
8971 12461
8972 13486
8973 13751
8978 11629
8979 13168
8980 12888
8982 12475
8989 13751
8991 11526
8993 12934
8994 10409
8996 11814
8998 10182
9000 10847
9001 12888
9003 12888
9009 12888
9011 12888
9012 11728
9015 12888
9018 10734
9020 12550
9023 10645
9024 12767
9025 13616
9029 13732
9030 13751
9031 12888
9033 12936
9037 12888
9043 10654
9047 10069
9049 12669
9052 13521
9053 11564
9056 13751
9058 12944
9063 9251
9065 13371
9068 12053
9074 12241
9081 10951
9083 13169
9087 12767
9088 13663
9091 12888
9093 12888
9102 10645
9104 9687
9108 12888
9109 11460
9110 10198
9118 12240
9121 13372
9122 12351
9123 9915
9125 12888
9129 12577
9131 9733
9134 11439
9137 12888
9140 13289
9143 10915
9145 12888
9150 12888
9152 12980
9154 10891
9155 9394
9158 12980
9159 12888
9162 12479
9168 12888
9174 11256
9179 12682
9180 13751
9182 13271
9184 12980
9190 10452
9195 10883
9197 10855
9198 12064
9204 11837
9211 12753
9214 12475
9215 12888
9217 13124
9220 12888
9224 10854
9226 10861
9228 12888
9230 10672
9231 12888
9234 12888
9235 12888
9236 12888
9238 12888
9239 13372
9243 10799
9247 12475
9249 12783
9251 12888
9253 9480
9254 12581
9262 11526
9264 10790
9268 12888
9270 12888
9271 12888
9272 12475
9273 12888
9274 12888
9276 12888
9278 9654
9281 12010
9283 13751
9284 12888
9285 11561
9287 12475
9292 12888
9294 12332
9298 10855
9304 13751
9306 13347
9308 13280
9309 12240
9313 12475
9316 12888
9322 13751
9326 12888
9327 12888
9328 10799
9330 12888
9332 11634
9337 12888
9342 12537
9344 11759
9349 12888
9350 12832
9351 10590
9352 9649
9353 10000
9359 13017
9361 10883
9361 13528
9365 10030
9366 12449
9369 12449
9372 11863
9373 12475
9374 11490
9378 10645
9381 11766
9385 12888
9386 13751
9394 10885
9395 10645
9396 12888
9402 12888
9403 10091
9404 12550
9406 10499
9407 12888
9408 12980
9410 12888
9411 9561
9414 12980
9420 10915
9429 12888
9430 11338
9431 11059
9433 13751
9434 12833
9440 12888
9443 9733
9447 11361
9449 12888
9450 13421
9454 9590
9457 12888
9458 12888
9463 10000
9464 12888
9469 12888
9477 10790
9481 13223
9483 12888
9484 12888
9487 13054
9489 11759
9492 10653
9493 9603
9494 10799
9495 9654
9496 10408
9499 12888
9500 13542
9505 12888
9507 12888
9508 11339
9510 9772
9511 11759
9513 12888
9514 12980
9515 12888
9517 12537
9518 10291
9520 13732
9522 13751
9524 12954
9533 12888
9534 13109
9540 12888
9551 12888
9554 11308
9555 11227
9556 13017
9557 12888
9558 9772
9559 11320
9560 12767
9562 12888
9564 12767
9565 13706
9566 12888
9568 12888
9569 10531
9572 10297
9575 11799
9579 9654
9580 10844
9582 13486
9585 12888
9590 12332
9591 12888
9592 12273
9599 12088
9600 12475
9601 12888
9607 9646
9610 12888
9616 12888
9619 12888
9620 10645
9621 10790
9623 12888
9625 12888
9626 13420
9629 11206
9631 12888
9635 11814
9638 12888
9639 10891
9640 10575
9645 12888
9646 12888
9652 13413
9652 13421
9654 9772
9659 13751
9663 11308
9665 12888
9666 11674
9667 13102
9670 13751
9679 12888
9688 12888
9689 12888
9698 12888
9699 12888
9701 12537
9704 12980
9710 12557
9711 13751
9712 11953
9714 10790
9715 12475
9716 10198
9717 12888
9719 12888
9723 12888
9728 12475
9730 10645
9732 12564
9733 11564
9737 12471
9741 12656
9742 12888
9745 12888
9747 13615
9757 12980
9759 10531
9764 12767
9768 12728
9769 12888
9772 12980
9775 10217
9779 12475
9781 13732
9790 11719
9795 12888
9797 12544
9799 11924
9800 12974
9801 13751
9803 12980
9805 11759
9807 12980
9809 12887
9812 12888
9815 12888
9816 10000
9822 13721
9823 12958
9825 12888
9826 12767
9829 12888
9830 12475
9832 10891
9835 10960
9836 11674
9837 11953
9844 11759
9846 11439
9850 12888
9863 12475
9865 12751
9872 12983
9873 12888
9874 12888
9875 11074
9877 12888
9879 12888
9880 13751
9881 13647
9889 13543
9889 12457
9895 12475
9896 13751
9900 13751
9901 13615
9907 11467
9908 11308
9916 12888
9920 12888
9921 12888
9922 12203
9923 12400
9924 12775
9925 10885
9927 10654
9936 13046
9938 12373
9946 12888
9950 12537
9954 12888
9961 10951
9962 12888
9965 12888
9967 10266
9969 12888
9971 12475
9975 12204
9977 13316
9985 10302
9989 12888
9990 12475
9992 13746
9993 10356
9994 11439
9996 12888
10000 12449
10004 11526
10011 12888
10012 11911
10018 11439
10019 12888
10021 13168
10023 13751
10025 12980
10029 11911
10034 12354
10035 11764
10038 12017
10039 12783
10041 12888
10046 12475
10047 13454
10050 12332
10053 10193
10054 12783
10055 13751
10059 12888
10060 12888
10065 10656
10068 12888
10077 12095
10078 11793
10079 12888
10083 12888
10084 12888
10085 10628
10086 12751
10089 13152
10091 12888
10097 13280
10104 12888
10108 12888
10110 12888
10115 13177
10119 12888
10121 12475
10125 12888
10127 12888
10128 12475
10137 12888
10141 13751
10142 12888
10145 11759
10146 12980
10148 13751
10153 12888
10154 12053
10158 11080
10160 11095
10161 13336
10166 12888
10168 10810
10171 12980
10175 11674
10177 12475
10182 10648
10187 11933
10189 12832
10189 13705
10190 13751
10194 12888
10196 12888
10204 12888
10207 12888
10209 12888
10211 10790
10213 12083
10214 13706
10219 13751
10223 12744
10225 12888
10228 12888
10236 12888
10252 13751
10255 12888
10256 13335
10258 12067
10261 12354
10262 12888
10264 12980
10269 10645
10270 11149
10272 12888
10273 11022
10275 13245
10276 12980
10277 11444
10278 12888
10280 10691
10282 12888
10283 13751
10284 11950
10286 12888
10287 12888
10290 11865
10292 12832
10293 11133
10304 12888
10305 13177
10309 11707
10312 10530
10313 12425
10317 12888
10319 11912
10322 10853
10323 12888
10326 12888
10330 13751
10331 12475
10335 12888
10336 12888
10337 13751
10340 12888
10342 11982
10343 12888
10344 12888
10345 12888
10346 12888
10347 12475
10351 11504
10354 10530
10357 13143
10359 12888
10360 12980
10363 11641
10365 13603
10367 12501
10368 10747
10371 10610
10373 12888
10376 12888
10377 13020
10381 13703
10383 10632
10384 13751
10392 10710
10398 13521
10408 12888
10411 13751
10412 13751
10414 13306
10417 12980
10418 13569
10419 12783
10421 12550
10422 11627
10426 12944
10428 13178
10429 10947
10430 13751
10433 12888
10437 10862
10438 12980
10439 13751
10441 12980
10444 10692
10446 12888
10447 13751
10453 12888
10455 12205
10457 12888
10460 13607
10462 12888
10464 12490
10465 12888
10466 11618
10472 12888
10473 12439
10476 10810
10478 10855
10483 10790
10485 12888
10486 12888
10488 11733
10491 12888
10492 12980
10499 12888
10503 12948
10505 11383
10509 13751
10510 12980
10511 12888
10515 12888
10519 12888
10525 11606
10526 11618
10527 12884
10529 11673
10535 12888
10536 12783
10538 12980
10539 13751
10542 10902
10543 12475
10545 12888
10549 11812
10551 12020
10552 12980
10558 12888
10559 10861
10564 12888
10565 10891
10568 12980
10572 11759
10575 12767
10579 12888
10580 13210
10583 13165
10587 11196
10589 13751
10590 12888
10592 13751
10593 12888
10595 13642
10596 10969
10604 12475
10605 12888
10606 12888
10610 12888
10614 13751
10615 12808
10617 10645
10618 12888
10620 12888
10623 12888
10630 13237
10631 11209
10632 11526
10633 12751
10634 12888
10636 11063
10639 12888
10640 12449
10641 13751
10644 11501
10646 10923
10646 13158
10648 13130
10649 12888
10653 12509
10654 12888
10656 13420
10658 12007
10662 12888
10663 12888
10667 12888
10674 12888
10675 12767
10677 12888
10683 12888
10685 12888
10686 12888
10687 11641
10688 12475
10690 13536
10693 12888
10699 13751
10703 12475
10707 13751
10708 12888
10712 12888
10713 12888
10717 13367
10718 11526
10732 12888
10734 12888
10736 12888
10739 13426
10741 12888
10752 12888
10756 12888
10758 12475
10759 12667
10760 12888
10762 12888
10776 12432
10780 12888
10781 12831
10784 12888
10789 12980
10792 12888
10793 12888
10795 12888
10799 10885
10804 13045
10805 12888
10808 13751
10810 13031
10811 13751
10819 13751
10823 13648
10832 12980
10835 13751
10839 12475
10848 12597
10852 12475
10853 12490
10854 11841
10855 12888
10858 13278
10860 12888
10863 12432
10868 12888
10869 12322
10870 12577
10871 13751
10873 13454
10875 11924
10879 12888
10886 12980
10890 12475
10893 13618
10899 12767
10901 12888
10906 13751
10907 11849
10908 12888
10914 12402
10916 12970
10919 11674
10921 13616
10927 12888
10928 12888
10932 12888
10933 12888
10935 12186
10944 11849
10948 12012
10949 11101
10950 12605
10956 12475
10957 12980
10958 13387
10960 13721
10979 11136
10988 11738
10991 12888
11005 12888
11008 12888
11010 11775
11010 13677
11021 12888
11023 12888
11024 11101
11027 12888
11035 12980
11036 12980
11039 12987
11043 12475
11049 12888
11051 12888
11054 13516
11060 12888
11061 12358
11063 11837
11065 12888
11068 12888
11069 12888
11073 11662
11076 12888
11078 12053
11084 12888
11085 12888
11086 12277
11092 12888
11096 12888
11099 12888
11100 12888
11104 12888
11107 12888
11109 12888
11115 11367
11117 12888
11119 12888
11120 12505
11127 12888
11128 11898
11129 12475
11131 12888
11139 13751
11143 12888
11149 11536
11151 12888
11152 12888
11153 13732
11154 12783
11156 12888
11157 12888
11160 12888
11164 12888
11165 13615
11178 11679
11181 12888
11184 13168
11187 12475
11188 12888
11189 12751
11191 12708
11193 13020
11199 12888
11201 12706
11204 12888
11207 12888
11213 12970
11214 13607
11217 12088
11219 13751
11222 11599
11226 13479
11233 12888
11238 13424
11240 11526
11241 13751
11243 12888
11244 13751
11254 12888
11258 13058
11260 13297
11271 12888
11276 12888
11283 13571
11284 12888
11293 13663
11295 13454
11296 12888
11297 12888
11298 11949
11305 12888
11307 12888
11308 12888
11310 12888
11312 13751
11314 12888
11318 11492
11322 12888
11323 12888
11324 13751
11330 12882
11331 12888
11340 12888
11352 12965
11355 12888
11360 11526
11365 11625
11368 11439
11369 13245
11373 12011
11381 13751
11385 12888
11386 13751
11388 13751
11389 12888
11390 11759
11391 11420
11394 13751
11397 12888
11400 12888
11402 12240
11405 12888
11406 13751
11411 12888
11414 12888
11419 13493
11425 11708
11428 12888
11431 12888
11438 11541
11440 13751
11444 12475
11447 12888
11456 12888
11460 12767
11464 12888
11468 13019
11469 13751
11472 13142
11473 12980
11478 11767
11479 12888
11480 12888
11481 12888
11497 11610
11499 12888
11502 12888
11507 11894
11508 13751
11511 13751
11514 13276
11522 12888
11523 12980
11528 12475
11535 12005
11538 12888
11539 12642
11545 12888
11547 12888
11552 12888
11554 12888
11555 12888
11556 12475
11557 12888
11559 13521
11568 12888
11572 12441
11574 12980
11577 12240
11578 12888
11584 11922
11585 12888
11587 11759
11588 12888
11589 12884
11594 12950
11595 12888
11604 12888
11607 12888
11614 13751
11621 11662
11622 12888
11630 12425
11644 12888
11648 12888
11650 12888
11651 13751
11658 12888
11661 13124
11663 13751
11668 12819
11670 12888
11672 11731
11689 13421
11693 12475
11695 13751
11700 12449
11716 12767
11717 12788
11719 11971
11720 12888
11729 13303
11733 12157
11738 12767
11744 11851
11745 13243
11754 11759
11755 11865
11758 12888
11762 12954
11769 13751
11773 12888
11774 12888
11780 12888
11783 12888
11784 12980
11785 13079
11788 12888
11791 12888
11794 12406
11795 12888
11800 13165
11803 12888
11809 12888
11815 12742
11820 12980
11822 13547
11829 12888
11832 12888
11835 12888
11842 13751
11845 13169
11846 13751
11847 12888
11858 12832
11861 12432
11865 12767
11871 12540
11877 13163
11879 12888
11886 13751
11887 12024
11891 12738
11893 13751
11898 13109
11899 12417
11902 12980
11914 12980
11922 12767
11925 12888
11949 13703
11955 13056
11956 12888
11957 12980
11961 13751
11963 12888
11973 12888
11974 13571
11987 12888
11993 12888
12005 12475
12006 12597
12013 12751
12016 12888
12023 12425
12024 13149
12026 12888
12030 12475
12032 12888
12033 12888
12036 12888
12037 12888
12044 12888
12046 13751
12047 12888
12052 12278
12053 12751
12054 13399
12057 12888
12062 12888
12071 13705
12071 13056
12073 12888
12083 12888
12086 12980
12090 13647
12091 12742
12093 12980
12095 13109
12097 12888
12099 12615
12119 13751
12122 12888
12126 12888
12134 12888
12135 12888
12138 12475
12145 12888
12146 12888
12148 12475
12153 13521
12155 12888
12156 12359
12165 12572
12170 12980
12171 12888
12177 12888
12178 12888
12184 12888
12193 13751
12199 12417
12209 12767
12210 12751
12218 12888
12219 12980
12228 12888
12229 12888
12237 12888
12238 13051
12242 12779
12249 13560
12254 12888
12262 12888
12265 13162
12268 13521
12270 12888
12272 12888
12277 12783
12281 13751
12283 12888
12285 13751
12286 12888
12291 12475
12292 12980
12297 12791
12300 12888
12305 12888
12310 12888
12313 12888
12314 12888
12320 13751
12327 13454
12333 12475
12334 13751
12336 12888
12339 12888
12341 12888
12343 12888
12348 12888
12349 12884
12352 12888
12355 12888
12360 13297
12361 12888
12367 12929
12371 12888
12374 13603
12383 12475
12394 12888
12395 12888
12401 12888
12402 12888
12407 12888
12409 12475
12411 12888
12421 12475
12426 12888
12427 12888
12432 12980
12434 12888
12439 12888
12443 12888
12446 12980
12454 13070
12458 12888
12462 12888
12471 13050
12475 12888
12476 12888
12477 12888
12482 12888
12495 13751
12497 12888
12502 12888
12503 13710
12513 12888
12515 12888
12518 12888
12524 12888
12528 12888
12535 12888
12539 13751
12542 12888
12546 12888
12549 12888
12554 12980
12558 12888
12562 13512
12563 12888
12568 12980
12573 12888
12583 12888
12589 13751
12595 12888
12598 13706
12599 13454
12601 13751
12614 13751
12615 12980
12616 13548
12617 12888
12618 12888
12619 12888
12622 12948
12627 12888
12629 12888
12631 13572
12632 12888
12637 12888
12640 12980
12646 13751
12647 12888
12648 12980
12664 12678
12679 12888
12694 12888
12695 12888
12697 12888
12707 12888
12712 12888
12717 12888
12723 12888
12726 12888
12733 12767
12736 12888
12746 12977
12760 12888
12763 13732
12765 13751
12786 12888
12794 12888
12813 12888
12814 12987
12815 13420
12819 12980
12820 13751
12822 12888
12826 12888
12828 13751
12841 13303
12843 12888
12845 12888
12847 12888
12851 13751
12860 12888
12872 12888
12886 12888
12887 12888
12892 13648
12908 12980
12938 13751
12944 13454
12990 13679
13013 13751
13030 13671
13043 13751
13053 13245
13058 13613
13074 13585
13092 13751
13096 13636
13108 13585
13126 13607
13157 13311
13242 13706
13287 13751
13306 13647
13353 13634
13360 13751
13382 13616
13391 13751
13478 13751
13490 13673
13598 13732
13639 13751
13645 13751
