0 472
1 2226
2 2025
2 1153
3 234
4 1864
5 820
6 573
6 1766
7 257
8 633
9 1449
9 1210
10 551
11 758
11 2276
12 179
13 467
14 758
14 2276
15 602
15 609
16 2116
17 295
17 777
18 2061
19 659
19 473
20 1470
20 1217
21 350
22 1599
23 367
24 410
24 1157
26 1958
27 458
27 1361
28 1877
29 1027
30 158
30 615
31 1570
31 1758
32 1662
33 2195
34 1470
34 1217
35 94
36 491
37 1874
37 1226
38 51
39 938
40 323
40 1537
41 75
41 1352
42 659
42 473
43 1470
43 1217
44 484
44 978
45 1563
46 1342
47 1449
47 1210
48 573
48 1766
49 1449
49 1210
50 1661
52 979
53 377
54 2051
55 380
55 376
56 2215
57 1882
57 839
58 323
58 1537
59 762
59 2135
60 1613
61 851
61 570
62 1902
63 1943
64 696
64 911
65 410
65 1157
66 432
67 1463
68 743
68 294
69 1233
70 771
71 1144
72 1797
72 825
73 1933
74 682
75 1352
76 218
77 867
78 820
79 1352
80 281
81 646
81 749
82 1351
83 1092
84 142
85 798
86 613
87 446
88 1899
89 1663
90 468
91 403
92 396
93 1815
96 1502
97 1431
98 1797
98 825
99 951
100 1819
100 1542
101 1352
102 2143
103 1470
103 1217
104 2104
105 1256
105 721
106 1019
106 608
107 600
108 1027
109 1773
110 2098
110 1764
111 221
111 1196
112 1797
112 825
113 682
114 591
116 762
116 2135
117 855
118 1249
118 1029
119 301
121 927
121 619
122 1565
123 162
124 865
124 1244
125 331
125 593
126 2072
127 731
128 1878
128 359
129 1136
130 143
131 1411
131 1097
132 696
132 911
133 743
133 294
134 1352
135 172
136 1697
137 1095
138 1489
139 1470
139 1217
140 344
141 1371
144 410
144 1157
145 641
146 293
146 175
147 1434
147 1183
148 2141
149 506
149 781
150 180
151 176
151 438
152 436
152 780
153 2273
154 817
155 1470
155 1217
156 696
156 911
157 734
157 1472
158 615
159 380
159 376
160 1892
161 315
162 736
163 1470
163 1217
164 2172
165 1819
165 1542
166 1470
166 1217
167 1034
168 1630
169 1178
169 870
170 999
171 1987
171 1150
173 749
173 1685
174 2075
175 293
176 438
177 1797
177 825
178 347
178 300
181 828
181 1436
182 1341
183 1167
183 1411
184 559
185 380
185 376
186 339
187 2123
188 1020
189 1954
190 358
190 1374
191 1305
191 1806
192 851
192 570
193 1441
195 371
196 1774
197 1081
198 1493
199 762
199 2135
200 1470
200 1217
201 1470
201 1217
202 1470
202 1217
203 634
204 1866
206 740
206 586
207 700
208 753
209 1876
210 357
211 1040
211 1523
212 241
212 406
213 1157
214 386
214 619
215 350
216 1470
216 1217
217 1588
217 1436
219 1790
220 1912
221 1196
222 978
222 242
223 679
224 1289
225 1296
225 1795
226 1084
227 309
228 1891
228 516
229 1484
229 1300
230 1249
230 1029
231 2135
232 1322
232 1278
233 439
233 1358
235 1570
235 1758
236 754
237 1201
238 1868
239 769
239 1601
240 1322
240 1278
241 406
242 484
242 978
243 585
244 1434
244 1183
245 851
245 570
246 758
246 2276
247 1227
247 547
248 1824
249 1646
249 1377
250 439
250 1358
251 972
252 347
252 300
253 592
254 551
255 1389
255 1614
256 851
256 570
257 438
258 1167
258 1411
259 696
259 911
260 2136
260 1080
261 573
261 1766
262 1579
263 709
264 1643
265 1489
266 1740
266 716
267 741
268 1253
269 438
270 2072
271 743
271 294
272 1945
273 1760
274 573
274 1766
275 1878
275 359
276 2220
277 1192
277 280
278 458
278 1361
279 1064
279 1131
280 1192
282 1686
283 696
283 911
284 1298
284 716
285 1578
286 462
286 1024
287 449
287 2184
288 414
289 649
290 550
290 1002
291 1797
291 825
292 1797
292 825
294 743
295 777
296 1988
297 1196
298 646
298 749
300 347
302 442
303 1470
303 1217
304 410
305 828
305 1436
306 865
306 1244
307 828
307 1436
308 736
310 479
311 347
312 695
312 847
313 573
313 1766
316 550
316 1002
317 1405
318 1943
319 377
321 701
321 1784
322 771
323 1537
324 936
325 1518
326 1588
326 1436
327 1075
328 539
329 1167
329 1411
330 996
331 593
332 828
332 1436
333 1318
334 1352
335 618
336 353
337 402
339 1147
341 1797
341 825
342 1352
343 1621
345 1465
345 1524
346 1173
348 1227
348 547
349 656
351 1520
352 745
353 1357
354 1220
354 1089
355 1066
356 1726
358 1374
359 1878
360 1884
361 1322
361 1278
362 1040
362 919
363 842
364 876
365 380
365 376
366 1398
368 835
369 613
370 1409
372 1281
373 1398
374 551
375 1533
376 380
378 2097
379 1902
381 1797
381 825
382 1212
383 589
384 1797
384 825
385 1801
386 927
386 619
388 423
389 2093
390 550
390 1002
391 1861
392 2136
392 1080
393 921
394 636
395 458
395 1361
397 1064
397 1131
398 1470
398 1217
400 1465
400 1524
401 1158
403 2072
404 2186
405 565
408 1504
409 659
409 570
411 1256
411 721
412 1641
413 2143
414 428
415 657
416 483
417 573
417 1766
418 2135
419 423
420 1604
421 1354
422 1733
423 2185
424 756
424 792
425 1434
425 1183
426 1773
427 1116
428 1508
429 670
430 2262
430 450
431 1428
431 815
432 1286
433 1625
434 1781
435 1505
436 780
437 724
439 1358
441 484
441 978
443 1398
444 1105
445 851
445 570
446 2206
447 1256
447 721
448 1180
448 839
449 2037
449 2184
450 2262
451 1797
451 825
452 573
452 1766
453 1604
454 482
455 2022
456 1202
457 1449
457 1210
458 1361
459 1487
460 1584
461 1773
462 1024
463 573
463 1766
464 1361
465 1090
466 1517
468 634
469 632
471 973
473 851
473 570
474 768
475 1920
477 2135
478 1488
480 2027
481 1171
484 978
485 612
486 1506
486 570
488 1478
488 1349
489 1171
490 1886
492 1465
492 1524
493 573
493 1766
494 571
494 739
495 936
496 1238
497 1052
497 1284
498 903
499 696
499 911
501 1352
502 1470
502 1217
503 756
503 792
504 1103
505 1727
506 873
506 781
507 695
507 847
508 1797
508 825
509 615
510 1987
510 1150
511 1381
512 794
513 1797
513 825
514 778
516 1891
517 1449
517 1210
518 780
519 967
520 2276
521 573
521 1766
522 693
523 573
523 1766
524 828
524 1436
525 1352
526 1740
526 716
527 1410
528 1781
529 1249
529 1029
530 2135
531 2179
532 1352
534 1337
534 1282
535 1442
535 866
536 2110
537 734
537 1472
538 1848
540 1575
541 1563
542 1506
542 570
543 1930
544 876
545 696
545 911
546 1132
547 1227
549 1535
550 1002
551 708
552 2134
553 573
553 1766
554 1470
554 1217
555 2226
556 1000
557 1002
561 1484
561 1300
563 573
563 1766
566 1470
566 1217
567 1522
568 1078
568 1514
570 1506
571 739
572 2204
573 1766
574 807
575 777
576 1011
577 724
578 1322
578 1278
579 966
579 781
580 2044
581 1774
582 1030
583 1352
584 2217
585 1403
586 2135
588 1773
590 1766
591 632
592 1517
594 1470
594 1217
595 1333
596 1289
599 1352
600 1553
601 817
602 609
603 707
604 1176
605 1376
606 1717
607 1773
608 1019
610 1140
611 1506
614 2190
616 1604
617 1647
619 927
621 720
622 943
623 1186
624 635
625 1647
626 1447
627 1352
628 1307
629 1180
629 839
630 1046
631 2069
633 1402
643 755
644 743
645 865
645 1244
646 749
647 1362
648 1588
648 1436
649 2066
649 1407
650 1565
651 1361
652 1974
653 2129
654 743
655 2012
659 1506
661 1030
662 2054
663 1361
664 2136
664 1080
665 1308
666 936
667 1352
668 1424
669 1334
671 985
673 1470
673 1217
674 1147
675 1393
675 1172
676 1974
677 892
680 743
681 1981
681 911
683 2097
685 1470
685 1217
686 1506
687 1077
688 1352
689 906
690 2173
691 1002
692 754
694 2012
695 847
697 1254
698 705
699 1398
700 1252
701 1784
702 959
702 906
703 1971
704 1766
706 1019
710 858
712 1766
713 1393
713 1172
714 1352
715 1470
715 1217
716 1298
717 1515
718 1647
719 1173
720 1656
721 1256
722 1797
722 825
723 1537
725 1428
725 815
726 1859
727 2230
729 847
730 749
730 1685
732 1352
733 1024
734 784
734 1123
735 1636
736 754
738 2047
740 1647
744 882
746 2172
747 1322
747 1278
748 1604
750 1330
751 1539
752 1766
756 792
757 1358
758 1759
759 2161
760 1569
761 1475
762 1647
763 928
764 2172
765 1647
766 1581
767 1151
769 1601
770 1361
772 1465
772 1524
773 1766
775 1806
776 2230
779 2087
781 873
782 1206
783 1362
784 1472
785 1797
785 825
786 1999
787 2025
787 1153
788 1165
789 1352
790 1506
791 1033
793 1352
795 1522
796 1322
796 1278
797 2172
799 1393
799 1172
800 1298
801 1766
802 1470
802 1217
804 2243
805 1470
805 1217
806 1333
807 1296
807 1795
809 913
810 1804
810 869
813 2133
814 1443
814 1635
815 1428
816 826
817 1362
819 1653
821 1765
822 1199
822 1457
823 1352
824 1470
824 1217
825 1797
827 1717
828 1436
829 2225
830 1352
832 1926
833 2069
834 1894
834 1501
835 1143
837 1505
839 1882
841 1398
843 1352
845 2136
845 1080
846 1773
848 1255
849 1894
849 1501
851 1506
854 2025
854 1153
855 1387
856 1430
859 1797
860 878
861 1179
862 1564
863 1002
865 1244
866 1442
867 1761
868 1449
868 1210
869 1804
870 1178
871 1470
871 1217
872 1992
872 1802
874 1506
875 2135
877 1647
879 2242
881 1520
882 2233
883 1342
884 1470
884 1217
885 1027
887 932
888 2055
889 2136
889 1080
890 1949
891 1899
893 1362
894 1478
894 1349
895 1010
896 1223
897 1398
900 1925
901 1231
902 1361
904 1184
905 2220
906 1407
906 959
908 2015
909 1987
909 1150
910 1059
911 2091
914 2072
916 1087
917 999
918 1393
918 1172
919 1040
919 1858
920 1002
921 2177
922 2220
923 2151
924 1932
925 969
925 1197
926 1874
926 1226
929 1361
930 1401
931 2143
933 1502
934 1415
935 1168
937 1848
940 2136
940 1080
941 1465
941 1524
943 2211
944 1846
945 2072
946 1624
946 1191
948 1354
949 1466
950 1465
950 1524
952 2038
952 1206
953 1647
954 1147
955 1593
958 1174
958 996
961 1647
963 1647
964 1008
965 2172
968 1470
968 1217
969 1992
969 1802
970 1398
971 1593
972 1502
975 1885
976 1002
979 2254
980 1882
981 1436
982 1393
982 1172
983 2135
984 1848
987 1804
988 2070
988 1982
989 1465
989 1524
990 1993
990 2248
991 2002
992 2172
993 2192
994 1578
995 1987
995 1150
997 1766
1001 1551
1001 1436
1004 1480
1005 1326
1006 1766
1007 2130
1008 1387
1011 1731
1012 1115
1013 1398
1014 1574
1015 1352
1016 1362
1017 1980
1018 1230
1020 1676
1021 1218
1022 1470
1022 1217
1023 1988
1025 2136
1025 1080
1026 1352
1028 1766
1029 2025
1029 1153
1031 1673
1032 1572
1033 1777
1035 1703
1037 1971
1038 1071
1039 1777
1040 1523
1042 1766
1043 1271
1045 1656
1047 1819
1047 1542
1048 1470
1048 1217
1049 1751
1049 1337
1050 1352
1051 1506
1052 1284
1053 1064
1053 1131
1054 1387
1056 1178
1057 1647
1058 1797
1060 1393
1060 1172
1061 1456
1062 1400
1063 1909
1064 1131
1065 2136
1065 1080
1066 2179
1067 1819
1067 1542
1068 1369
1071 1819
1071 1542
1072 1668
1073 1219
1076 1994
1076 1509
1077 1400
1079 1080
1080 2136
1082 1981
1082 1681
1083 1784
1085 1090
1086 1188
1088 1352
1091 1624
1091 1191
1093 1647
1094 1592
1097 1167
1097 1411
1098 1500
1100 1766
1101 1773
1106 1227
1107 2173
1107 1768
1108 1797
1109 1284
1110 1352
1111 1790
1112 1305
1112 1806
1113 1813
1114 1967
1115 1594
1117 1613
1118 1281
1119 1267
1119 1509
1120 1227
1122 1841
1123 1472
1125 1428
1126 1819
1126 1542
1127 1398
1128 2135
1129 1797
1130 1960
1132 1886
1133 1449
1133 1210
1134 1848
1135 1472
1137 2019
1145 1370
1146 2176
1146 1768
1149 1662
1150 1987
1152 1184
1154 1946
1157 1689
1159 1870
1160 1542
1161 1611
1162 2275
1163 1386
1164 2259
1167 1411
1169 1891
1170 2004
1172 1393
1173 1885
1175 2276
1177 1561
1181 1878
1182 2091
1183 1434
1187 2179
1189 1644
1189 1455
1191 1624
1191 1831
1193 1797
1199 1457
1202 1907
1203 1332
1204 2072
1205 1694
1206 2038
1208 1766
1209 2276
1210 1449
1211 1870
1212 1926
1214 1537
1215 1418
1216 2048
1216 1542
1221 2092
1224 1398
1225 1847
1226 1874
1229 1629
1229 1361
1230 1276
1232 1344
1234 1515
1235 1305
1235 1806
1237 2090
1240 1394
1242 1971
1243 1766
1246 1797
1248 1259
1249 1503
1249 2025
1251 2070
1251 1982
1257 1725
1258 2023
1260 1766
1261 1465
1261 1524
1263 1538
1264 2091
1265 1980
1267 2091
1268 1745
1269 1434
1270 2276
1272 1514
1273 1430
1275 1853
1277 2072
1278 1322
1279 2091
1280 1933
1282 1337
1283 1773
1285 1898
1287 1560
1288 2026
1290 1724
1291 1371
1292 1560
1293 1655
1294 2087
1296 1795
1297 1626
1298 1740
1300 1484
1301 1668
1302 1871
1305 1806
1305 1772
1306 2172
1307 1684
1310 1479
1312 1907
1313 2162
1314 1797
1315 1884
1317 1449
1320 2232
1321 1398
1324 2118
1325 1642
1325 2056
1327 1828
1328 1797
1329 2154
1331 2078
1336 1642
1336 2056
1340 1369
1341 1532
1344 2013
1347 1376
1348 2176
1348 1768
1349 1478
1353 1766
1355 1386
1356 1860
1359 2274
1360 1784
1367 1954
1368 1642
1368 2056
1373 1449
1376 1691
1377 1688
1379 1797
1381 2253
1383 1902
1385 1797
1388 1431
1389 1614
1392 1583
1396 2008
1397 1990
1399 1891
1407 2066
1408 2094
1409 2225
1413 1506
1414 1919
1418 1511
1422 1533
1426 1785
1427 1980
1429 1954
1433 1642
1433 2056
1435 1877
1436 1768
1437 2135
1438 1870
1440 1870
1443 1635
1444 1773
1446 1797
1448 1604
1451 2039
1453 2023
1455 1636
1461 1642
1461 2056
1462 1989
1464 2048
1464 1542
1465 1524
1467 1699
1467 1649
1469 1769
1476 2191
1477 1698
1481 2010
1482 1907
1483 2010
1486 1543
1487 2096
1490 1793
1494 2135
1495 2013
1497 2235
1501 1894
1503 2025
1507 2055
1509 1642
1509 2056
1510 1920
1512 1877
1513 1766
1516 2206
1521 1766
1523 1858
1525 1891
1528 1747
1532 1925
1540 1642
1540 2056
1541 1766
1542 1819
1544 1699
1549 1738
1551 1768
1554 1776
1559 1740
1560 1797
1570 1758
1576 2033
1577 2089
1582 1699
1582 1649
1587 1766
1588 2170
1588 1768
1589 1971
1592 1924
1595 1797
1596 2119
1597 2126
1600 1792
1602 1806
1603 1847
1608 2048
1609 1751
1610 1839
1612 1776
1618 2070
1618 1982
1619 1891
1620 1878
1623 1624
1627 2010
1633 2228
1639 2220
1646 1688
1648 2051
1650 1766
1652 1792
1655 1955
1657 2023
1661 1905
1664 1980
1667 2156
1670 1697
1675 1751
1677 1916
1679 1784
1680 1812
1686 2008
1687 1772
1687 1806
1690 1894
1691 2121
1692 2078
1693 2197
1700 1954
1701 2173
1701 1768
1702 1813
1705 2023
1706 2021
1707 1993
1707 2248
1714 2030
1716 2095
1718 2197
1719 2010
1720 2226
1723 1766
1724 2207
1729 1781
1732 1928
1732 1879
1738 1818
1741 2263
1745 2259
1746 2010
1750 2013
1752 1907
1755 1891
1757 2135
1764 2098
1770 2135
1771 1951
1772 1806
1775 2231
1778 2138
1789 1828
1792 1795
1796 1819
1799 1917
1802 1992
1803 1905
1805 2075
1807 2010
1812 1903
1817 1968
1821 2056
1828 2188
1832 2253
1837 2172
1839 2219
1847 1901
1856 1980
1859 1998
1863 2166
1866 2203
1875 1968
1879 1928
1886 2270
1888 2135
1889 1951
1893 2056
1895 2192
1896 2056
1897 2072
1900 2090
1905 2226
1910 2010
1912 2179
1913 2054
1917 2276
1923 2058
1927 2176
1932 1974
1939 2263
1940 2172
1944 2064
1950 2276
1957 2099
1966 2067
1970 2045
1975 2172
1976 2263
1977 2274
1982 2070
1984 2220
1986 2043
1994 2091
1995 2135
1999 2258
2005 2222
2009 2043
2024 2135
2028 2043
2030 2158
2034 2048
2035 2210
2037 2184
2040 2222
2042 2192
2046 2206
2058 2179
2065 2143
2068 2143
2079 2264
2080 2143
2083 2173
2090 2145
2094 2213
2096 2099
2103 2176
2124 2222
2125 2222
2153 2191
2157 2276
2158 2254
2160 2222
2167 2172
2169 2242
2170 2176
2171 2172
2174 2191
2175 2192
2180 2229
2189 2222
2239 2263
2255 2269
