0 1611
0 472
1 1905
1 2226
2 529
2 2025
2 1153
3 1545
3 234
4 1671
4 1864
5 555
5 820
6 1842
6 573
6 1766
7 1496
7 257
8 1402
8 633
9 1791
9 1449
9 1210
10 708
10 551
11 759
11 758
11 2276
12 2003
12 179
13 407
13 467
14 759
14 758
14 2276
15 602
15 609
16 948
16 2116
17 575
17 295
17 777
18 1886
18 2061
19 1036
19 659
19 473
20 2091
20 1470
20 1217
21 215
21 350
22 2233
22 1599
23 487
23 367
24 213
24 410
24 1157
25 179
26 1362
26 1958
27 1571
27 458
27 1361
28 2113
28 1877
29 885
29 1027
30 158
30 615
31 1570
31 1758
32 1876
32 1662
33 1462
33 2195
34 2091
34 1470
34 1217
35 587
35 94
36 2214
36 491
37 990
37 1874
37 1226
38 640
38 51
39 2079
39 938
40 1962
40 323
40 1537
41 688
41 75
41 1352
42 1036
42 659
42 473
43 2091
43 1470
43 1217
44 441
44 484
44 978
45 541
45 1563
46 883
46 1342
47 1791
47 1449
47 1210
48 1842
48 573
48 1766
49 1791
49 1449
49 1210
50 1222
50 1661
51 640
52 2254
52 979
53 319
53 377
54 1080
54 2051
55 698
55 380
55 376
56 791
56 2215
57 2007
57 1882
57 839
58 1962
58 323
58 1537
59 1057
59 762
59 2135
60 1152
60 1613
61 1696
61 851
61 570
62 1383
62 1902
63 1460
63 1943
64 1642
64 696
64 911
65 213
65 410
65 1157
66 1286
66 432
67 1227
67 1463
68 844
68 743
68 294
69 734
69 1233
70 322
70 771
71 1778
71 1144
72 1560
72 1797
72 825
73 1280
73 1933
74 1460
74 682
75 688
75 1352
76 482
76 218
77 1748
77 867
78 888
78 820
79 688
79 1352
80 2055
80 281
81 173
81 646
81 749
82 1131
82 1351
83 1643
83 1092
84 1865
84 142
85 600
85 798
86 1404
86 613
87 312
87 446
88 891
88 1899
89 1892
89 1663
90 203
90 468
91 2072
91 403
92 628
92 396
93 1158
93 1815
94 587
95 1877
96 737
96 1502
97 1388
97 1431
98 1560
98 1797
98 825
99 162
99 951
100 1071
100 1819
100 1542
101 688
101 1352
102 413
102 2143
103 2091
103 1470
103 1217
104 178
104 2104
105 1256
105 721
106 1019
106 608
107 1553
107 600
108 1027
109 1816
109 1773
110 2098
110 1764
111 297
111 221
111 1196
112 1560
112 1797
112 825
113 682
114 632
114 591
115 1512
116 1057
116 762
116 2135
117 1008
117 855
118 854
118 1249
118 1029
119 811
119 301
120 350
121 386
121 927
121 619
122 2003
122 1565
123 754
123 162
124 865
124 1244
125 331
125 593
126 403
126 2072
127 1299
127 731
128 1878
128 359
129 1711
129 1136
130 969
130 143
131 1167
131 1411
131 1097
132 1642
132 696
132 911
133 844
133 743
133 294
134 688
134 1352
135 742
135 172
136 1670
136 1697
137 1166
137 1095
138 491
138 1489
139 2091
139 1470
139 1217
140 836
140 344
141 1291
141 1371
142 1865
143 969
144 213
144 410
144 1157
145 2273
145 641
146 533
146 293
146 175
147 1269
147 1434
147 1183
148 2214
148 2141
149 966
149 506
149 781
150 357
150 180
151 1546
151 176
151 438
152 957
152 436
152 780
153 2273
154 1362
154 817
155 2091
155 1470
155 1217
156 1642
156 696
156 911
157 1123
157 734
157 1472
158 615
159 698
159 380
159 376
160 1892
161 926
161 315
162 754
162 736
163 2091
163 1470
163 1217
164 2171
164 2172
165 1126
165 1819
165 1542
166 2091
166 1470
166 1217
167 1177
167 1034
168 690
168 1630
169 1178
169 870
170 917
170 999
171 995
171 1987
171 1150
172 742
173 646
173 1685
173 749
174 2174
174 2075
175 533
175 293
176 1546
176 438
177 1560
177 1797
177 825
178 440
178 347
178 300
179 2003
180 357
181 1701
181 828
181 1436
182 1599
182 1341
183 1167
183 1411
184 678
184 559
185 698
185 380
185 376
186 1147
186 339
187 1423
187 2123
188 2255
188 1020
189 1700
189 1954
190 358
190 1374
191 1235
191 1305
191 1806
192 1696
192 851
192 570
193 1848
193 1441
194 2233
195 371
196 1117
196 1774
197 2015
197 1081
198 1708
198 1493
199 1057
199 762
199 2135
200 2091
200 1470
200 1217
201 2091
201 1470
201 1217
202 2091
202 1470
202 1217
203 468
203 634
204 339
204 1866
205 1663
206 1453
206 740
206 586
207 768
207 700
208 838
208 753
209 1662
209 1876
210 1879
210 357
211 1040
211 1523
212 241
212 406
213 1157
214 386
214 619
215 350
216 2091
216 1470
216 1217
217 1927
217 1588
217 1436
218 482
219 1867
219 1790
220 2058
220 1912
221 297
221 1196
222 978
222 242
223 579
223 679
224 596
224 1289
225 574
225 1296
225 1795
226 1628
226 1084
227 2151
227 309
228 1755
228 1891
228 516
229 1484
229 1300
230 854
230 1249
230 1029
231 2135
232 1709
232 1322
232 1278
233 439
233 1358
234 1545
235 1570
235 1758
236 736
236 754
237 569
237 1201
238 1868
239 769
239 1601
240 1709
240 1322
240 1278
241 406
242 441
242 484
242 978
243 569
243 585
244 1269
244 1434
244 1183
245 1696
245 851
245 570
246 759
246 758
246 2276
247 1227
247 547
248 778
248 1824
249 1688
249 1646
249 1377
250 439
250 1358
251 972
252 440
252 347
252 300
253 466
253 592
254 708
254 551
255 1389
255 1614
256 1696
256 851
256 570
257 1546
257 438
258 1167
258 1411
259 1642
259 696
259 911
260 1079
260 2136
260 1080
261 1842
261 573
261 1766
262 1518
262 1579
263 899
263 709
264 1143
264 1643
265 1489
266 284
266 1740
266 716
267 1458
267 741
268 774
268 1253
269 1546
269 438
270 403
270 2072
271 844
271 743
271 294
272 700
272 1945
273 1760
274 1842
274 573
274 1766
275 1878
275 359
276 1633
276 2220
277 2147
277 1192
277 280
278 1571
278 458
278 1361
279 1053
279 1064
279 1131
280 2147
280 1192
281 2055
282 1753
282 1686
283 1642
283 696
283 911
284 526
284 1298
284 716
285 994
285 1578
286 733
286 462
286 1024
287 449
287 2184
288 1508
288 414
289 689
289 649
290 976
290 550
290 1002
291 1560
291 1797
291 825
292 1560
292 1797
292 825
293 533
294 844
294 743
295 575
295 777
296 2223
296 1988
297 1196
298 646
298 749
299 972
300 440
300 347
301 811
302 387
302 442
303 2091
303 1470
303 1217
304 2023
304 410
305 1701
305 828
305 1436
306 865
306 1244
307 1701
307 828
307 1436
308 754
308 736
309 2151
310 660
310 479
311 440
311 347
312 729
312 695
312 847
313 1842
313 573
313 1766
314 1222
315 926
316 976
316 550
316 1002
317 1748
317 1405
318 892
318 1943
319 377
320 472
321 1083
321 701
321 1784
322 771
323 1962
323 1537
324 881
324 936
325 1518
326 1927
326 1588
326 1436
327 1219
327 1075
328 1556
328 539
329 1167
329 1411
330 1174
330 996
331 593
332 1701
332 828
332 1436
333 1318
334 688
334 1352
335 2193
335 618
336 1743
336 353
337 1102
337 402
338 737
339 954
339 1147
340 811
341 1560
341 1797
341 825
342 688
342 1352
343 1000
343 1621
344 1628
345 1890
345 1465
345 1524
346 1885
346 1173
347 440
348 1227
348 547
349 2123
349 656
351 1371
351 1520
352 1364
352 745
353 955
353 1357
354 1220
354 1089
355 2179
355 1066
356 367
356 1726
357 1879
358 1374
359 1878
360 2258
360 1884
361 1709
361 1322
361 1278
362 1040
362 919
363 1333
363 842
364 544
364 876
365 698
365 380
365 376
366 897
366 1398
367 487
368 1143
368 835
369 613
370 970
370 1409
372 1682
372 1281
373 841
373 1398
374 708
374 551
375 1043
375 1533
376 698
376 380
378 683
378 2097
379 1383
379 1902
380 698
381 1560
381 1797
381 825
382 832
382 1212
383 2121
383 589
384 1560
384 1797
384 825
385 1213
385 1801
386 927
386 619
387 442
388 551
388 423
389 947
389 2093
390 976
390 550
390 1002
391 1630
391 1861
392 1079
392 2136
392 1080
393 2177
393 921
394 1697
394 636
395 1571
395 458
395 1361
396 628
397 1053
397 1064
397 1131
398 2091
398 1470
398 1217
399 969
400 1890
400 1465
400 1524
401 1651
401 1158
402 1102
403 2072
404 1039
404 2186
405 1207
405 565
407 467
408 1722
408 1504
409 1696
409 659
409 570
410 1689
411 1256
411 721
412 1641
413 2143
414 1508
414 428
415 814
415 657
416 1320
416 483
417 1842
417 573
417 1766
418 2135
419 551
419 423
420 1448
420 1604
421 2018
421 1354
422 1439
422 1733
423 551
423 2185
424 756
424 792
425 1269
425 1434
425 1183
426 1816
426 1773
427 1903
427 1116
428 1508
429 907
429 670
430 2262
430 450
431 725
431 1428
431 815
432 1286
433 1948
433 1625
434 528
434 1781
435 837
435 1505
436 957
436 780
437 577
437 724
438 1546
439 1358
441 484
441 978
443 841
443 1398
444 702
444 1105
445 1696
445 851
445 570
446 1516
446 2206
447 1256
447 721
448 1180
448 839
449 2037
449 2184
450 2262
451 1560
451 1797
451 825
452 1842
452 573
452 1766
453 1448
453 1604
454 1276
454 482
455 861
455 2022
456 1907
456 1202
457 1791
457 1449
457 1210
458 1571
458 1361
459 1919
459 1487
460 2015
460 1584
461 1816
461 1773
462 733
462 1024
463 1842
463 573
463 1766
464 1571
464 1361
465 1085
465 1090
466 592
466 1517
468 634
469 591
469 632
470 2072
471 2106
471 973
472 1611
473 1696
473 851
473 570
474 1568
474 768
475 1510
475 1920
476 1377
477 2135
478 1383
478 1488
479 2220
480 669
480 2027
481 489
481 1171
482 1276
483 2232
484 978
485 853
485 612
486 851
486 1506
486 570
488 1478
488 1349
489 1171
490 2270
490 1886
491 1489
492 1890
492 1465
492 1524
493 1842
493 573
493 1766
494 571
494 739
495 759
495 936
496 1238
497 1052
497 1284
498 1475
498 903
499 1642
499 696
499 911
500 1546
501 688
501 1352
502 2091
502 1470
502 1217
503 756
503 792
504 1220
504 1103
505 2122
505 1727
506 873
506 781
507 729
507 695
507 847
508 1560
508 1797
508 825
509 615
510 995
510 1987
510 1150
511 1574
511 1381
512 794
513 1560
513 1797
513 825
514 1824
514 778
515 1663
516 1755
516 1891
517 1791
517 1449
517 1210
518 957
518 780
519 1572
519 967
520 2157
520 2276
521 1842
521 573
521 1766
522 693
523 1842
523 573
523 1766
524 1701
524 828
524 1436
525 688
525 1352
526 1740
526 716
527 2041
527 1410
528 1781
529 854
529 1249
529 1029
530 2135
531 1187
531 2179
532 688
532 1352
534 1337
534 1282
535 1442
535 866
536 2203
536 2110
537 1123
537 734
537 1472
538 1134
538 1848
539 1556
540 1998
540 1575
541 1563
542 851
542 1506
542 570
543 550
543 1930
544 876
545 1642
545 696
545 911
546 1886
546 1132
547 1227
549 771
549 1535
550 976
550 1002
551 2185
551 708
552 1405
552 2134
553 1842
553 573
553 1766
554 2091
554 1470
554 1217
555 1905
555 2226
556 1000
557 976
557 1002
559 678
560 698
561 1484
561 1300
562 731
563 1842
563 573
563 1766
564 1546
565 1207
566 2091
566 1470
566 1217
567 795
567 1522
568 1078
568 1514
569 585
570 851
570 1506
571 739
572 897
572 2204
573 1842
573 1766
574 1792
574 807
575 777
576 1011
577 724
578 1322
578 1278
579 966
579 781
580 1315
580 2044
581 1774
582 661
582 1030
583 688
583 1352
584 2217
585 1403
586 2135
588 1816
588 1773
589 1376
590 1842
590 1766
591 632
592 1517
594 2091
594 1470
594 1217
595 1749
595 1333
596 1289
597 1546
599 688
599 1352
600 1553
601 1362
601 817
602 609
603 1375
603 707
604 1586
604 1176
605 2121
605 1376
606 1717
607 1816
607 1773
608 1019
610 1475
610 1140
611 851
611 1506
612 853
613 1404
614 687
614 2190
616 1604
617 2023
617 1647
618 2193
619 927
620 2185
621 2092
621 720
622 2211
622 943
623 1577
623 1186
624 1213
624 635
625 2023
625 1647
626 2232
626 1447
627 688
627 1352
628 1239
628 1307
629 1180
629 839
630 937
630 1046
631 1330
631 2069
633 1402
635 1213
636 1697
637 1845
638 1222
639 1546
641 2273
642 698
643 1722
643 755
644 844
644 743
645 865
645 1244
646 749
647 817
647 1362
648 1927
648 1588
648 1436
649 2066
649 1407
650 2003
650 1565
651 1571
651 1361
652 1932
652 1974
653 1245
653 2129
654 844
654 743
655 694
655 2012
656 2123
657 814
658 2143
659 851
659 1506
661 1030
662 1913
662 2054
663 1571
663 1361
664 1079
664 2136
664 1080
665 838
665 1308
666 2186
666 936
667 688
667 1352
668 2098
668 1424
669 2027
669 1334
671 2045
671 985
673 2091
673 1470
673 1217
674 1674
674 1147
675 799
675 1393
675 1172
676 1124
676 1974
677 2137
677 892
680 844
680 743
681 1076
681 1981
681 911
682 1460
683 1555
683 2097
685 2091
685 1470
685 1217
686 851
686 1506
687 1400
687 1077
688 1352
689 959
689 906
690 2170
690 2173
691 976
691 1002
692 736
692 754
694 2012
695 729
695 847
696 1637
697 1078
697 1254
698 2196
698 705
699 841
699 1398
700 1252
701 1083
701 1784
702 1407
702 959
702 906
703 1809
703 1971
704 1842
704 1766
705 2196
706 1019
707 1375
708 2185
709 1145
710 1070
710 858
711 999
712 1842
712 1766
713 799
713 1393
713 1172
714 1352
715 2091
715 1470
715 1217
716 1298
717 1234
717 1515
718 2023
718 1647
719 1885
719 1173
720 1656
721 1256
722 1560
722 1797
722 825
723 1962
723 1537
725 1428
725 815
726 2019
726 1859
727 2230
728 1930
729 847
730 1685
730 749
731 1299
732 1352
733 1024
734 1472
734 784
734 1123
735 1644
735 1636
736 1892
736 754
737 972
738 2008
738 2047
740 2023
740 1647
741 1458
743 844
744 1061
744 882
745 1364
746 764
746 2172
747 1709
747 1322
747 1278
748 1448
748 1604
750 1902
750 1330
751 2029
751 1539
752 1842
752 1766
753 838
754 1892
755 1578
756 792
757 1358
758 2055
758 1759
759 2161
760 1547
760 1569
761 903
761 1475
762 2023
762 1647
763 1867
763 928
764 2172
765 2023
765 1647
766 1581
767 1967
767 1151
768 1568
769 1601
770 1571
770 1361
772 1890
772 1465
772 1524
773 1842
773 1766
774 1663
775 1772
775 1806
776 2188
776 2230
778 1824
779 1699
779 2087
780 957
781 873
782 2038
782 1206
783 817
783 1362
784 1472
785 1560
785 1797
785 825
786 2258
786 1999
787 2025
787 1153
788 1165
789 1352
790 851
790 1506
791 1777
791 1033
793 1352
794 996
795 1522
796 1709
796 1322
796 1278
797 2172
799 1393
799 1172
800 1298
801 1842
801 1766
802 2091
802 1470
802 1217
804 1889
804 2243
805 2091
805 1470
805 1217
806 2270
806 1333
807 1296
807 1795
809 1154
809 913
810 1804
810 869
813 850
813 2133
814 1443
814 1635
815 1428
816 1387
816 826
817 1362
819 1653
821 1849
821 1765
822 1199
822 1457
823 1352
824 2091
824 1470
824 1217
825 1560
825 1797
826 855
827 1717
828 1701
828 1436
829 1303
829 2225
830 1352
832 1212
832 1926
833 1743
833 2069
834 849
834 1894
834 1501
835 1143
837 1505
839 2007
839 1882
840 844
841 897
841 1398
842 1333
843 1352
845 1079
845 2136
845 1080
846 1816
846 1773
848 1309
848 1255
849 1894
849 1501
850 977
851 1506
852 1553
854 2025
854 1153
855 1008
855 1387
856 1432
856 1430
858 1070
859 1560
859 1797
860 1929
860 878
861 2055
861 1179
862 2043
862 1564
863 976
863 1002
864 1696
865 1244
866 1442
867 1748
867 1761
868 1791
868 1449
868 1210
869 987
869 1804
870 1178
871 2091
871 1470
871 1217
872 1992
872 1802
874 1506
875 2135
877 2023
877 1647
878 1929
879 2242
880 1090
881 1534
881 1520
882 2233
883 1342
884 2091
884 1470
884 1217
885 1027
887 1419
887 932
888 1507
888 2055
889 1079
889 2136
889 1080
890 1814
890 1949
891 1899
892 2137
893 1362
894 1478
894 1349
895 2068
895 1010
896 1343
896 1223
897 1247
897 1398
899 1486
900 2175
900 1925
901 2096
901 1231
902 1571
902 1361
903 1475
904 1567
904 1184
905 2220
906 1407
906 959
908 1584
908 2015
909 995
909 1987
909 1150
910 1483
910 1059
911 1637
911 2091
912 1546
913 1154
914 2072
915 1936
916 2164
916 1087
917 999
918 1393
918 1172
919 1040
919 1858
920 976
920 1002
921 2177
922 1727
922 2220
923 2151
924 1932
925 969
925 1197
926 990
926 1874
926 1226
928 1426
929 1571
929 1361
930 1401
931 2143
932 1419
933 972
933 1502
934 2149
934 1415
935 1880
935 1168
936 1814
937 1134
937 1848
938 2079
940 1079
940 2136
940 1080
941 1890
941 1465
941 1524
943 2211
944 2194
944 1846
945 2072
946 1623
946 1624
946 1191
948 1354
949 1184
949 1466
950 1890
950 1465
950 1524
952 1338
952 2038
952 1206
953 2023
953 1647
954 1674
954 1147
955 971
955 1593
956 1569
958 1174
958 996
960 1931
961 2023
961 1647
963 2023
963 1647
964 1387
964 1008
965 2172
967 1572
968 2091
968 1470
968 1217
969 1992
969 1802
970 1398
971 1593
972 1502
973 2106
975 1173
975 1885
976 1002
979 1949
979 2254
980 2007
980 1882
981 2103
981 1436
982 1393
982 1172
983 2135
984 1134
984 1848
985 2045
986 1546
987 1804
988 1251
988 2070
988 1982
989 1890
989 1465
989 1524
990 1993
990 2248
991 2002
992 2172
993 2165
993 2192
994 1578
995 1987
995 1150
996 1174
997 1842
997 1766
998 1546
1001 1551
1001 1436
1004 1334
1004 1480
1005 1862
1005 1326
1006 1842
1006 1766
1007 1611
1007 2130
1008 1387
1010 2068
1011 1341
1011 1731
1012 1594
1012 1115
1013 1398
1014 1632
1014 1574
1015 1352
1016 1362
1017 1664
1017 1980
1018 1276
1018 1230
1020 1676
1021 2252
1021 1218
1022 2091
1022 1470
1022 1217
1023 1398
1023 1988
1025 2127
1025 2136
1025 1080
1026 1352
1028 1842
1028 1766
1029 2025
1029 1153
1031 1673
1032 1572
1033 2186
1033 1777
1034 1177
1035 1868
1035 1703
1037 1809
1037 1971
1038 1067
1038 1071
1039 1777
1040 1523
1041 1546
1042 1842
1042 1766
1043 1271
1045 2245
1045 1656
1047 1126
1047 1819
1047 1542
1048 2091
1048 1470
1048 1217
1049 1609
1049 1751
1049 1337
1050 1352
1051 1506
1052 1284
1053 1064
1053 1131
1054 1387
1056 1178
1057 2023
1057 1647
1058 1560
1058 1797
1059 1527
1060 1393
1060 1172
1061 1456
1062 1077
1062 1400
1063 1442
1063 1909
1064 1131
1065 2127
1065 2136
1065 1080
1066 1187
1066 2179
1067 1071
1067 1819
1067 1542
1068 1621
1068 1369
1069 1696
1071 1126
1071 1819
1071 1542
1072 1301
1072 1668
1073 1075
1073 1219
1074 1178
1075 1219
1076 1267
1076 1994
1076 1509
1077 1400
1078 1514
1079 1080
1080 2136
1081 2015
1082 1981
1082 1681
1083 1784
1084 1227
1085 1090
1086 1166
1086 1188
1087 2164
1088 1352
1089 1220
1091 1623
1091 1624
1091 1191
1092 2101
1093 2023
1093 1647
1094 2042
1094 1592
1095 1166
1097 1167
1097 1411
1098 1851
1098 1500
1100 1842
1100 1766
1101 1816
1101 1773
1103 1220
1106 1120
1106 1227
1107 2170
1107 2173
1107 1768
1108 1560
1108 1797
1109 1284
1110 1352
1111 1790
1112 1235
1112 1305
1112 1806
1113 1702
1113 1813
1114 1151
1114 1967
1115 2219
1115 1594
1117 1613
1118 1281
1119 2117
1119 1267
1119 1509
1120 1227
1122 1383
1122 1841
1123 1472
1124 1974
1125 1428
1126 1819
1126 1542
1127 1398
1128 2135
1129 1560
1129 1797
1130 1960
1132 1886
1133 1791
1133 1449
1133 1210
1134 1848
1135 1472
1136 1711
1137 2019
1139 1546
1140 1475
1144 1778
1145 1370
1146 1701
1146 2176
1146 1768
1147 1674
1149 1662
1150 1987
1151 1967
1152 1184
1154 1946
1157 1689
1158 1651
1159 1870
1160 1542
1161 2130
1161 1611
1162 2183
1162 2275
1163 1355
1163 1386
1164 1923
1164 2259
1167 1411
1168 2186
1169 1755
1169 1891
1170 1371
1170 2004
1172 1393
1173 1471
1173 1885
1175 2276
1176 1586
1177 1832
1177 1561
1179 2084
1181 1878
1182 1470
1182 2091
1183 1269
1183 1434
1184 2228
1187 2058
1187 2179
1189 1636
1189 1644
1189 1455
1191 1624
1191 1831
1192 2147
1193 1560
1193 1797
1198 1564
1199 1457
1200 1604
1202 1752
1202 1907
1203 1332
1204 2072
1205 1354
1205 1694
1206 1338
1206 2038
1208 1842
1208 1766
1209 2276
1210 1791
1210 1449
1211 1870
1212 1926
1213 1801
1214 1962
1214 1537
1215 1511
1215 1418
1216 2034
1216 2048
1216 1542
1218 2252
1221 2092
1223 1343
1224 1398
1225 1905
1225 1847
1226 1874
1228 1981
1229 1629
1229 1361
1230 1276
1231 2096
1232 2225
1232 1344
1234 1515
1235 1305
1235 1806
1237 2145
1237 2090
1240 1447
1240 1394
1242 1809
1242 1971
1243 1842
1243 1766
1245 2129
1246 1560
1246 1797
1247 1398
1248 1259
1249 1503
1249 2025
1251 2070
1251 1982
1255 1309
1257 1725
1258 1782
1258 2023
1259 1668
1260 1842
1260 1766
1261 1890
1261 1465
1261 1524
1263 1538
1264 1470
1264 2091
1265 1980
1267 1470
1267 2091
1268 2111
1268 1745
1269 1434
1270 2276
1272 1514
1273 1432
1273 1430
1275 1853
1277 2072
1278 1709
1278 1322
1279 1470
1279 2091
1280 1933
1282 1337
1283 1816
1283 1773
1285 1918
1285 1898
1286 1406
1287 1560
1288 2177
1288 2026
1290 1665
1290 1724
1291 2004
1291 1371
1292 1560
1293 1955
1293 1655
1294 1699
1294 2087
1296 1795
1297 1853
1297 1626
1298 1740
1300 1484
1301 1668
1302 1871
1303 1409
1305 1806
1305 1772
1306 2172
1307 1516
1307 1684
1310 1479
1312 1907
1313 2162
1314 1560
1314 1797
1315 1884
1317 1791
1317 1449
1320 1617
1320 2232
1321 1398
1322 1709
1323 1696
1324 1426
1324 2118
1325 1645
1325 1642
1325 2056
1326 2145
1327 1359
1327 1828
1328 1560
1328 1797
1329 1387
1329 2154
1330 2069
1331 1692
1331 2078
1333 1741
1334 2027
1336 1645
1336 1642
1336 2056
1338 2038
1340 1369
1341 1532
1344 2013
1345 1572
1346 2211
1347 2121
1347 1376
1348 1701
1348 2176
1348 1768
1349 1478
1350 1682
1353 1842
1353 1766
1354 2018
1355 1552
1355 1386
1356 2246
1356 1860
1357 1944
1359 2274
1360 1784
1361 1571
1367 1985
1367 1954
1368 1645
1368 1642
1368 2056
1369 1621
1370 1486
1371 2004
1373 1791
1373 1449
1375 1475
1376 2121
1376 1691
1377 1646
1377 1688
1378 2189
1379 1560
1379 1797
1381 2253
1383 1902
1384 2206
1385 1560
1385 1797
1386 1552
1388 1445
1388 1431
1389 1614
1392 1583
1394 1447
1396 1985
1396 2008
1397 1990
1399 1755
1399 1891
1401 1722
1405 1748
1407 2066
1408 2213
1408 2094
1409 2225
1410 2041
1413 1506
1414 1919
1415 2149
1418 1511
1421 1585
1422 1533
1424 2098
1426 1785
1427 1980
1429 1985
1429 1954
1430 1432
1431 1445
1433 1645
1433 1642
1433 2056
1435 2113
1435 1877
1436 1701
1436 1768
1437 2135
1438 1870
1440 1870
1443 1635
1444 1816
1444 1773
1446 1560
1446 1797
1447 2232
1448 1604
1449 1791
1451 2088
1451 2039
1453 1782
1453 2023
1454 1854
1455 1636
1461 1645
1461 1642
1461 2056
1462 2195
1462 1989
1463 1862
1464 2048
1464 1542
1465 1890
1465 1524
1466 1683
1467 2087
1467 1699
1467 1649
1469 2154
1469 1769
1471 1885
1476 2001
1476 2191
1477 1698
1481 2091
1481 2010
1482 1907
1483 2091
1483 2010
1486 1543
1487 2099
1487 2096
1490 1793
1491 1791
1492 1898
1493 1708
1494 2135
1495 2013
1496 1546
1497 2235
1500 1851
1501 1894
1503 2025
1504 1722
1507 2055
1509 1645
1509 1642
1509 2056
1510 1920
1512 2113
1512 1877
1513 1842
1513 1766
1516 1684
1516 2206
1521 1842
1521 1766
1523 1858
1524 1890
1525 1755
1525 1891
1528 1612
1528 1747
1532 1925
1534 1739
1537 1962
1540 1645
1540 1642
1540 2056
1541 1842
1541 1766
1542 1819
1544 2087
1544 1699
1547 1569
1548 1791
1549 1818
1549 1738
1551 1701
1551 1768
1554 1612
1554 1776
1555 2097
1559 1740
1560 1797
1564 2028
1566 1791
1570 1758
1574 1632
1575 1998
1576 2033
1577 2089
1580 1890
1582 2087
1582 1699
1582 1649
1584 2015
1587 1842
1587 1766
1588 2083
1588 2170
1588 1768
1589 1971
1592 1924
1594 2219
1595 1797
1596 1777
1596 2119
1597 1738
1597 2126
1599 2233
1600 1792
1602 1806
1603 1720
1603 1847
1605 1791
1608 2048
1609 1751
1610 2219
1610 1839
1611 2130
1612 1776
1617 2232
1618 2070
1618 1982
1619 1755
1619 1891
1620 1878
1623 1624
1625 1948
1627 2091
1627 2010
1628 1758
1633 2220
1633 2228
1639 2220
1640 1683
1641 1662
1642 1981
1643 1885
1645 1981
1646 1688
1648 2051
1649 1699
1650 1842
1650 1766
1652 1792
1655 1955
1657 1782
1657 2023
1661 2226
1661 1905
1662 1876
1663 1892
1664 1980
1667 2156
1670 1697
1671 1864
1675 1751
1677 1916
1679 1784
1680 1903
1680 1812
1681 1981
1682 1974
1683 2220
1684 2206
1686 2008
1687 1772
1687 1806
1690 1894
1691 2121
1692 2078
1693 1718
1693 2197
1700 1985
1700 1954
1701 2170
1701 2173
1701 1768
1702 1813
1705 1782
1705 2023
1706 2218
1706 2021
1707 1993
1707 2248
1710 1791
1712 1749
1714 2030
1716 2095
1718 1980
1718 2197
1719 2091
1719 2010
1720 2226
1721 1722
1723 1842
1723 1766
1724 2207
1727 2220
1729 1781
1732 1928
1732 1879
1738 1818
1741 1976
1741 2263
1743 2069
1745 1777
1745 2259
1746 2091
1746 2010
1749 1769
1750 2013
1752 1907
1753 2008
1755 1891
1756 2193
1757 2135
1763 1865
1764 2098
1765 1849
1766 1842
1767 1791
1769 2154
1770 2135
1771 1951
1772 1806
1773 1816
1775 1977
1775 2231
1778 2138
1783 1842
1788 2161
1789 1828
1790 1867
1792 1795
1793 1871
1796 1819
1799 2276
1799 1917
1802 1992
1803 1905
1805 2075
1807 2091
1807 2010
1809 1971
1812 1903
1814 2254
1817 1968
1821 1981
1821 2056
1825 1981
1828 2188
1832 2253
1836 1935
1837 2172
1839 2219
1841 2069
1843 1911
1845 2228
1846 2194
1847 1901
1856 1980
1859 1998
1860 1917
1861 2060
1863 2206
1863 2166
1866 2203
1873 1981
1875 1968
1877 2113
1879 1928
1882 2007
1883 1890
1884 2258
1886 2270
1888 2135
1889 1951
1893 1969
1893 2056
1895 2192
1896 1969
1896 2056
1897 2072
1900 2145
1900 2090
1901 2226
1903 2141
1905 2226
1910 2091
1910 2010
1912 2179
1913 2054
1917 2276
1919 1930
1923 2179
1923 2058
1927 2176
1931 2228
1932 1974
1939 2263
1940 2172
1944 1990
1944 2064
1950 2276
1954 1985
1957 2099
1966 2067
1970 2045
1975 2172
1976 2263
1977 2274
1982 2070
1983 2206
1984 2220
1986 2028
1986 2043
1989 2195
1994 2091
1995 2135
1999 2258
2005 2222
2009 2043
2016 2017
2024 2135
2028 2043
2030 2158
2034 2048
2035 2210
2037 2184
2039 2088
2040 2222
2042 2165
2042 2192
2046 2206
2058 2179
2065 2143
2068 2143
2079 2264
2080 2143
2083 2170
2083 2173
2090 2145
2094 2213
2096 2099
2103 2176
2109 2113
2113 2187
2117 2189
2119 2191
2124 2222
2125 2222
2134 2204
2139 2206
2141 2214
2153 2209
2153 2191
2157 2276
2158 2254
2160 2222
2167 2172
2169 2242
2170 2176
2171 2172
2174 2209
2174 2191
2175 2192
2180 2229
2183 2275
2189 2222
2191 2209
2212 2276
2231 2274
2239 2263
2255 2269
