0 1181
0 1991
0 1611
0 1667
0 472
1 2138
1 1661
1 555
1 1905
1 2226
2 1249
2 1029
2 1503
2 1153
2 529
2 2025
3 239
3 769
3 1601
3 1545
3 234
4 1722
4 1227
4 1120
4 1671
4 1864
5 1661
5 1803
5 555
5 820
6 553
6 563
6 523
6 1842
6 573
6 1766
7 912
7 1546
7 1496
7 151
7 257
8 687
8 1402
8 1400
8 1077
8 633
9 49
9 1791
9 1449
9 2049
9 1133
9 1210
10 1538
10 1263
10 2185
10 551
10 708
11 761
11 762
11 763
11 758
11 759
11 2276
12 371
12 195
12 179
12 2003
12 25
13 1729
13 1781
13 407
13 467
13 1558
14 761
14 762
14 763
14 758
14 759
14 2276
15 466
15 1517
15 602
15 592
15 609
16 2018
16 1106
16 1354
16 948
16 2116
17 1960
17 857
17 575
17 295
17 777
18 1620
18 1878
18 128
18 1886
18 2061
19 1696
19 1562
19 1069
19 659
19 1036
19 473
20 1148
20 2010
20 2091
20 1637
20 1470
20 1217
21 2232
21 120
21 350
21 947
21 215
22 2042
22 2111
22 194
22 2233
22 1599
23 2035
23 356
23 367
23 487
23 1726
24 1782
24 2023
24 1647
24 410
24 213
24 1157
25 371
25 195
25 2003
25 179
26 1851
26 647
26 817
26 1362
26 1958
27 2082
27 1629
27 929
27 458
27 1571
27 1361
28 1435
28 95
28 2113
28 1877
28 2187
29 495
29 1693
29 108
29 885
29 1027
30 2021
30 509
30 1009
30 158
30 615
31 140
31 1628
31 235
31 1570
31 1758
32 1636
32 209
32 1149
32 1876
32 1662
33 2003
33 2208
33 1989
33 1462
33 2195
34 1148
34 2010
34 2091
34 1637
34 1470
34 1217
35 1237
35 556
35 94
35 587
35 1000
36 2112
36 1673
36 1489
36 2214
36 491
37 1707
37 2248
37 1874
37 990
37 1993
37 1226
38 379
38 1902
38 1383
38 640
38 51
39 1556
39 539
39 328
39 2079
39 938
40 1214
40 1962
40 323
40 2144
40 1537
41 1811
41 79
41 667
41 688
41 75
41 1352
42 1696
42 1562
42 1069
42 659
42 1036
42 473
43 1148
43 2010
43 2091
43 1637
43 1470
43 1217
44 242
44 222
44 484
44 441
44 978
45 162
45 1827
45 1742
45 541
45 1563
46 516
46 1525
46 2229
46 883
46 1342
47 49
47 1791
47 1449
47 2049
47 1133
47 1210
48 553
48 563
48 523
48 1842
48 573
48 1766
49 1791
49 1449
49 2049
49 1133
49 1210
50 2226
50 1222
50 1759
50 1661
50 1905
51 379
51 1902
51 1383
51 640
52 1814
52 890
52 1949
52 979
52 2254
53 2185
53 319
53 423
53 377
53 551
54 1250
54 664
54 260
54 1080
54 2051
55 1055
55 705
55 698
55 2036
55 380
55 376
56 1174
56 1805
56 1382
56 2215
56 791
57 1195
57 2016
57 2007
57 1180
57 1882
57 839
58 1214
58 1962
58 323
58 2144
58 1537
59 144
59 586
59 1057
59 765
59 762
59 2135
60 1117
60 1184
60 1152
60 2006
60 1613
61 864
61 486
61 1855
61 1696
61 851
61 570
62 750
62 379
62 631
62 1383
62 1902
63 113
63 74
63 682
63 1460
63 1943
64 1228
64 1082
64 1642
64 1076
64 696
64 911
65 1782
65 2023
65 1647
65 410
65 213
65 1157
66 490
66 2270
66 1286
66 432
66 1406
67 247
67 348
67 1722
67 1463
67 1227
68 1881
68 1236
68 654
68 844
68 743
68 294
69 1123
69 537
69 734
69 1233
69 157
70 549
70 1535
70 1754
70 771
70 322
71 227
71 2151
71 309
71 1778
71 1144
72 508
72 1446
72 1560
72 1129
72 1797
72 825
73 2210
73 1073
73 2181
73 1280
73 1933
74 113
74 1964
74 682
74 1460
75 1811
75 79
75 667
75 688
75 1352
76 669
76 2027
76 454
76 482
76 218
77 1275
77 2123
77 1761
77 1748
77 867
78 281
78 2055
78 888
78 820
78 1507
79 1811
79 667
79 688
79 1352
80 555
80 888
80 1507
80 2055
80 281
81 173
81 646
81 730
81 942
81 749
82 1064
82 279
82 1131
82 397
82 1351
83 1471
83 1885
83 1092
83 1173
83 1643
84 2200
84 1953
84 1763
84 1865
84 142
85 107
85 1737
85 600
85 1553
85 798
86 327
86 1219
86 1404
86 613
86 369
87 695
87 729
87 446
87 312
87 847
88 1121
88 2201
88 2150
88 891
88 1899
89 754
89 858
89 710
89 1892
89 1663
90 224
90 1289
90 634
90 203
90 468
91 126
91 1277
91 945
91 2072
91 403
92 994
92 1578
92 285
92 628
92 396
93 2046
93 1651
93 1815
93 401
93 1158
94 1237
94 556
94 587
94 1000
95 115
95 2187
95 2113
95 1877
96 972
96 737
96 299
96 1318
96 1502
97 2077
97 1388
97 1431
97 1526
97 1445
98 508
98 1446
98 1560
98 1129
98 1797
98 825
99 577
99 724
99 162
99 437
99 951
100 2034
100 1464
100 1819
100 1071
100 1542
101 1811
101 667
101 688
101 1352
102 931
102 2080
102 658
102 413
102 2143
103 1148
103 2010
103 2091
103 1637
103 1470
103 1217
104 440
104 598
104 252
104 2104
104 178
105 1078
105 411
105 447
105 1256
105 721
106 2030
106 1019
106 608
106 706
106 1812
107 798
107 1737
107 852
107 1553
107 600
108 1722
108 1227
108 885
108 1027
109 1283
109 607
109 1444
109 1816
109 1773
110 1851
110 668
110 2098
110 1424
110 1764
111 349
111 1423
111 297
111 221
111 1196
112 508
112 1446
112 1560
112 1129
112 1797
112 825
113 1964
113 1266
113 1460
113 682
114 939
114 1838
114 632
114 591
114 469
115 2187
115 1435
115 1877
115 1512
116 144
116 586
116 1057
116 765
116 762
116 2135
117 2154
117 1749
117 1008
117 855
117 1387
118 230
118 1503
118 529
118 854
118 1249
118 1029
119 243
119 1403
119 811
119 301
119 818
120 739
120 947
120 215
120 350
121 1827
121 214
121 386
121 927
121 619
122 179
122 650
122 1565
122 2003
123 1663
123 736
123 754
123 162
124 2152
124 865
124 306
124 645
124 1244
125 1699
125 779
125 1416
125 331
125 593
126 945
126 2072
126 403
126 1277
127 1275
127 562
127 731
127 1266
127 1299
128 275
128 1620
128 1181
128 1878
128 359
129 1935
129 1120
129 1711
129 1722
129 1136
130 1992
130 2114
130 399
130 143
130 969
131 183
131 329
131 258
131 1411
131 1167
131 1097
132 1228
132 1082
132 1642
132 1076
132 696
132 911
133 1881
133 1236
133 654
133 844
133 743
133 294
134 1811
134 667
134 688
134 1352
135 1507
135 888
135 2055
135 742
135 172
136 636
136 394
136 1670
136 1697
137 1238
137 616
137 2109
137 1166
137 1095
138 265
138 1116
138 1708
138 491
138 1489
139 1148
139 2010
139 2091
139 1637
139 1470
139 1217
140 235
140 1628
140 1570
140 344
140 836
141 960
141 1968
141 881
141 1371
141 1291
142 2200
142 1953
142 1763
142 1865
143 1992
143 2114
143 399
143 969
144 1782
144 2023
144 1647
144 410
144 213
144 1157
145 1868
145 2140
145 2273
145 153
145 641
146 220
146 2174
146 533
146 293
146 175
147 425
147 1269
147 1785
147 1434
147 1183
148 1903
148 2141
148 2214
148 1489
149 873
149 579
149 506
149 966
149 781
150 1879
150 1732
150 210
150 357
150 180
151 564
151 1139
151 639
151 1546
151 176
151 438
152 1225
152 518
152 436
152 957
152 780
153 238
153 2140
153 641
153 2273
154 1016
154 2029
154 817
154 1362
154 647
155 1148
155 2010
155 2091
155 1637
155 1470
155 1217
156 1228
156 1082
156 1642
156 1076
156 696
156 911
157 1135
157 537
157 1123
157 734
157 1472
158 2021
158 509
158 1009
158 615
159 1055
159 705
159 698
159 2036
159 380
159 376
160 754
160 736
160 1892
160 1663
161 2248
161 1874
161 315
161 926
162 1663
162 754
162 736
163 1148
163 2010
163 2091
163 1637
163 1470
163 1217
164 797
164 764
164 746
164 2171
164 2172
165 1820
165 2034
165 1071
165 1126
165 1819
165 1542
166 1148
166 2010
166 2091
166 1637
166 1470
166 1217
167 485
167 1561
167 1536
167 1177
167 1034
168 1588
168 2173
168 690
168 1630
168 1768
169 1120
169 547
169 1056
169 1178
169 870
170 700
170 1942
170 711
170 999
170 917
171 909
171 510
171 1987
171 995
171 1150
172 1507
172 888
172 2055
172 742
173 942
173 730
173 646
173 1685
173 749
174 2158
174 1640
174 1369
174 2075
174 2174
175 220
175 2174
175 533
175 293
176 564
176 1139
176 639
176 1546
176 438
177 508
177 1446
177 1560
177 1129
177 1797
177 825
178 1366
178 670
178 440
178 2104
178 347
178 300
179 195
179 371
179 2003
180 1879
180 1732
180 210
180 357
181 2170
181 1701
181 828
181 1852
181 1436
182 1971
182 1532
182 1925
182 1599
182 1341
183 1097
183 329
183 1167
183 1411
184 1335
184 819
184 803
184 678
184 559
185 1055
185 705
185 698
185 2036
185 380
185 376
186 2203
186 1674
186 1147
186 954
186 339
187 221
187 1423
187 2014
187 2123
188 727
188 1676
188 1020
188 2269
188 2255
189 2008
189 1753
189 1985
189 1700
189 1954
190 1499
190 1615
190 1380
190 358
190 1374
191 1112
191 1772
191 1235
191 1305
191 1806
192 864
192 486
192 1855
192 1696
192 851
192 570
193 984
193 937
193 538
193 1848
193 1441
194 993
194 2111
194 1599
194 2233
195 1989
195 371
196 1439
196 1090
196 1085
196 1117
196 1774
197 1584
197 460
197 1794
197 2015
197 1081
198 1431
198 2077
198 2148
198 1708
198 1493
199 586
199 1057
199 765
199 762
199 2135
200 1148
200 2010
200 2091
200 1637
200 1470
200 1217
201 1148
201 2010
201 2091
201 1637
201 1470
201 1217
202 1148
202 2010
202 2091
202 1637
202 1470
202 1217
203 1289
203 224
203 596
203 468
203 634
204 536
204 1866
204 339
204 1147
204 2203
205 437
205 577
205 1663
206 1057
206 762
206 765
206 740
206 1453
206 586
207 1252
207 272
207 768
207 474
207 700
208 1342
208 883
208 665
208 753
208 838
209 446
209 1381
209 1662
209 1876
210 1928
210 1879
210 357
210 1732
211 919
211 1858
211 362
211 1040
211 1523
212 708
212 551
212 2185
212 241
212 406
213 410
213 2023
213 1157
214 1827
214 927
214 386
214 619
215 1320
215 947
215 350
216 1148
216 2010
216 2091
216 1637
216 1470
216 1217
217 524
217 690
217 1348
217 1588
217 1927
217 1436
218 1334
218 669
218 454
218 482
219 1172
219 1060
219 1111
219 1790
219 1867
220 531
220 1923
220 2179
220 2058
220 1912
221 349
221 1423
221 297
221 1196
222 441
222 484
222 1590
222 978
222 242
223 781
223 873
223 579
223 679
224 468
224 634
224 2251
224 596
224 1289
225 807
225 1792
225 1296
225 574
225 1795
226 1758
226 235
226 1628
226 1084
227 1144
227 1778
227 309
227 2250
227 2151
228 1169
228 1755
228 1399
228 1891
228 516
229 1916
229 561
229 1779
229 1484
229 1300
230 1503
230 529
230 854
230 1249
230 1029
231 1157
231 1057
231 586
231 2135
232 240
232 361
232 747
232 1322
232 1709
232 1278
233 1450
233 250
233 1808
233 439
233 1358
234 239
234 769
234 1601
234 1545
235 1628
235 1570
235 1758
236 1670
236 1697
236 736
236 754
237 1403
237 1626
237 818
237 569
237 1201
238 2273
238 641
238 1868
239 1601
239 769
239 2112
240 361
240 747
240 1322
240 1709
240 1278
241 551
241 2185
241 708
241 406
242 484
242 441
242 978
243 811
243 301
243 569
243 585
244 425
244 1269
244 1785
244 1434
244 1183
245 864
245 486
245 1855
245 1696
245 851
245 570
246 761
246 762
246 763
246 758
246 759
246 2276
247 1722
247 1120
247 1935
247 1227
247 547
248 2027
248 514
248 778
248 1824
249 312
249 476
249 1688
249 1646
249 1377
250 1450
250 1808
250 439
250 1358
251 1318
251 1502
251 737
251 972
252 1366
252 670
252 440
252 2104
252 347
252 300
253 1527
253 1517
253 466
253 592
253 1704
254 1263
254 1538
254 708
254 2185
254 551
255 1935
255 1415
255 2139
255 1389
255 1614
256 864
256 486
256 1855
256 1696
256 851
256 570
257 564
257 1139
257 639
257 1546
257 438
258 1097
258 329
258 1167
258 1411
259 1228
259 1082
259 1642
259 1076
259 696
259 911
260 940
260 2136
260 2127
260 1079
260 1250
260 1080
261 553
261 563
261 523
261 1842
261 573
261 1766
262 743
262 1617
262 1518
262 1579
262 325
263 1419
263 552
263 2214
263 899
263 709
264 2001
264 368
264 835
264 1143
264 1643
265 1116
265 1958
265 491
265 1489
266 800
266 526
266 284
266 1298
266 1740
266 716
267 997
267 1662
267 1458
267 741
268 736
268 480
268 774
268 1253
269 564
269 1139
269 639
269 1546
269 438
270 945
270 1277
270 403
270 2072
271 1881
271 1236
271 654
271 844
271 743
271 294
272 1252
272 1142
272 1945
272 700
273 1935
273 547
273 1760
273 348
274 553
274 563
274 523
274 1842
274 573
274 1766
275 1620
275 1181
275 1878
275 359
276 2004
276 2228
276 1633
276 1727
276 2220
277 1332
277 2147
277 1192
277 1417
277 280
278 2082
278 1629
278 929
278 458
278 1571
278 1361
279 397
279 1064
279 1053
279 1131
280 1332
280 2147
280 1192
280 1417
281 555
281 888
281 1507
281 2055
282 1700
282 1753
282 2008
282 1396
282 1686
283 1228
283 1082
283 1642
283 1076
283 696
283 911
284 800
284 526
284 1298
284 716
285 414
285 1578
285 1508
285 994
285 428
286 876
286 1591
286 733
286 462
286 1024
287 745
287 1364
287 2037
287 449
287 2184
288 809
288 1678
288 428
288 1508
288 414
289 702
289 1407
289 906
289 689
289 649
290 863
290 1211
290 1421
290 550
290 976
290 1002
291 508
291 1446
291 1560
291 1129
291 1797
291 825
292 508
292 1446
292 1560
292 1129
292 1797
292 825
293 2174
293 533
294 1881
294 1236
294 654
294 844
294 743
295 1960
295 857
295 575
295 777
296 897
296 366
296 2223
296 1398
296 1988
297 349
297 1423
297 1196
298 646
298 730
298 942
298 749
299 1502
299 1318
299 737
299 972
300 1366
300 670
300 440
300 2104
300 347
301 1403
301 811
301 818
302 2148
302 898
302 442
302 387
303 1148
303 2010
303 2091
303 1637
303 1470
303 1217
304 1782
304 1157
304 1647
304 410
304 2023
305 2170
305 1701
305 828
305 1852
305 1436
306 2152
306 865
306 645
306 1244
307 2170
307 1701
307 828
307 1852
307 1436
308 1892
308 1663
308 736
308 754
309 1737
309 1144
309 1778
309 2151
310 2220
310 1371
310 2081
310 479
310 660
311 1366
311 670
311 440
311 2104
311 347
312 476
312 729
312 695
312 507
312 847
313 553
313 563
313 523
313 1842
313 573
313 1766
314 447
314 411
314 721
314 1222
315 2248
315 1874
315 926
316 863
316 1211
316 1421
316 550
316 976
316 1002
317 1761
317 1748
317 1405
317 867
318 2148
318 2077
318 677
318 1943
318 892
319 2185
319 423
319 377
319 551
320 792
320 1611
320 1161
320 472
321 1679
321 1083
321 1360
321 701
321 1784
322 1754
322 1535
322 549
322 771
323 1214
323 1962
323 2144
323 1537
324 960
324 922
324 2228
324 881
324 936
325 1686
325 1617
325 1579
325 1518
326 524
326 690
326 1348
326 1588
326 1927
326 1436
327 613
327 2247
327 1219
327 1075
328 1156
328 539
328 1556
328 938
329 1097
329 1167
329 1411
330 794
330 1174
330 512
330 958
330 996
331 2087
331 1416
331 779
331 593
332 2170
332 1701
332 828
332 1852
332 1436
333 972
333 737
333 1318
334 1811
334 667
334 688
334 1352
335 2021
335 2218
335 1756
335 2193
335 618
336 2099
336 650
336 2096
336 1743
336 353
337 661
337 1030
337 402
337 582
337 1102
338 1318
338 972
338 737
339 2203
339 1674
339 1147
339 954
340 1403
340 811
341 508
341 1446
341 1560
341 1129
341 1797
341 825
342 1811
342 667
342 688
342 1352
343 1162
343 1369
343 1621
343 1000
343 556
344 836
344 1628
345 1261
345 1883
345 941
345 1890
345 1465
345 1524
346 1966
346 2067
346 1471
346 1173
346 1885
347 1366
347 670
347 440
347 2104
348 1722
348 1120
348 1935
348 1227
348 547
349 1196
349 656
349 2123
350 2232
350 947
351 1170
351 2004
351 1520
351 1371
351 1291
352 449
352 2037
352 1364
352 745
353 592
353 1593
353 971
353 955
353 1357
354 551
354 2185
354 708
354 1220
354 1089
355 1923
355 1187
355 2179
355 1066
355 2058
356 2245
356 2131
356 367
356 1726
357 1928
357 1879
357 1732
358 1499
358 1615
358 1380
358 1374
359 1620
359 1181
359 1878
360 1665
360 1454
360 1315
360 2258
360 1884
361 747
361 1322
361 1709
361 1278
362 1523
362 1858
362 1040
362 919
363 2263
363 1939
363 1307
363 1333
363 842
364 866
364 1442
364 1142
364 544
364 876
365 1055
365 705
365 698
365 2036
365 380
365 376
366 1887
366 1247
366 841
366 1398
366 897
367 928
367 1726
367 487
368 927
368 619
368 2001
368 1143
368 835
369 1219
369 1404
369 613
370 1398
370 1344
370 2225
370 970
370 1409
371 1989
372 652
372 1974
372 1281
372 1932
372 1682
373 1247
373 897
373 841
373 1398
374 1538
374 962
374 2185
374 551
374 708
375 772
375 1271
375 1422
375 1043
375 1533
376 1055
376 705
376 698
376 2036
376 380
377 2185
377 423
377 551
378 2094
378 2159
378 1555
378 683
378 2097
379 750
379 1383
379 1902
379 833
380 1055
380 705
380 698
380 2036
381 508
381 1446
381 1560
381 1129
381 1797
381 825
382 1885
382 2142
382 832
382 1926
382 1212
383 605
383 1691
383 1376
383 2121
383 589
384 508
384 1446
384 1560
384 1129
384 1797
384 825
385 635
385 1213
385 1801
385 624
386 1827
386 927
386 619
387 1431
387 442
387 1445
388 1982
388 708
388 2185
388 551
388 423
389 974
389 947
389 2093
390 863
390 1211
390 1421
390 550
390 976
390 1002
391 2060
391 1861
391 1630
391 1452
391 1347
392 940
392 2136
392 2127
392 1079
392 1250
392 1080
393 2058
393 2179
393 1066
393 2177
393 921
394 437
394 1670
394 1697
394 636
395 2082
395 1629
395 929
395 458
395 1571
395 1361
396 994
396 1578
396 628
397 1064
397 1053
397 1131
398 1148
398 2010
398 2091
398 1637
398 1470
398 1217
399 1992
399 2114
399 969
400 1261
400 1883
400 941
400 1890
400 1465
400 1524
401 2046
401 1815
401 1651
401 1158
402 661
402 1030
402 582
402 1102
403 945
403 1277
403 2072
404 936
404 1777
404 1241
404 1039
404 2186
405 1607
405 1309
405 1304
405 1207
405 565
406 551
406 2185
406 708
407 434
407 467
407 528
407 1558
408 1120
408 1504
408 1722
409 2052
409 1696
409 659
409 851
409 486
409 570
410 1157
410 2023
410 1689
411 568
411 447
411 1256
411 721
412 1876
412 1662
412 1641
413 931
413 2080
413 658
413 2143
414 1578
414 428
414 1508
415 1443
415 1635
415 814
415 1869
415 657
416 626
416 1617
416 2232
416 1320
416 483
417 553
417 563
417 523
417 1842
417 573
417 1766
418 1157
418 1057
418 586
418 2135
419 1982
419 2185
419 551
419 708
419 423
420 1200
420 453
420 748
420 1448
420 1604
421 2116
421 948
421 2018
421 1354
422 1085
422 1090
422 1117
422 1733
422 1439
423 1982
423 1251
423 708
423 551
423 2185
424 2146
424 803
424 1653
424 756
424 792
425 1269
425 1785
425 1434
425 1183
426 1283
426 607
426 1444
426 1816
426 1773
427 1812
427 1903
427 1116
428 994
428 1508
428 1578
429 598
429 1311
429 907
429 670
430 442
430 1885
430 2262
430 450
431 2156
431 1125
431 1428
431 725
431 815
432 490
432 2270
432 1406
432 1286
433 577
433 724
433 1625
433 437
433 1948
434 528
434 1781
434 1729
434 467
435 1375
435 837
435 1475
435 2132
435 1505
436 1225
436 518
436 957
436 780
437 754
437 736
437 577
437 724
438 564
438 1139
438 639
438 1546
439 1450
439 1808
439 1358
440 1366
440 670
440 2104
441 484
441 978
442 2148
442 898
443 1247
443 841
443 1398
443 897
444 1407
444 689
444 906
444 702
444 1105
445 864
445 486
445 1855
445 1696
445 851
445 570
446 2139
446 2265
446 1684
446 1516
446 2206
447 568
447 1256
447 721
448 1576
448 2007
448 1195
448 1180
448 839
449 1364
449 2037
449 2184
450 1885
450 2262
451 508
451 1446
451 1560
451 1129
451 1797
451 825
452 553
452 563
452 523
452 1842
452 573
452 1766
453 1200
453 1448
453 748
453 1604
454 1018
454 1230
454 1276
454 482
455 1905
455 1225
455 2022
455 861
456 2256
456 1312
456 1752
456 1907
456 1202
457 1791
457 1449
457 2049
457 1133
457 1210
458 2082
458 1629
458 929
458 1571
458 1361
459 1937
459 1872
459 1919
459 1487
460 1628
460 908
460 2015
460 1584
461 1283
461 607
461 1444
461 1816
461 1773
462 876
462 1591
462 733
462 1024
463 553
463 563
463 523
463 1842
463 573
463 1766
464 2082
464 1629
464 929
464 1571
464 1361
465 581
465 1090
465 1085
465 880
466 1464
466 1517
466 592
466 1704
467 528
467 1558
468 1289
468 596
468 634
469 1838
469 2008
469 632
469 591
470 945
470 2072
470 1277
471 1669
471 973
471 1351
471 2106
472 1181
472 1991
472 1611
472 1667
473 864
473 486
473 1855
473 1696
473 851
473 570
474 523
474 521
474 2178
474 1568
474 768
475 2026
475 1959
475 1510
475 1920
476 729
476 1688
476 1646
476 1377
477 1157
477 1057
477 586
477 2135
478 1383
478 1902
478 1488
479 505
479 1727
479 1666
479 2220
480 514
480 1824
480 669
480 1334
480 2027
481 1459
481 489
481 1171
482 1018
482 1230
482 1276
483 1871
483 1617
483 1320
483 2232
484 1590
484 978
485 913
485 612
485 1154
485 853
485 1946
486 659
486 1696
486 851
486 1506
486 570
487 488
487 1478
487 1349
488 1479
488 1747
488 894
488 1478
488 1349
489 1459
489 1171
490 1286
490 1132
490 2270
490 1886
491 1708
491 1673
491 1489
492 1261
492 1883
492 941
492 1890
492 1465
492 1524
493 553
493 563
493 523
493 1842
493 573
493 1766
494 571
494 1658
494 739
495 795
495 1968
495 936
495 1522
495 759
496 1448
496 748
496 1604
496 1238
497 913
497 809
497 1284
497 1109
497 1052
498 1120
498 547
498 1375
498 1475
498 903
499 1228
499 1082
499 1642
499 1076
499 696
499 911
500 564
500 1139
500 639
500 1546
501 1811
501 667
501 688
501 1352
502 1148
502 2010
502 2091
502 1637
502 1470
502 1217
503 2146
503 803
503 1653
503 756
503 792
504 771
504 1103
504 1220
504 1089
505 1633
505 2220
505 2122
505 1845
505 1727
506 966
506 579
506 873
506 781
507 729
507 695
507 847
508 1446
508 1560
508 1129
508 1797
508 825
509 1454
509 1009
509 615
510 909
510 1987
510 995
510 1150
511 2253
511 1574
511 1381
512 958
512 1174
512 996
512 794
513 1446
513 1560
513 1129
513 1797
513 825
514 1339
514 1824
514 778
515 1892
515 1663
516 1169
516 1755
516 1399
516 1891
517 1791
517 1449
517 2049
517 1133
517 1210
518 1225
518 957
518 780
519 1951
519 1771
519 1032
519 967
519 1572
520 1799
520 2212
520 2157
520 1917
520 2276
521 553
521 563
521 523
521 1842
521 573
521 1766
522 1130
522 693
523 553
523 563
523 1842
523 573
523 1766
524 2170
524 1701
524 828
524 1852
524 1436
525 1811
525 667
525 688
525 1352
526 800
526 1298
526 1740
526 716
527 2072
527 1410
527 2041
528 1781
528 1729
529 1503
529 854
529 1249
529 1029
530 1157
530 1057
530 586
530 2135
531 2058
531 1066
531 1912
531 1187
531 2179
532 1811
532 667
532 688
532 1352
533 2174
534 1751
534 1609
534 1282
534 1049
534 1337
535 876
535 1252
535 1063
535 1442
535 866
536 1866
536 954
536 1147
536 2110
536 2203
537 1135
537 1123
537 734
537 1472
538 1832
538 984
538 937
538 1134
538 1848
539 1156
539 1556
539 938
540 2019
540 1859
540 1998
540 1575
540 1137
541 1827
541 1742
541 1563
542 659
542 1696
542 851
542 1506
542 570
543 1440
543 920
543 550
543 1930
544 866
544 1442
544 1142
544 876
545 1228
545 1082
545 1642
545 1076
545 696
545 911
546 1286
546 1886
546 1132
546 2270
547 1722
547 1120
547 1935
547 1227
548 1366
548 670
548 2104
549 1165
549 1295
549 771
549 1535
550 863
550 1211
550 1421
550 976
550 1002
551 1263
551 2185
551 708
551 962
552 1103
552 2134
552 1405
553 563
553 1842
553 573
553 1766
554 1148
554 2010
554 2091
554 1637
554 1470
554 1217
555 1803
555 1661
555 1905
555 2226
556 587
556 1000
557 863
557 1211
557 1421
557 976
557 1002
558 1366
558 670
558 2104
559 1335
559 819
559 803
559 678
560 1055
560 705
560 698
560 2036
561 1916
561 1779
561 1484
561 1300
562 1275
562 1299
562 1266
562 731
563 1842
563 573
563 1766
564 1139
564 639
564 1546
565 1607
565 1309
565 1304
565 1207
566 1148
566 2010
566 2091
566 1637
566 1470
566 1217
567 1788
567 795
567 1522
567 1777
568 822
568 1457
568 1272
568 1078
568 1514
569 811
569 818
569 1403
569 585
570 659
570 1696
570 851
570 1506
571 1658
571 739
572 1247
572 1398
572 841
572 897
572 2204
573 1842
573 1766
574 1795
574 1296
574 1792
574 807
575 1960
575 857
575 777
576 909
576 1150
576 1011
577 736
577 754
577 724
578 1709
578 747
578 1322
578 1278
579 966
579 873
579 781
580 1878
580 1181
580 1482
580 1315
580 2044
581 2006
581 1152
581 1613
581 1774
582 2111
582 661
582 1030
583 1811
583 667
583 688
583 1352
584 974
584 1841
584 1658
584 2217
585 811
585 1403
586 1157
586 1057
586 2135
587 1237
587 1000
588 1283
588 607
588 1444
588 1816
588 1773
589 1691
589 2121
589 1376
589 605
590 1842
590 1766
591 1985
591 939
591 632
592 1464
592 1517
592 1704
593 2087
593 1416
593 779
594 1148
594 2010
594 2091
594 1637
594 1470
594 1217
595 1769
595 1469
595 855
595 1333
595 1749
596 634
596 2251
596 1289
597 1139
597 639
597 1546
598 1366
598 670
598 2104
599 1811
599 667
599 688
599 1352
600 798
600 1737
600 1553
601 2029
601 647
601 817
601 1362
602 1517
602 609
603 903
603 1475
603 707
603 1375
604 1000
604 1977
604 1586
604 1176
605 1691
605 2121
605 1376
606 2186
606 827
606 1241
606 1717
607 1283
607 1444
607 1816
607 1773
608 2030
608 1019
608 706
608 1812
609 1517
610 903
610 1375
610 1140
610 1475
611 659
611 1696
611 851
611 1506
612 913
612 1154
612 853
612 1946
613 1219
613 1404
614 1062
614 1077
614 1400
614 687
614 2190
615 2021
615 1009
616 748
616 1448
616 1604
617 1782
617 1689
617 1157
617 1647
617 2023
618 2021
618 2218
618 1756
618 2193
619 1827
619 927
620 1538
620 1263
620 2185
620 708
621 1812
621 1221
621 1656
621 2092
621 720
622 1917
622 2157
622 2211
622 943
623 1198
623 2208
623 1577
623 1186
624 2014
624 1213
624 635
624 1801
625 1782
625 1689
625 1157
625 1647
625 2023
626 2232
626 1447
626 1617
626 1320
627 1811
627 667
627 688
627 1352
628 1395
628 819
628 2146
628 1239
628 1307
629 1576
629 2007
629 1195
629 1180
629 839
630 1134
630 1848
630 937
630 1046
630 984
631 1743
631 833
631 1330
631 2069
632 1396
632 2008
633 687
633 1077
633 1402
633 1400
634 1289
635 2014
635 1213
635 1801
636 724
636 1697
636 1670
637 1466
637 1845
637 2122
638 888
638 1507
638 1222
638 2055
639 1139
639 1546
640 2069
640 1743
640 833
641 1868
641 2140
641 2273
642 1055
642 705
642 698
642 2036
643 1935
643 1120
643 1722
643 755
644 1881
644 1236
644 654
644 844
644 743
645 2152
645 865
645 1244
646 730
646 942
646 749
647 2029
647 1016
647 1362
647 817
648 690
648 1348
648 1588
648 1927
648 1436
649 959
649 689
649 906
649 2066
649 1407
650 2003
650 1565
651 2082
651 1629
651 929
651 1571
651 1361
652 2188
652 924
652 1350
652 1932
652 1974
653 1471
653 1885
653 1173
653 1245
653 2129
654 1881
654 1236
654 844
654 743
655 708
655 2185
655 694
655 2012
656 1196
656 2123
657 1443
657 1635
657 814
657 1869
658 2080
658 931
658 2143
659 1696
659 851
659 1506
660 2081
660 960
660 1683
661 2111
661 1030
662 1929
662 860
662 1913
662 2054
663 2082
663 1629
663 929
663 1571
663 1361
664 940
664 2136
664 2127
664 1079
664 1250
664 1080
665 1495
665 753
665 1308
665 838
666 1039
666 1900
666 2186
666 936
667 1811
667 688
667 1352
668 1851
668 1764
668 1424
668 2098
669 2027
669 1334
670 1366
670 2104
671 933
671 1372
671 2045
671 985
672 1366
672 2104
673 1148
673 2010
673 2091
673 1637
673 1470
673 1217
674 2234
674 954
674 1147
674 1674
675 799
675 1393
675 918
675 982
675 1172
676 924
676 2261
676 2164
676 1124
676 1974
677 1529
677 2166
677 1412
677 2137
677 892
678 1335
678 819
678 803
679 781
679 873
680 1881
680 1236
680 844
680 743
681 1645
681 1969
681 1642
681 1981
681 1076
681 911
682 1964
682 1460
683 2213
683 1555
683 2159
683 2097
684 1071
684 2034
685 1148
685 2010
685 2091
685 1637
685 1470
685 1217
686 1696
686 851
686 1506
687 1062
687 2190
687 1400
687 1077
688 1811
688 1352
689 2066
689 1407
689 959
689 906
690 1146
690 1701
690 2173
690 2170
691 863
691 1211
691 1421
691 976
691 1002
692 927
692 736
692 754
693 1130
694 2185
694 708
694 2012
695 729
695 847
696 1217
696 2091
696 1470
696 1637
697 1514
697 1272
697 1078
697 1254
698 1055
698 2107
698 2196
698 705
699 1247
699 1398
699 841
699 897
700 1442
700 1252
701 1679
701 1083
701 1360
701 1784
702 1407
702 2066
702 959
702 906
703 2168
703 1242
703 1037
703 1809
703 1971
704 1842
704 1766
705 1055
705 2107
705 2196
706 2030
706 1019
706 1812
707 903
707 1475
707 1375
708 1263
708 2185
708 962
709 899
709 1370
709 1145
710 1663
710 1892
710 1070
710 858
711 2157
711 1942
711 999
711 917
712 1842
712 1766
713 799
713 1393
713 918
713 982
713 1172
714 1811
714 1352
715 1148
715 2010
715 2091
715 1637
715 1470
715 1217
716 800
716 1298
717 1125
717 815
717 1234
717 1515
718 1782
718 1689
718 1157
718 1647
718 2023
719 2067
719 1471
719 1643
719 1885
719 1173
720 1459
720 1221
720 2092
720 1656
721 1256
722 1446
722 1560
722 1129
722 1797
722 825
723 1214
723 1962
723 2144
723 1537
724 754
724 736
725 2156
725 1125
725 1428
725 815
726 1201
726 2019
726 1859
727 2269
727 1020
727 776
727 2230
728 1293
728 1655
728 1955
728 1930
729 847
730 942
730 1685
730 749
731 1275
731 1266
731 1299
732 1811
732 1352
733 876
733 1591
733 1024
734 1472
734 784
734 1123
735 1665
735 1189
735 1455
735 1644
735 1636
736 1663
736 754
736 1892
737 1502
737 1318
737 972
738 1396
738 1686
738 2008
738 2047
739 1658
740 1782
740 1689
740 1157
740 1647
740 2023
741 997
741 1662
741 1458
742 1156
742 1759
743 1881
743 1236
743 844
744 1585
744 1159
744 863
744 1061
744 882
745 2037
745 1364
746 1837
746 2171
746 797
746 764
746 2172
747 1322
747 1709
747 1278
748 1200
748 1448
748 1604
749 942
750 833
750 1383
750 1330
750 1902
751 1362
751 817
751 1539
751 2029
752 1842
752 1766
753 1342
753 883
753 838
754 1663
754 1892
755 994
755 1578
756 2146
756 803
756 1653
756 792
757 1450
757 1808
757 1358
758 1199
758 1507
758 888
758 2055
758 1759
759 795
759 2161
759 1522
760 1285
760 1569
760 1547
760 956
760 2221
761 1760
761 903
761 1375
761 1475
762 1782
762 1689
762 1157
762 1647
762 2023
763 1661
763 1867
763 928
764 1837
764 2171
764 797
764 2172
765 1782
765 1689
765 1157
765 1647
765 2023
766 1581
767 1401
767 1096
767 1114
767 1967
767 1151
768 2178
768 1568
769 1601
769 2112
770 2082
770 1629
770 929
770 1571
770 1361
771 1754
771 1535
772 1261
772 1883
772 941
772 1890
772 1465
772 1524
773 1842
773 1766
774 1892
774 1663
775 1112
775 1687
775 1235
775 1772
775 1806
776 2188
776 2153
776 2230
776 1476
777 1960
777 857
778 1339
778 1824
779 1582
779 1467
779 1649
779 2087
779 1699
780 1225
780 957
781 966
781 873
782 2038
782 1338
782 952
782 1206
783 1185
783 817
783 1362
784 1135
784 1472
785 1446
785 1560
785 1129
785 1797
785 825
786 1577
786 2257
786 2258
786 1999
787 1249
787 1029
787 1503
787 1153
787 2025
788 1535
788 1165
789 1811
789 1352
790 1696
790 851
790 1506
791 1777
791 1033
791 795
791 1788
792 2146
792 803
792 1653
793 1811
793 1352
794 1174
794 996
794 958
795 1788
795 1522
795 1777
796 1322
796 1709
796 1278
797 965
797 2171
797 2172
798 1737
798 1553
799 1393
799 918
799 982
799 1172
800 1298
801 1842
801 1766
802 1148
802 2010
802 2091
802 1637
802 1470
802 1217
803 2146
803 1653
804 2234
804 1889
804 2243
804 1059
805 1148
805 2010
805 2091
805 1637
805 1470
805 1217
806 1132
806 1886
806 2270
806 1333
807 1792
807 1296
807 1795
808 1535
808 1754
809 1631
809 1946
809 1154
809 913
810 847
810 987
810 1804
810 869
811 1403
811 818
813 1400
813 2105
813 850
813 977
813 2133
814 1848
814 1974
814 1869
814 1443
814 1635
815 2156
815 1125
815 1428
816 855
816 2154
816 1008
816 1387
816 826
817 1016
817 2029
817 1362
818 1403
819 1638
819 1653
820 1661
820 2226
821 1641
821 1849
821 1765
822 1078
822 1272
822 1199
822 1457
823 1811
823 1352
824 1148
824 2010
824 2091
824 1637
824 1470
824 1217
825 1446
825 1560
825 1129
825 1797
826 1749
826 1008
826 1387
826 855
827 996
827 1382
827 1717
828 2170
828 1701
828 1852
828 1436
829 1409
829 1232
829 2192
829 1303
829 2225
830 1811
830 1352
831 1055
831 2036
832 1885
832 2142
832 1212
832 1926
833 1330
833 1743
833 2069
834 1690
834 849
834 2000
834 1894
834 1501
835 927
835 2001
835 1143
836 866
836 1628
837 1375
837 1475
837 2132
837 1505
838 1342
838 1308
839 1195
839 2016
839 2007
839 1180
839 1882
840 1881
840 1236
840 844
841 1887
841 1398
841 1247
841 897
842 2270
842 1333
843 1811
843 1352
844 1881
844 1236
845 940
845 2136
845 2127
845 1079
845 1250
845 1080
846 1283
846 1444
846 1816
846 1773
848 1715
848 1607
848 1309
848 1255
849 1690
849 2000
849 1894
849 1501
850 1400
850 2105
850 977
850 2133
851 1696
851 1506
852 1737
852 1553
853 913
853 1154
853 1946
854 1249
854 1029
854 1503
854 1153
854 2025
855 1769
855 1749
855 2154
855 1008
855 1387
856 1965
856 1273
856 1432
856 1430
857 1960
858 1663
858 1892
858 1070
859 1446
859 1560
859 1129
859 1797
860 2275
860 1615
860 878
860 1929
861 1759
861 1507
861 888
861 2055
861 1179
862 1986
862 2043
862 2028
862 1564
862 2009
863 1211
863 1421
863 976
863 1002
864 1855
864 1696
865 2152
865 1244
866 876
866 1252
866 1063
866 1442
867 1405
867 1761
867 1748
868 1791
868 1449
868 2049
868 1133
868 1210
869 987
869 1804
870 1120
870 1056
870 1178
871 1148
871 2010
871 2091
871 1637
871 1470
871 1217
872 2182
872 2114
872 1992
872 1802
873 966
874 1696
874 1506
875 1157
875 1057
875 2135
876 1442
876 1142
877 1782
877 1689
877 1157
877 1647
877 2023
878 1380
878 2275
878 1615
878 1929
879 1227
879 1935
879 2242
880 1774
880 1152
880 1090
881 2228
881 1633
881 1534
881 960
881 1520
882 1156
882 2233
883 2229
883 1342
884 1148
884 2010
884 2091
884 1637
884 1470
884 1217
885 982
885 1027
886 1727
886 2220
887 1061
887 1599
887 1419
887 932
888 2084
888 1507
888 2055
889 940
889 2136
889 2127
889 1079
889 1250
889 1080
890 2254
890 979
890 1814
890 1949
891 1121
891 2201
891 2150
891 1899
892 1529
892 2166
892 1412
892 2137
893 1362
894 1479
894 1747
894 1478
894 1349
895 2098
895 2068
895 1010
895 1424
896 2262
896 1343
896 1223
897 1887
897 1247
897 1398
898 2148
898 1473
899 1116
899 1419
899 1543
899 1486
900 1495
900 2221
900 2175
900 1925
901 1957
901 1487
901 2099
901 2096
901 1231
902 2082
902 1629
902 929
902 1571
902 1361
903 1120
903 1375
903 1475
904 1639
904 1567
904 2228
904 2081
904 1184
905 1727
905 1633
905 2228
905 2220
906 2066
906 1407
906 959
907 1366
907 2104
908 1081
908 1584
908 2015
909 1987
909 995
909 1150
910 1059
910 1483
910 1470
910 1481
911 1470
911 2091
911 1637
912 1139
912 1546
913 1631
913 1946
913 1154
914 945
914 1277
914 2072
915 2186
915 1777
915 1039
915 1936
916 2253
916 1574
916 1832
916 2164
916 1087
917 1942
917 999
918 1393
918 982
918 1172
919 1523
919 1040
919 1858
920 1211
920 1421
920 976
920 1002
921 1066
921 2179
921 2177
922 1633
922 1727
922 2228
922 2220
923 2250
923 2151
924 2261
924 1932
924 1124
925 1992
925 969
925 1197
926 1707
926 2248
926 1874
926 990
926 1993
926 1226
927 1827
928 1140
928 1426
929 2082
929 1629
929 1571
929 1361
930 1722
930 1120
930 1935
930 1401
931 2080
931 2143
932 1061
932 1599
932 1419
933 1318
933 1952
933 972
933 1502
934 1682
934 1611
934 1350
934 2149
934 1415
935 1714
935 1880
935 1168
935 2030
936 1714
936 2030
936 1814
937 1832
937 984
937 1134
937 1848
938 1556
938 2079
939 1700
940 2136
940 2127
940 1079
940 1250
940 1080
941 1261
941 1883
941 1890
941 1465
941 1524
943 2211
943 1917
943 1346
944 2143
944 2194
944 1846
945 1277
945 2072
946 1091
946 1831
946 1624
946 1623
946 1191
947 974
948 2116
948 2018
948 1354
949 2228
949 1184
949 1466
950 1261
950 1883
950 1890
950 1465
950 1524
952 1338
952 2038
952 1206
953 1782
953 1689
953 1157
953 1647
953 2023
954 2203
954 1147
954 1674
955 1944
955 1593
955 1397
955 971
955 1829
956 1547
956 1921
956 2221
956 1569
957 1225
958 1174
958 996
959 1407
960 1931
960 2081
961 1782
961 1689
961 1157
961 1647
961 2023
962 1263
962 2185
962 1538
963 1782
963 1689
963 1157
963 1647
963 2023
964 1769
964 1387
964 2154
964 1008
965 2171
965 2172
967 1951
967 1771
967 1032
967 1572
968 1148
968 2010
968 2091
968 1637
968 1470
968 1217
969 2182
969 2114
969 1992
969 1802
970 1887
970 1398
971 1944
971 1593
971 1397
971 1829
972 1318
972 1502
973 1669
973 1351
973 2106
975 1966
975 1643
975 1885
975 1173
975 1471
976 1211
976 1421
976 1002
977 1400
977 2133
977 2105
979 2158
979 1949
979 2254
980 1195
980 2016
980 2007
980 1180
980 1882
981 1588
981 1551
981 2103
981 1852
981 1436
982 1393
982 1172
983 1157
983 1057
983 2135
984 1832
984 1134
984 1848
985 1372
985 2045
986 1139
986 1546
987 1804
988 1618
988 2070
988 1251
988 1982
989 1261
989 1883
989 1890
989 1465
989 1524
990 1226
990 1993
990 2248
991 1773
991 2002
991 1816
992 2171
992 2172
993 1303
993 2165
993 2192
994 1508
994 1578
995 1987
995 1150
996 1174
997 1842
997 1766
998 1139
998 1546
999 1942
1001 1768
1001 2224
1001 1146
1001 1551
1001 1436
1002 1211
1002 1421
1003 1881
1003 1236
1004 1563
1004 1334
1004 1480
1005 2111
1005 2145
1005 2183
1005 1326
1005 1862
1006 1842
1006 1766
1007 2126
1007 2137
1007 1611
1007 1161
1007 2130
1008 1769
1008 1469
1008 2154
1008 1387
1009 2021
1010 2098
1010 2068
1010 1424
1011 1392
1011 1583
1011 1111
1011 1731
1011 1341
1012 1227
1012 1594
1012 1115
1013 1247
1013 1398
1014 1932
1014 2261
1014 2253
1014 1574
1014 1632
1015 1811
1015 1352
1016 2029
1016 1362
1017 1718
1017 1265
1017 2197
1017 1664
1017 1980
1018 1663
1018 1276
1018 1230
1019 2030
1019 1812
1020 2269
1020 1676
1020 2255
1021 1154
1021 2252
1021 1218
1022 1148
1022 2010
1022 2091
1022 1637
1022 1470
1022 1217
1023 1398
1023 1988
1024 1591
1025 2136
1025 2127
1025 1250
1025 1080
1026 1811
1026 1352
1027 1120
1028 1842
1028 1766
1029 1249
1029 1503
1029 1153
1029 2025
1030 2111
1031 1708
1031 2198
1031 1673
1032 1771
1032 1951
1032 1572
1033 1639
1033 1777
1033 2186
1033 1039
1034 1561
1034 1536
1034 1177
1035 1868
1035 1703
1037 2168
1037 1242
1037 1809
1037 1971
1038 1047
1038 1067
1038 1071
1039 1968
1039 2186
1039 1777
1040 1858
1040 1523
1041 1139
1041 1546
1042 1842
1042 1766
1043 1422
1043 1271
1043 1533
1044 1181
1044 1161
1045 1589
1045 1714
1045 2245
1045 1656
1046 1134
1046 1848
1047 1820
1047 2034
1047 1071
1047 1126
1047 1819
1047 1542
1048 1148
1048 2010
1048 2091
1048 1637
1048 1470
1048 1217
1049 1282
1049 1609
1049 1751
1049 1337
1050 1811
1050 1352
1051 1696
1051 1506
1052 1284
1052 1109
1053 1064
1053 1131
1054 2154
1054 1749
1054 1387
1055 2036
1056 1120
1056 1178
1057 1782
1057 1689
1057 1157
1057 1647
1057 2023
1058 1446
1058 1560
1058 1129
1058 1797
1059 1470
1059 1076
1059 1527
1060 1393
1060 1172
1061 1571
1061 1456
1062 2190
1062 1077
1062 1400
1063 1252
1063 1909
1063 1442
1064 1131
1065 2136
1065 2127
1065 1250
1065 1080
1066 1912
1066 1187
1066 2058
1066 2179
1067 2034
1067 1464
1067 1819
1067 1071
1067 1542
1068 1936
1068 2174
1068 1340
1068 1621
1068 1369
1069 1855
1069 1696
1070 1663
1070 1892
1071 1820
1071 2034
1071 1126
1071 1819
1071 1542
1072 1248
1072 1937
1072 1301
1072 1259
1072 1668
1073 2247
1073 1075
1073 1219
1074 1523
1074 1178
1075 2247
1075 1219
1076 1470
1076 2005
1076 1148
1076 1994
1076 1267
1076 1509
1077 2190
1077 1400
1078 1457
1078 1514
1078 1272
1079 2136
1079 1080
1080 2136
1081 1584
1081 2015
1081 1794
1082 1645
1082 1981
1082 1681
1083 1679
1083 1360
1083 1784
1084 1120
1084 1227
1084 1935
1085 1439
1085 2115
1085 1090
1086 1510
1086 1188
1086 1166
1087 2253
1087 1574
1087 1832
1087 2164
1088 1811
1088 1352
1089 2185
1089 1220
1090 1117
1090 1439
1091 1831
1091 1624
1091 1623
1091 1191
1092 1173
1092 1708
1092 1643
1092 2101
1093 1782
1093 1689
1093 1157
1093 1647
1093 2023
1094 1599
1094 1592
1094 2175
1094 2042
1095 1238
1095 2109
1095 1166
1096 1631
1096 1946
1096 1154
1097 1167
1097 1411
1098 2080
1098 1885
1098 1851
1098 1500
1100 1842
1100 1766
1101 1283
1101 1444
1101 1816
1101 1773
1103 1220
1104 1754
1105 2066
1105 1407
1106 1935
1106 1120
1106 1227
1107 1701
1107 2170
1107 2173
1107 1768
1108 1446
1108 1560
1108 1129
1108 1797
1109 1284
1110 1811
1110 1352
1111 1867
1111 1790
1112 1772
1112 1235
1112 1305
1112 1806
1113 2257
1113 1834
1113 1702
1113 1813
1114 1149
1114 2062
1114 1151
1114 1967
1115 2219
1115 1594
1115 1839
1115 1610
1116 1708
1116 1489
1117 1152
1117 1613
1118 1443
1118 1281
1119 1470
1119 1264
1119 1481
1119 2117
1119 1267
1119 1509
1120 1722
1120 1935
1120 1227
1121 1535
1121 1754
1122 1383
1122 1902
1122 1841
1123 1135
1123 1472
1124 1932
1124 1974
1124 2261
1124 2188
1125 2156
1125 1428
1126 1819
1126 2034
1126 1542
1127 1247
1127 1398
1128 1157
1128 2135
1129 1446
1129 1560
1129 1797
1130 1729
1130 1781
1130 1960
1132 1286
1132 2270
1132 1886
1133 1791
1133 1449
1133 2049
1133 1210
1134 1832
1134 1848
1135 1472
1136 1935
1136 1711
1136 1722
1137 1196
1137 1998
1137 1943
1137 2019
1138 1871
1138 1302
1139 1546
1140 1375
1140 1475
1141 1194
1141 1933
1141 1280
1142 1945
1143 2001
1144 2151
1144 1778
1145 1419
1145 1543
1145 1370
1145 1486
1146 2170
1146 2173
1146 1701
1146 2176
1146 1768
1147 2203
1147 1674
1149 2066
1149 1407
1149 1662
1150 1987
1151 2062
1151 1967
1152 1567
1152 1845
1152 1184
1153 1503
1154 1631
1154 1946
1155 1366
1155 2104
1156 1759
1156 2057
1157 1689
1158 2046
1158 1815
1158 1651
1159 1870
1160 1820
1160 2034
1160 1216
1160 1542
1161 1611
1161 2130
1162 1714
1162 2183
1162 1961
1162 2275
1163 1935
1163 1552
1163 1355
1163 1386
1164 1739
1164 2259
1164 1923
1164 2174
1164 1640
1165 1535
1166 1188
1167 1411
1168 1714
1168 1923
1168 1875
1168 2186
1169 1755
1169 1399
1169 1891
1170 2220
1170 1291
1170 1371
1170 2004
1171 1459
1172 1393
1173 1966
1173 1643
1173 1885
1173 1471
1175 2276
1176 1977
1176 1586
1177 1832
1177 1561
1179 1222
1179 1759
1179 2084
1180 1576
1180 2007
1180 1195
1181 1620
1181 1878
1182 1637
1182 2010
1182 1470
1182 2091
1183 1269
1183 1785
1183 1434
1184 1567
1184 1466
1184 2228
1185 2187
1185 1362
1186 1407
1186 2066
1187 1912
1187 2058
1187 2179
1188 1510
1189 1665
1189 1644
1189 1636
1189 1455
1190 2036
1191 1623
1191 1624
1191 1831
1192 1332
1192 2147
1192 1417
1193 1446
1193 1560
1193 1797
1194 1244
1195 1576
1195 2007
1196 1423
1197 1992
1198 2043
1198 1564
1199 1514
1199 1272
1199 1457
1200 1448
1200 1604
1201 1403
1202 2256
1202 1752
1202 1312
1202 1907
1203 1407
1203 2066
1203 1332
1204 1277
1204 2072
1205 1694
1205 1354
1206 1338
1206 2038
1207 1607
1207 1309
1207 1304
1208 1842
1208 1766
1209 2276
1210 1791
1210 1449
1210 2049
1211 1870
1212 1885
1212 2142
1212 1926
1213 1801
1214 1962
1214 2144
1214 1537
1215 1524
1215 1922
1215 1786
1215 1511
1215 1418
1216 2034
1216 2048
1216 1464
1216 1542
1218 2252
1219 2247
1220 2185
1221 1812
1221 1656
1221 2092
1222 1759
1222 1905
1222 2226
1223 2262
1223 1343
1224 1247
1224 1398
1225 1901
1225 1905
1225 1847
1226 2248
1226 1993
1226 1874
1227 1722
1227 1935
1228 1645
1228 1981
1229 2082
1229 1571
1229 1629
1229 1361
1230 1276
1231 1487
1231 1957
1231 2096
1231 2099
1232 1409
1232 2013
1232 2225
1232 1344
1234 1428
1234 1515
1235 1772
1235 1305
1235 1806
1236 1881
1237 1900
1237 1340
1237 2209
1237 2090
1237 2145
1238 1448
1238 1604
1239 2146
1239 1653
1240 1482
1240 1394
1240 1447
1241 1382
1241 1788
1241 1777
1242 2168
1242 1971
1242 1809
1243 1842
1243 1766
1244 2152
1245 1643
1245 1885
1245 2129
1246 1446
1246 1560
1246 1797
1247 1887
1247 1398
1248 1301
1248 1668
1248 1259
1249 1503
1249 2025
1250 1648
1251 1618
1251 2070
1251 1982
1252 1442
1254 1514
1254 1272
1255 1715
1255 1607
1255 1309
1257 1935
1257 1725
1258 1689
1258 1647
1258 1782
1258 2023
1259 1937
1259 1301
1259 1668
1260 1842
1260 1766
1261 1883
1261 1890
1261 1465
1261 1524
1262 1380
1262 1929
1263 2185
1263 1538
1264 1637
1264 2010
1264 1470
1264 2091
1265 1718
1265 2197
1265 1664
1265 1980
1266 1299
1267 1637
1267 2010
1267 1470
1267 2091
1268 1463
1268 1862
1268 1745
1268 2111
1268 2259
1269 1785
1269 1434
1270 2276
1271 1422
1271 1533
1272 1457
1272 1514
1273 1965
1273 1432
1273 1430
1274 1951
1274 1771
1274 1572
1275 1853
1276 1663
1277 2072
1278 1322
1278 1709
1279 1637
1279 2010
1279 1470
1279 2091
1280 2181
1280 1933
1281 1682
1281 1932
1281 1974
1282 1609
1282 1751
1282 1337
1283 1444
1283 1816
1283 1773
1285 1492
1285 1547
1285 1569
1285 1898
1285 1918
1286 2270
1286 1406
1287 1446
1287 1797
1287 1560
1288 2177
1288 1923
1288 2026
1289 2251
1290 1597
1290 2126
1290 1665
1290 1724
1291 2004
1291 1371
1292 1446
1292 1797
1292 1560
1293 1604
1293 1448
1293 1955
1293 1655
1294 2087
1294 1582
1294 1649
1294 1699
1295 1535
1296 1792
1296 1795
1297 1761
1297 2014
1297 1626
1297 1853
1298 1740
1299 1853
1300 1916
1300 1779
1300 1484
1301 1937
1301 1668
1302 1871
1303 2225
1303 1344
1303 2192
1303 1409
1304 1607
1304 1309
1305 1602
1305 1806
1305 1772
1306 2171
1306 2172
1307 2046
1307 2206
1307 1516
1307 1684
1308 1708
1309 1715
1309 1607
1310 1554
1310 1479
1310 1457
1311 1366
1311 2104
1312 2256
1312 1907
1312 1752
1313 2234
1313 1889
1313 2088
1313 2162
1314 1446
1314 1560
1314 1797
1315 2258
1315 2044
1315 1884
1317 1791
1317 1449
1317 2049
1318 1502
1320 1447
1320 1617
1320 2232
1321 1887
1321 1398
1322 1709
1323 1855
1323 1696
1324 1434
1324 1785
1324 2118
1324 1426
1325 1681
1325 1969
1325 1642
1325 1645
1325 2056
1326 2090
1326 2209
1326 2183
1326 2145
1327 1417
1327 2147
1327 1359
1327 1828
1327 1574
1328 1446
1328 1560
1328 1797
1329 1769
1329 1387
1329 1469
1329 2154
1330 1743
1330 2069
1331 2271
1331 1692
1331 2078
1332 1407
1332 2066
1333 1939
1333 2263
1333 1976
1333 1741
1334 2027
1335 2146
1335 1653
1336 1681
1336 1969
1336 1642
1336 1645
1336 2056
1337 1751
1337 1609
1338 2038
1339 1824
1340 2191
1340 1714
1340 1369
1341 1392
1341 1925
1341 1583
1341 1532
1342 2229
1344 1398
1344 2225
1344 2013
1344 1409
1345 1951
1345 1572
1346 2133
1346 2211
1347 2060
1347 1691
1347 2121
1347 1376
1348 2170
1348 2173
1348 1701
1348 2176
1348 1768
1349 1479
1349 1747
1349 1478
1350 1983
1350 1682
1350 1684
1351 2106
1352 1811
1353 1842
1353 1766
1354 2116
1354 2018
1355 1935
1355 1552
1355 1386
1356 1799
1356 2276
1356 1917
1356 1860
1356 2246
1357 1593
1357 1944
1357 1990
1357 2064
1358 1450
1358 1808
1359 2274
1360 1679
1360 1784
1361 2082
1361 1629
1361 1571
1362 2029
1363 1503
1364 2037
1365 1881
1366 2104
1367 2008
1367 1985
1367 1700
1367 1838
1367 1954
1368 1681
1368 1969
1368 1642
1368 1645
1368 2056
1369 2174
1369 1936
1369 1621
1370 1419
1370 1543
1370 1486
1371 1633
1371 2004
1372 2231
1373 1791
1373 1449
1373 2049
1374 1499
1374 1615
1374 1380
1375 1475
1376 2121
1376 1691
1377 1646
1377 1688
1378 1509
1378 1719
1378 2189
1379 1446
1379 1560
1379 1797
1380 1499
1380 1615
1381 1876
1381 2253
1381 1574
1383 1902
1384 1684
1384 1516
1384 2206
1385 1446
1385 1560
1385 1797
1386 1935
1386 1552
1387 1769
1387 1469
1387 2154
1388 2077
1388 1526
1388 1431
1388 1445
1389 1415
1389 2139
1389 1614
1392 1583
1394 1482
1394 1447
1395 2146
1395 1653
1396 1686
1396 1700
1396 1954
1396 1985
1396 2008
1397 1944
1397 1593
1397 1990
1398 1887
1399 1755
1399 1891
1400 2190
1401 1722
1405 1761
1405 1748
1406 2270
1407 2066
1408 2097
1408 2094
1408 2213
1408 1555
1409 2225
1410 2072
1410 2041
1412 2166
1412 1529
1412 2137
1413 1562
1413 1696
1413 1506
1414 1919
1414 2268
1415 2066
1415 1682
1415 2149
1416 1699
1416 1467
1417 2147
1418 1524
1418 1786
1418 1511
1419 1556
1420 1811
1421 1585
1422 1533
1423 1598
1424 1851
1424 1764
1424 2098
1425 2145
1425 2275
1425 2090
1426 1785
1427 1664
1427 1980
1427 2197
1428 2156
1429 2008
1429 1700
1429 1954
1429 1985
1430 1965
1430 1432
1431 2077
1431 1526
1431 1445
1432 1965
1433 1681
1433 1969
1433 1642
1433 1645
1433 2056
1434 1785
1435 1512
1435 2113
1435 1877
1435 2187
1436 2176
1436 1701
1436 1768
1437 2135
1438 1870
1440 1870
1441 2066
1443 1848
1443 1974
1443 1869
1443 1635
1444 1816
1444 1773
1445 2077
1445 1526
1446 1560
1446 1797
1447 1617
1447 2232
1448 1604
1449 1791
1449 2049
1450 1808
1451 1890
1451 1465
1451 1922
1451 2088
1451 2039
1452 2177
1453 1689
1453 1647
1453 1782
1453 2023
1454 2009
1454 2043
1454 1854
1455 1665
1455 1644
1455 1636
1457 1514
1459 1604
1460 1964
1461 1681
1461 1969
1461 1642
1461 1645
1461 2056
1462 2195
1462 2208
1462 1989
1463 2119
1463 1862
1463 2174
1464 2034
1464 1820
1464 2048
1464 1542
1465 1883
1465 1890
1465 1524
1466 2220
1466 1727
1466 1683
1467 2087
1467 1699
1467 1582
1467 1649
1468 1881
1469 1749
1469 1769
1469 2154
1471 1966
1471 1643
1471 1885
1473 1598
1476 2209
1476 2153
1476 2001
1476 2191
1477 2060
1477 1745
1477 1589
1477 1698
1478 1479
1478 1747
1479 1747
1480 1563
1481 2189
1481 2091
1481 2010
1481 1637
1482 1752
1482 2256
1482 1907
1483 2189
1483 2091
1483 2010
1483 1637
1484 1916
1484 1779
1486 1543
1487 1957
1487 2096
1487 2099
1488 2069
1488 1743
1489 1708
1489 1958
1490 1793
1491 1791
1491 2049
1492 1918
1492 1898
1492 1569
1492 1921
1493 2077
1493 2148
1493 1708
1494 2135
1495 2013
1496 1546
1497 1939
1497 2235
1498 1935
1499 2119
1500 2080
1500 1851
1501 1690
1501 2000
1501 1894
1503 2025
1504 1935
1504 1722
1505 2132
1506 1696
1507 2084
1507 2055
1508 1578
1509 1681
1509 1969
1509 1642
1509 1645
1509 2056
1510 2026
1510 1959
1510 1920
1511 1524
1511 1922
1511 1786
1512 2187
1512 2113
1512 1877
1513 1842
1513 1766
1516 2046
1516 1684
1516 2206
1517 1704
1518 1686
1518 1617
1518 1579
1519 1696
1520 2220
1521 1842
1521 1766
1522 1788
1522 1777
1523 1858
1524 1883
1524 1890
1525 1755
1525 1891
1526 2077
1528 1776
1528 1612
1528 1747
1529 2166
1529 2137
1531 2104
1532 1925
1534 1727
1534 2220
1534 1739
1536 2150
1536 2253
1537 1962
1537 2144
1538 2185
1540 1681
1540 1969
1540 1642
1540 1645
1540 2056
1541 1842
1541 1766
1542 2034
1542 1819
1544 1649
1544 1582
1544 1699
1544 2087
1545 1601
1547 1918
1547 1569
1547 2221
1548 1791
1548 2049
1549 1597
1549 1818
1549 2243
1549 2132
1549 1738
1550 1811
1551 2176
1551 1701
1551 1768
1553 1737
1554 1843
1554 1612
1554 1776
1555 2159
1555 2094
1555 2097
1555 2213
1557 1754
1559 1740
1560 1797
1561 1849
1562 1696
1563 1827
1563 1742
1564 1986
1564 2028
1564 2043
1565 2003
1566 1791
1566 2049
1567 2081
1567 2228
1567 2006
1569 1898
1569 2221
1570 1628
1570 1758
1571 2082
1571 1629
1572 1951
1572 1771
1573 2004
1573 2186
1574 2253
1574 1632
1574 1832
1575 2019
1575 1859
1575 1998
1576 2007
1576 2033
1577 2089
1577 2208
1579 1684
1580 1883
1580 1890
1582 2087
1582 1699
1582 1649
1584 1628
1584 2015
1586 1977
1587 1842
1587 1766
1588 2173
1588 2170
1588 2083
1588 1768
1589 1809
1589 1971
1592 1911
1592 1905
1592 1924
1593 1944
1593 1829
1594 2219
1594 1839
1594 1610
1595 1797
1596 2191
1596 1777
1596 2174
1596 2119
1597 2126
1597 1738
1597 1818
1599 2042
1599 2111
1599 2233
1600 1795
1600 1792
1601 2112
1602 1772
1602 1806
1603 2095
1603 1847
1603 1720
1605 1791
1605 2049
1607 1715
1608 2034
1608 2048
1609 1751
1610 2219
1610 1839
1611 2130
1612 1911
1612 1843
1612 1776
1613 1683
1614 1935
1614 2139
1616 1760
1616 2031
1617 2232
1618 2070
1618 1982
1619 1755
1619 1891
1620 1878
1622 1887
1623 1831
1623 1624
1624 1831
1625 1948
1626 1958
1627 2189
1627 2091
1627 2010
1628 1758
1629 2082
1631 1946
1632 1932
1632 2253
1633 1727
1633 2220
1633 2228
1634 1785
1635 1848
1635 1974
1635 1869
1636 1665
1636 1644
1638 2146
1638 1653
1639 2228
1639 2220
1639 1727
1640 1739
1640 1683
1641 1876
1641 1662
1642 1981
1643 1966
1643 2067
1643 1885
1644 1665
1645 1981
1646 1688
1647 2135
1648 2051
1648 2136
1649 2087
1649 1699
1650 1842
1650 1766
1651 2046
1651 1815
1652 1795
1652 1792
1653 2146
1655 1955
1656 2020
1656 2092
1657 1689
1657 1782
1657 2023
1658 1684
1659 1696
1660 2154
1661 1803
1661 2226
1661 1905
1662 1876
1663 1892
1664 2240
1664 1980
1664 2197
1666 1845
1666 2220
1667 1878
1667 1914
1667 2156
1668 1937
1670 1697
1671 2150
1671 1864
1672 2034
1673 2198
1674 2203
1675 1751
1676 2269
1676 2255
1676 2210
1677 1916
1678 1771
1679 1784
1680 1755
1680 1903
1680 1812
1681 1981
1682 1684
1682 1974
1683 2228
1683 2220
1684 2166
1684 2046
1684 2206
1686 1954
1686 1700
1686 2008
1687 1772
1687 1806
1690 2000
1690 1894
1691 2121
1692 1916
1692 2078
1693 1718
1693 1980
1693 2197
1695 1797
1699 2087
1700 2008
1700 1954
1700 1985
1701 2170
1701 2173
1701 1768
1702 2257
1702 1834
1702 1813
1705 1782
1705 2023
1706 1756
1706 2218
1706 2021
1707 1993
1707 2248
1710 1791
1710 2049
1711 1818
1712 2154
1712 1769
1712 1749
1713 2206
1714 1814
1714 1949
1714 2030
1716 1720
1716 2095
1717 2186
1718 1980
1718 2197
1719 2189
1719 2091
1719 2010
1720 2095
1720 2226
1720 1905
1721 1722
1722 1935
1723 1842
1723 1766
1724 1725
1724 2207
1725 1935
1726 2245
1726 2131
1727 2122
1727 2228
1727 2220
1728 2082
1729 1781
1730 2104
1732 1928
1732 1879
1733 1817
1734 1881
1736 1797
1737 2250
1738 2243
1738 2132
1738 1818
1741 1939
1741 1976
1741 2263
1742 1827
1743 1841
1743 2069
1744 1803
1744 2020
1744 1817
1745 1814
1745 2177
1745 1777
1745 2259
1746 2189
1746 2091
1746 2010
1748 2123
1748 1761
1749 2154
1749 1769
1750 1887
1750 2013
1752 2256
1752 1907
1753 1985
1753 2008
1755 1891
1756 2021
1756 2218
1756 2193
1757 2135
1759 1905
1761 2014
1762 1887
1763 2200
1763 1953
1763 1865
1764 1851
1764 2098
1765 1849
1766 1842
1767 1791
1767 2049
1768 2176
1769 2154
1770 2135
1771 1951
1772 1806
1773 1816
1775 2274
1775 2020
1775 1977
1775 2245
1775 2231
1776 1843
1777 2186
1778 2138
1779 1916
1783 1842
1787 1797
1788 2161
1789 2147
1789 1828
1790 1867
1791 2049
1792 1795
1793 2021
1793 1871
1794 2206
1796 2034
1796 1819
1798 1881
1799 2157
1799 2212
1799 2276
1799 1917
1802 2114
1802 1992
1803 1843
1803 1901
1803 2226
1803 1905
1805 2075
1807 2189
1807 2091
1807 2010
1809 2168
1809 1971
1812 1903
1813 2257
1813 1834
1814 2158
1814 2030
1814 2254
1815 2046
1817 1968
1817 1875
1818 2243
1818 2132
1819 2034
1820 2034
1821 1873
1821 1969
1821 1981
1821 2056
1822 2104
1825 1981
1828 2188
1829 2064
1829 1944
1832 1848
1832 2253
1833 1881
1835 2094
1835 2213
1835 2097
1836 1935
1837 2171
1837 2172
1839 2219
1841 2069
1843 2226
1843 1901
1843 1911
1844 2146
1845 2122
1845 2228
1846 2143
1846 2194
1847 1911
1847 1901
1851 2098
1852 2176
1856 2197
1856 1980
1859 1998
1860 2157
1860 1917
1860 2276
1861 2007
1861 2060
1862 2174
1863 2137
1863 2206
1863 2166
1865 2200
1865 1953
1866 2203
1867 2205
1868 2273
1869 1974
1872 1935
1873 1981
1874 1993
1874 2248
1875 2081
1875 1931
1875 1968
1877 2187
1877 2113
1879 1928
1882 2033
1882 2007
1883 1890
1884 2258
1885 2067
1885 1966
1886 2270
1888 2135
1889 1951
1893 2222
1893 1969
1893 1981
1893 2056
1894 2000
1895 2053
1895 1988
1895 2192
1896 2222
1896 1969
1896 1981
1896 2056
1897 2072
1898 1918
1899 2201
1899 2150
1900 2090
1900 2145
1901 2226
1903 2141
1905 2226
1907 2256
1909 2206
1910 2189
1910 2091
1910 2010
1911 1924
1912 2058
1912 2179
1913 2273
1913 2054
1917 2212
1917 2157
1917 2276
1919 2268
1919 1930
1920 2026
1920 1959
1923 2179
1923 2058
1925 2175
1925 2042
1926 2142
1927 2086
1927 2176
1929 2275
1931 2081
1931 2228
1932 2261
1932 1974
1933 2181
1939 2249
1939 1976
1939 2263
1940 2171
1940 2172
1944 2064
1944 1990
1949 2158
1949 2254
1950 2276
1953 2200
1954 2008
1954 1985
1957 2096
1957 2099
1959 2026
1962 2144
1966 2067
1967 2062
1968 2081
1970 2045
1971 2168
1973 2049
1974 2164
1975 2172
1975 2171
1976 2263
1977 2020
1977 2274
1977 2231
1980 2240
1980 2197
1982 2070
1983 2206
1984 2228
1984 2220
1984 2004
1985 2008
1986 2009
1986 2043
1986 2028
1989 2208
1989 2195
1992 2114
1993 2248
1994 2189
1994 2091
1995 2135
1997 2036
1998 2019
1999 2193
1999 2258
2004 2220
2005 2056
2005 2222
2006 2228
2007 2016
2009 2028
2009 2043
2012 2185
2014 2123
2016 2017
2018 2116
2020 2209
2024 2135
2028 2043
2030 2158
2034 2048
2035 2210
2037 2184
2039 2088
2040 2056
2040 2222
2041 2072
2042 2165
2042 2192
2046 2206
2053 2223
2054 2273
2055 2084
2058 2179
2062 2069
2065 2072
2065 2143
2068 2143
2073 2146
2078 2271
2079 2174
2079 2264
2080 2143
2081 2228
2083 2170
2083 2173
2086 2176
2090 2145
2090 2209
2093 2273
2094 2097
2094 2213
2096 2099
2097 2213
2097 2159
2103 2176
2105 2133
2109 2187
2109 2113
2110 2203
2113 2187
2117 2189
2119 2183
2119 2191
2122 2220
2124 2189
2124 2222
2125 2189
2125 2222
2126 2211
2127 2136
2134 2204
2138 2226
2139 2206
2140 2273
2141 2214
2150 2201
2153 2209
2153 2191
2157 2212
2157 2276
2158 2254
2159 2213
2160 2189
2160 2222
2164 2261
2165 2192
2167 2172
2169 2242
2170 2173
2170 2176
2171 2172
2174 2209
2174 2191
2175 2192
2177 2179
2180 2229
2181 2210
2183 2275
2189 2222
2191 2209
2192 2225
2193 2218
2195 2208
2199 2225
2207 2264
2212 2276
2220 2228
2231 2274
2231 2245
2239 2263
2249 2263
2255 2269
