0 98
1 59
1 125
2 129
2 170
3 57
4 58
5 97
6 205
7 28
8 75
9 241
9 122
10 183
11 54
12 57
13 37
14 59
14 125
15 147
15 67
16 59
16 125
17 59
17 125
18 139
19 59
19 125
20 98
21 215
22 125
23 59
23 125
24 149
25 98
26 207
27 98
28 202
29 41
30 98
30 155
31 98
32 168
33 171
34 98
35 243
36 98
37 209
38 199
39 162
40 59
40 125
41 173
42 161
43 96
43 107
44 192
45 211
46 98
47 60
48 152
49 98
49 155
50 98
52 204
53 89
54 129
55 59
55 125
56 59
56 125
57 86
58 144
59 125
60 125
61 147
61 186
62 242
63 98
64 98
65 207
65 122
66 114
67 147
68 69
70 98
70 155
71 98
71 155
72 135
73 112
73 125
75 98
76 125
77 184
79 98
80 125
81 101
82 113
86 190
86 155
87 98
88 125
89 98
91 98
92 98
93 98
94 125
95 125
96 192
98 242
100 244
103 241
104 192
105 211
105 216
106 163
109 205
110 152
114 190
114 155
117 242
118 164
119 129
121 157
123 145
124 183
125 173
128 178
131 147
132 213
135 230
138 187
140 173
142 242
153 184
155 190
160 238
163 189
164 197
167 205
172 184
172 183
179 229
181 204
183 184
188 207
193 213
194 215
195 216
202 211
