0 242
0 98
1 58
1 59
1 125
2 129
2 170
3 70
3 57
4 125
4 58
5 115
5 97
6 109
6 205
7 233
7 28
8 145
8 75
9 173
9 241
9 122
10 124
10 183
11 78
11 54
12 98
12 57
13 209
13 37
14 58
14 59
14 125
15 238
15 147
15 67
16 58
16 59
16 125
17 58
17 59
17 125
18 147
18 139
19 58
19 59
19 125
20 170
20 98
21 98
21 215
22 60
22 125
23 58
23 59
23 125
24 149
25 153
25 98
26 178
26 207
27 78
27 98
28 99
28 202
29 69
29 41
30 57
30 98
30 155
31 122
31 98
32 211
32 168
33 216
33 171
34 112
34 98
35 92
35 243
36 85
36 98
37 147
37 209
38 233
38 199
39 103
39 162
40 58
40 59
40 125
41 44
41 173
42 120
42 161
43 96
43 107
44 192
45 168
45 211
46 119
46 98
47 59
47 60
48 152
49 57
49 98
49 155
50 102
50 98
52 98
52 204
53 98
53 89
54 98
54 129
55 58
55 59
55 125
56 58
56 59
56 125
57 114
57 86
58 125
58 144
59 125
60 125
61 67
61 147
61 186
62 242
63 111
63 98
64 152
64 98
65 226
65 207
65 122
66 114
67 238
67 147
68 69
70 98
70 155
71 98
71 155
72 85
72 135
73 140
73 112
73 125
74 194
75 156
75 98
76 125
77 172
77 184
78 229
79 126
79 98
80 125
81 101
82 113
83 222
86 190
86 155
87 127
87 98
88 125
89 152
89 98
91 98
92 189
92 98
93 163
93 98
94 125
95 125
96 125
96 192
97 115
98 242
99 104
100 244
102 192
103 241
104 192
105 211
105 216
106 163
109 167
109 205
110 152
111 153
112 217
114 190
114 155
116 222
117 242
118 147
118 164
119 129
120 121
121 161
121 157
122 173
123 171
123 145
124 183
125 173
128 173
128 178
131 238
131 147
132 213
135 230
138 187
139 147
140 173
142 242
143 172
145 171
149 170
150 215
151 238
153 172
153 184
155 190
160 186
160 238
163 189
164 191
164 197
166 250
167 205
168 211
172 184
172 183
173 178
176 195
178 192
179 229
180 208
181 204
182 192
183 184
185 198
188 207
191 197
193 213
194 215
195 211
195 216
202 211
