0 35
0 242
0 98
1 57
1 59
1 58
1 125
2 125
2 129
2 170
3 114
3 70
3 57
4 59
4 125
4 58
5 98
5 115
5 97
6 28
6 109
6 205
7 99
7 233
7 28
8 32
8 75
8 145
9 41
9 173
9 241
9 122
10 125
10 124
10 183
11 229
11 78
11 54
12 105
12 98
12 57
13 57
13 209
13 37
14 57
14 59
14 58
14 125
15 147
15 238
15 67
16 57
16 59
16 58
16 125
17 57
17 59
17 58
17 125
18 60
18 147
18 139
19 57
19 59
19 58
19 125
20 242
20 170
20 98
21 233
21 98
21 215
22 59
22 60
22 125
23 57
23 59
23 58
23 125
24 215
24 149
25 59
25 153
25 98
26 98
26 178
26 207
27 92
27 78
27 98
28 109
28 99
28 202
29 98
29 69
29 41
30 86
30 57
30 98
30 155
31 173
31 122
31 98
32 204
32 211
32 168
33 63
33 216
33 171
34 140
34 112
34 98
35 54
35 92
35 243
36 84
36 85
36 98
37 209
37 147
38 215
38 233
38 199
39 241
39 103
39 162
40 57
40 59
40 58
40 125
41 44
41 173
42 250
42 120
42 161
43 250
43 96
43 107
44 173
44 192
45 168
45 211
46 129
46 119
46 98
47 155
47 60
47 59
48 115
48 152
49 86
49 57
49 98
49 155
50 102
50 98
52 125
52 98
52 204
53 98
53 89
54 98
54 129
55 57
55 59
55 58
55 125
56 57
56 59
56 58
56 125
57 155
57 114
57 86
58 147
58 125
58 144
59 125
60 125
61 232
61 67
61 147
61 186
62 83
62 242
63 170
63 111
63 98
64 110
64 152
64 98
65 208
65 226
65 207
65 122
66 114
67 186
67 238
67 147
68 213
68 69
69 98
70 86
70 98
70 155
71 86
71 98
71 155
72 135
72 85
73 140
73 112
73 125
74 167
74 194
75 145
75 156
75 98
76 125
77 153
77 172
77 184
78 229
79 126
79 98
80 125
81 168
81 101
82 113
83 243
83 222
85 135
86 114
86 190
86 155
87 148
87 127
87 98
88 125
89 152
89 98
91 242
91 98
92 163
92 98
92 189
93 170
93 163
93 98
94 125
95 125
96 125
96 192
97 98
97 115
98 115
98 242
99 104
100 244
101 168
102 192
103 241
104 168
104 192
105 211
105 216
106 163
107 210
109 167
109 205
110 144
110 152
111 153
112 140
112 217
114 190
114 155
116 243
116 222
117 242
118 231
118 147
118 164
119 165
119 129
120 121
121 161
121 157
122 173
123 153
123 171
123 145
124 125
124 183
125 153
125 173
127 165
128 208
128 173
128 178
129 159
131 147
131 238
132 193
132 213
135 138
135 230
138 187
139 147
140 173
141 168
142 242
143 225
143 172
144 147
145 171
146 153
147 186
149 222
149 170
150 215
151 197
151 238
153 172
153 184
155 190
156 231
160 186
160 238
161 163
162 241
163 189
164 191
164 197
166 250
167 205
168 204
168 211
171 202
172 184
172 183
173 178
176 216
176 195
178 192
179 229
180 207
180 208
181 204
182 192
183 184
185 198
188 208
188 207
191 197
193 213
194 215
195 211
195 216
201 208
202 205
202 211
222 243
239 242
240 245
