0 104
0 35
0 242
0 98
1 155
1 57
1 59
1 58
1 125
2 60
2 125
2 129
2 170
3 71
3 114
3 70
3 57
4 60
4 59
4 58
4 125
5 245
5 98
5 115
5 97
6 167
6 28
6 109
6 205
7 148
7 99
7 233
7 28
8 59
8 32
8 75
8 145
9 41
9 241
9 173
9 122
10 58
10 125
10 124
10 183
11 58
11 229
11 78
11 54
12 211
12 98
12 105
12 57
13 60
13 57
13 209
13 37
14 155
14 57
14 59
14 58
14 125
15 131
15 147
15 238
15 67
16 155
16 57
16 59
16 58
16 125
17 155
17 57
17 59
17 58
17 125
18 125
18 139
18 147
18 60
19 155
19 57
19 59
19 58
19 125
20 92
20 242
20 170
20 98
21 24
21 233
21 98
21 215
22 154
22 60
22 59
22 125
23 155
23 57
23 59
23 58
23 125
24 194
24 215
24 149
25 147
25 59
25 153
25 98
26 44
26 98
26 178
26 207
27 57
27 92
27 98
27 78
28 171
28 109
28 99
28 202
29 126
29 41
29 69
29 98
30 86
30 57
30 98
30 155
31 85
31 98
31 173
31 122
32 45
32 204
32 211
32 168
33 58
33 63
33 216
33 171
34 125
34 140
34 112
34 98
35 170
35 92
35 243
35 54
36 86
36 98
36 85
36 84
37 139
37 209
37 147
38 194
38 215
38 233
38 199
39 83
39 241
39 103
39 162
40 155
40 57
40 59
40 58
40 125
41 98
41 44
41 173
42 84
42 250
42 120
42 161
43 84
43 107
43 96
43 250
44 173
44 192
45 204
45 168
45 211
46 165
46 129
46 119
46 98
47 154
47 155
47 60
47 59
48 98
48 115
48 152
49 86
49 57
49 98
49 155
50 173
50 102
50 98
51 85
52 152
52 98
52 204
52 125
53 152
53 89
53 98
54 159
54 98
54 129
55 155
55 57
55 59
55 58
55 125
56 155
56 57
56 59
56 58
56 125
57 114
57 155
57 86
58 153
58 144
58 147
58 125
59 155
59 125
60 155
60 125
61 67
61 232
61 147
61 186
62 82
62 83
62 242
63 93
63 170
63 111
63 98
64 110
64 152
64 98
65 208
65 226
65 207
65 122
66 115
66 114
67 160
67 186
67 238
67 147
68 193
68 213
68 69
69 126
69 98
70 86
70 98
70 155
71 86
71 98
71 155
72 230
72 135
72 85
73 112
73 140
73 125
74 167
74 194
75 145
75 156
75 98
76 155
76 125
77 183
77 153
77 172
77 184
78 229
79 126
79 98
80 155
80 125
81 141
81 168
81 101
82 155
82 113
83 149
83 243
83 222
85 230
85 135
86 114
86 190
86 155
87 158
87 148
87 127
87 98
88 155
88 125
89 202
89 152
89 98
91 199
91 242
91 98
92 163
92 98
92 189
93 171
93 170
93 163
93 98
94 155
94 125
95 155
95 125
96 192
96 125
97 245
97 98
97 115
98 204
98 115
98 242
99 125
99 104
100 244
101 141
101 168
102 192
103 162
103 241
104 132
104 168
104 192
105 211
105 216
106 189
106 163
107 210
108 250
109 202
109 167
109 205
110 144
110 152
111 153
112 173
112 140
112 217
113 155
114 190
114 155
115 245
116 149
116 243
116 222
117 242
118 197
118 231
118 147
118 164
119 159
119 165
119 129
120 121
121 161
121 157
122 173
123 153
123 171
123 145
124 125
124 183
125 153
125 173
127 170
127 165
128 188
128 208
128 173
128 178
129 170
129 159
130 147
131 147
131 238
132 192
132 193
132 213
133 155
134 155
135 138
135 230
137 155
138 187
139 147
140 173
141 168
142 242
143 185
143 225
143 172
144 153
144 147
145 171
146 153
147 238
147 186
148 194
149 233
149 222
149 170
150 194
150 215
151 160
151 197
151 238
152 225
153 183
153 172
153 184
155 190
156 210
156 231
159 165
160 186
160 238
161 170
161 163
162 241
163 189
164 191
164 197
166 250
167 205
168 204
168 211
171 202
172 184
172 183
173 178
176 216
176 195
178 192
179 229
180 207
180 208
181 204
182 192
183 184
184 238
185 198
188 208
188 207
191 197
193 213
194 215
195 211
195 216
197 209
201 208
202 205
202 211
204 211
206 242
215 233
222 243
223 242
239 242
240 245
