0 170
0 98
0 242
0 104
0 35
1 154
1 155
1 57
1 59
1 58
1 125
2 147
2 60
2 125
2 129
2 170
3 30
3 71
3 114
3 70
3 57
4 155
4 60
4 59
4 58
4 125
5 48
5 245
5 98
5 115
5 97
6 202
6 167
6 28
6 109
6 205
7 194
7 148
7 99
7 233
7 28
8 57
8 59
8 32
8 75
8 145
9 31
9 41
9 241
9 173
9 122
10 155
10 124
10 58
10 183
10 125
11 125
11 54
11 229
11 58
11 78
12 216
12 211
12 98
12 105
12 57
13 153
13 60
13 57
13 209
13 37
14 154
14 155
14 57
14 59
14 58
14 125
15 125
15 131
15 147
15 238
15 67
16 154
16 155
16 57
16 59
16 58
16 125
17 154
17 155
17 57
17 59
17 58
17 125
18 153
18 125
18 139
18 147
18 60
19 154
19 155
19 57
19 59
19 58
19 125
20 200
20 92
20 242
20 170
20 98
21 194
21 24
21 233
21 98
21 215
22 153
22 154
22 60
22 59
22 125
23 154
23 155
23 57
23 59
23 58
23 125
24 233
24 194
24 215
24 149
24 21
25 154
25 147
25 59
25 153
25 98
26 8
26 44
26 98
26 178
26 207
27 125
27 57
27 92
27 98
27 78
28 170
28 171
28 109
28 99
28 202
29 68
29 126
29 41
29 69
29 98
30 114
30 57
30 98
30 86
30 155
31 41
31 85
31 98
31 173
31 122
32 236
32 45
32 204
32 211
32 168
33 56
33 58
33 63
33 216
33 171
34 122
34 125
34 140
34 112
34 98
35 6
35 170
35 92
35 243
35 54
36 82
36 86
36 98
36 85
36 84
37 57
37 139
37 13
37 209
37 147
38 91
38 194
38 215
38 233
38 199
39 82
39 83
39 241
39 103
39 162
40 154
40 155
40 57
40 59
40 58
40 125
41 122
41 98
41 44
41 173
41 29
42 85
42 84
42 120
42 161
42 250
43 82
43 84
43 107
43 96
43 250
44 178
44 192
44 29
44 173
44 41
45 141
45 204
45 168
45 32
45 211
46 54
46 165
46 129
46 119
46 98
47 153
47 154
47 155
47 60
47 59
48 97
48 98
48 5
48 115
48 152
49 114
49 57
49 98
49 86
49 30
49 155
50 31
50 173
50 44
50 102
50 98
51 84
51 85
51 44
51 29
51 41
52 58
52 152
52 98
52 204
52 125
53 206
53 152
53 4
53 89
53 98
54 78
54 159
54 11
54 98
54 129
55 154
55 155
55 57
55 59
55 58
55 125
56 154
56 155
56 57
56 59
56 58
56 125
57 190
57 12
57 114
57 155
57 86
58 152
58 153
58 144
58 147
58 125
59 154
59 155
59 57
59 58
59 125
60 154
60 155
60 57
60 59
60 58
60 125
61 68
61 67
61 232
61 147
61 186
62 92
62 82
62 83
62 20
62 242
63 163
63 93
63 170
63 111
63 98
64 144
64 52
64 110
64 152
64 98
65 98
65 226
65 207
65 208
65 26
65 122
66 49
66 115
66 52
66 114
66 30
67 184
67 160
67 186
67 238
67 147
68 126
68 29
68 69
68 193
68 213
69 103
69 126
69 98
69 68
69 29
70 114
70 57
70 98
70 86
70 30
70 155
71 114
71 57
71 98
71 86
71 30
71 155
72 44
72 230
72 135
72 85
72 31
73 31
73 41
73 112
73 140
73 125
74 233
74 21
74 167
74 194
74 24
75 184
75 8
75 145
75 156
75 98
76 154
76 155
76 57
76 59
76 58
76 125
77 57
77 183
77 153
77 172
77 184
78 92
78 27
78 11
78 54
78 229
79 41
79 29
79 69
79 126
79 98
80 154
80 155
80 57
80 59
80 58
80 125
81 236
81 141
81 168
81 101
81 32
82 154
82 155
82 57
82 59
82 113
83 35
83 149
83 243
83 222
83 0
84 145
84 13
84 8
84 75
84 32
85 98
85 230
85 135
85 72
85 31
86 49
86 114
86 190
86 57
86 155
87 159
87 158
87 148
87 127
87 98
88 154
88 155
88 57
88 59
88 58
88 125
89 115
89 202
89 53
89 152
89 98
90 83
90 82
90 85
90 84
90 20
91 215
91 199
91 38
91 242
91 98
92 54
92 35
92 163
92 98
92 189
93 92
93 171
93 170
93 163
93 98
94 154
94 155
94 57
94 59
94 58
94 125
95 154
95 155
95 57
95 59
95 58
95 125
96 154
96 60
96 58
96 192
96 125
97 48
97 245
97 98
97 115
97 5
98 152
98 204
98 115
98 79
98 242
99 58
99 125
99 57
99 104
99 28
100 82
100 85
100 84
100 244
100 98
101 236
101 141
101 168
101 81
101 32
102 153
102 57
102 44
102 50
102 192
103 79
103 69
103 162
103 98
103 241
104 28
104 132
104 168
104 99
104 192
105 60
105 12
105 57
105 211
105 216
106 68
106 189
106 98
106 163
106 92
107 96
107 43
107 210
107 75
107 98
108 82
108 250
108 81
108 98
108 12
109 167
109 6
109 28
109 202
109 205
110 98
110 58
110 144
110 152
110 64
111 125
111 59
111 63
111 153
111 58
112 125
112 173
112 98
112 217
112 140
113 154
113 155
113 57
113 59
113 82
114 49
114 86
114 190
114 57
114 155
115 48
115 245
115 98
115 5
115 97
116 35
116 149
116 243
116 222
116 83
116 0
117 80
117 79
117 82
117 84
117 242
118 98
118 197
118 231
118 147
118 164
119 46
119 159
119 165
119 129
119 98
120 161
120 92
120 42
120 121
120 98
121 68
121 92
121 120
121 161
121 157
122 178
122 44
122 173
122 41
122 98
123 59
123 171
123 153
123 58
123 145
124 155
124 58
124 10
124 183
124 125
125 60
125 59
125 153
125 41
125 173
126 69
126 41
126 79
126 98
126 29
127 159
127 170
127 165
127 87
127 98
128 207
128 188
128 208
128 173
128 178
129 165
129 46
129 170
129 159
129 54
130 153
130 147
130 98
130 59
130 60
131 125
131 15
131 147
131 238
131 67
132 68
132 104
132 193
132 192
132 213
133 154
133 155
133 57
133 59
133 58
133 125
134 154
134 155
134 57
134 59
134 58
134 125
135 153
135 59
135 138
135 230
135 44
136 82
136 81
136 84
136 83
136 98
137 154
137 155
137 57
137 59
137 58
138 147
138 60
138 58
138 59
138 187
139 153
139 125
139 147
139 60
139 18
140 31
140 98
140 173
140 41
140 122
141 236
141 168
141 101
141 81
141 32
142 83
142 80
142 82
142 81
142 242
143 184
143 185
143 225
143 172
143 75
144 152
144 153
144 58
144 147
144 125
145 123
145 75
145 8
145 171
145 32
146 155
146 57
146 153
146 59
146 125
147 160
147 238
147 186
147 98
147 67
148 87
148 194
148 24
148 98
148 21
149 38
149 233
149 222
149 24
149 170
150 233
150 194
150 24
150 21
150 215
151 184
151 160
151 197
151 238
151 98
152 204
152 225
152 89
152 64
152 98
153 57
153 183
153 172
153 184
153 77
154 57
154 56
154 153
154 60
154 59
155 49
155 86
155 114
155 190
155 57
156 107
156 210
156 231
156 75
156 98
157 154
157 125
157 57
157 60
157 59
158 84
158 89
158 148
158 98
158 87
159 54
159 165
159 129
159 119
159 98
160 147
160 98
160 67
160 186
160 238
161 42
161 170
161 163
161 98
161 157
162 82
162 83
162 241
162 39
162 103
163 170
163 98
163 93
163 63
163 189
164 214
164 98
164 151
164 191
164 197
165 46
165 159
165 98
165 129
165 119
166 83
166 82
166 81
166 37
166 250
167 202
167 109
167 205
167 28
167 6
168 246
168 45
168 204
168 32
168 211
169 57
169 153
169 154
169 60
169 59
170 109
170 20
170 129
170 149
170 98
171 145
171 6
171 33
171 202
171 167
172 75
172 153
172 77
172 184
172 183
173 128
173 122
173 44
173 178
173 41
174 154
174 155
174 57
174 59
174 58
174 125
175 155
175 60
175 59
175 58
175 125
176 80
176 82
176 216
176 195
176 33
177 154
177 155
177 57
177 59
177 58
177 125
178 122
178 128
178 44
178 173
178 192
179 82
179 81
179 80
179 84
179 229
180 44
180 207
180 208
180 173
180 122
181 81
181 82
181 52
181 98
181 204
182 178
182 98
182 192
182 122
182 44
183 75
183 77
183 153
183 184
183 172
184 75
184 238
184 153
184 172
184 183
185 79
185 198
185 82
185 75
185 143
186 232
186 67
186 160
186 147
186 98
187 147
187 60
187 58
187 138
187 59
188 173
188 44
188 207
188 208
188 128
189 147
189 56
189 163
189 92
189 98
190 49
190 86
190 114
190 57
190 155
191 214
191 98
191 151
191 164
191 197
192 226
192 102
192 98
192 178
192 44
193 69
193 29
193 68
193 126
193 213
194 233
194 21
194 167
194 24
194 215
195 223
195 98
195 176
195 211
195 216
196 199
196 5
196 97
196 98
196 115
197 232
197 209
197 154
197 98
197 191
198 143
198 98
198 186
198 184
198 151
199 196
199 197
199 98
199 156
199 153
200 99
200 104
200 20
200 7
200 28
201 98
201 173
201 178
201 208
201 33
202 28
202 109
202 205
202 6
202 211
203 57
203 154
203 59
203 58
203 125
204 168
204 52
204 32
204 211
204 98
205 109
205 28
205 6
205 202
205 167
206 207
206 242
206 53
206 98
206 91
207 128
207 44
207 188
207 178
207 173
208 44
208 173
208 128
208 188
208 207
209 57
209 153
209 56
209 13
209 37
210 83
210 107
210 75
210 98
210 156
211 101
211 32
211 168
211 204
211 45
212 172
212 199
212 183
212 77
212 184
213 69
213 29
213 68
213 126
213 193
214 98
214 151
214 164
214 191
214 197
215 194
215 233
215 74
215 206
215 202
216 33
216 202
216 105
216 57
216 211
217 183
217 124
217 10
217 112
217 98
218 154
218 155
218 57
218 59
218 58
218 125
219 90
219 92
219 27
219 98
219 78
220 154
220 155
220 57
220 59
220 58
220 125
221 250
221 82
221 84
221 90
221 211
222 35
222 149
222 243
222 83
222 0
223 98
223 242
223 195
223 167
223 89
224 81
224 85
224 84
224 83
224 98
225 75
225 172
225 183
225 143
225 152
226 178
226 98
226 192
226 44
226 122
227 154
227 155
227 57
227 59
227 58
227 125
228 81
228 84
228 98
228 82
228 113
229 56
229 57
229 11
229 78
229 54
230 153
230 59
230 138
230 135
230 44
231 153
231 172
231 199
231 98
231 156
232 84
232 197
232 209
232 13
232 147
233 194
233 21
233 167
233 24
233 215
234 82
234 80
234 81
234 57
234 12
235 154
235 155
235 57
235 59
235 58
235 125
236 141
236 168
236 101
236 81
236 32
237 154
237 155
237 57
237 59
237 58
237 125
238 15
238 184
238 147
238 160
238 67
239 89
239 86
239 242
239 98
239 202
240 28
240 34
240 98
240 245
240 0
241 69
241 178
241 122
241 98
241 103
242 203
242 20
242 62
242 98
242 0
243 6
243 170
243 92
243 54
243 35
244 153
244 125
244 147
244 60
244 98
245 0
245 97
245 115
245 98
245 5
246 236
246 141
246 168
246 101
246 81
246 32
247 83
247 81
247 85
247 82
247 0
248 85
248 98
248 83
248 34
248 79
249 194
249 21
249 202
249 24
249 215
250 82
250 20
250 81
250 170
250 98
