0 472
1 2226
2 1503
2 787
3 234
4 1864
5 1803
6 1521
6 1766
7 151
8 633
9 517
9 1449
10 708
11 1270
11 2118
12 179
13 407
14 633
14 959
15 602
15 609
16 2116
17 857
17 575
18 2061
19 486
19 1051
20 1470
20 202
21 350
22 2053
23 367
24 1689
24 1157
25 1462
26 1851
27 1629
28 115
29 1027
30 1009
31 1758
32 1662
33 2195
34 1470
34 202
35 587
36 491
37 1874
37 1226
38 51
39 938
40 323
40 2144
41 688
41 732
42 486
42 1051
43 1470
43 202
44 222
44 242
45 541
45 1742
46 1342
47 517
47 1449
48 1521
48 1766
49 517
49 1449
50 1661
52 220
53 377
54 1065
54 889
55 159
55 2237
56 2215
57 2016
57 2033
58 323
58 2144
59 1494
59 2135
60 2030
61 486
61 1051
62 631
63 682
64 1470
64 202
65 1689
65 1157
66 432
67 1463
68 1881
68 294
69 1233
70 1622
71 1144
72 341
72 1314
73 2181
74 1460
75 688
75 732
76 218
77 867
78 820
79 688
79 732
80 281
81 173
82 1351
83 1092
84 142
85 798
86 613
87 446
88 891
89 1663
90 1692
91 403
92 396
93 1815
94 587
96 299
96 1952
97 2077
98 341
98 1314
99 951
100 1067
100 1464
101 688
101 732
102 2143
103 1470
103 202
104 939
105 721
106 608
107 600
108 1027
109 1773
109 1283
110 1764
111 1196
112 341
112 1314
113 1266
114 632
116 1494
116 2135
117 2263
118 1503
118 787
119 811
120 584
121 386
121 619
122 1356
123 2228
124 645
125 593
125 331
126 1277
127 731
128 1878
128 359
129 1136
130 143
130 1800
131 1411
131 183
132 1470
132 202
133 1881
133 294
134 688
134 732
135 172
136 1670
137 1095
138 1708
139 1470
139 202
140 344
141 220
143 1800
144 1689
144 1157
145 641
146 175
147 425
147 1269
148 2141
149 781
150 180
151 986
151 1041
152 518
152 780
153 2273
154 817
155 1470
155 202
156 1470
156 202
157 784
157 537
158 1009
159 2237
160 927
161 315
162 1633
163 1470
163 202
164 2172
165 1067
165 1464
166 1470
166 202
167 1034
168 1534
169 1178
170 999
171 995
171 1150
173 1685
174 2158
176 986
176 1041
177 341
177 1314
178 1311
178 598
181 1436
181 332
182 1599
183 1411
184 559
185 2237
186 1356
187 867
188 1020
189 1985
190 358
191 1806
191 1305
192 486
192 1051
193 1848
194 1495
195 371
196 1774
197 1081
198 1493
199 1494
199 2135
200 1470
200 202
201 1470
201 202
202 1470
203 468
204 1741
205 949
206 877
206 1157
207 700
208 753
209 1876
210 357
211 1523
211 362
212 406
212 241
213 1782
213 1157
214 386
214 619
215 350
216 1470
217 1436
217 332
218 531
219 1790
220 1714
221 1196
222 242
223 679
224 596
225 1296
225 807
226 1084
227 2151
228 1891
228 516
229 1484
229 1300
230 1503
230 787
231 2135
232 1278
232 796
233 1358
233 1808
235 1758
236 1567
237 1201
238 1868
239 1601
240 1278
240 796
241 406
243 569
244 425
244 1269
245 486
245 1051
246 1976
246 946
247 348
248 1187
249 1646
250 1358
250 1808
251 338
252 1311
252 598
253 1527
254 1263
255 1614
256 486
256 1051
257 986
257 1041
258 1411
259 1470
260 1065
260 889
261 1521
261 1766
262 1579
263 709
264 1643
265 1489
266 1740
267 741
268 1253
269 986
269 1041
271 1881
271 294
272 1945
273 1616
274 1521
274 1766
275 1878
275 359
276 1727
277 2147
278 1629
279 1064
279 1053
280 2147
282 1686
283 1470
284 1740
285 1578
286 462
286 1024
287 2037
287 449
288 1678
289 2089
290 1421
290 1870
291 341
291 1314
292 341
292 1314
294 1881
295 857
295 575
296 2192
297 1196
299 972
299 1952
300 1311
300 598
301 811
302 442
303 1470
304 1647
304 1157
305 1436
305 332
306 645
307 1436
307 332
308 636
310 660
311 1311
311 598
312 695
313 1521
313 1766
314 555
316 1421
316 1870
317 1405
318 1943
319 377
320 1161
321 1679
321 1784
323 2144
324 881
325 1518
326 1436
326 332
327 1075
328 539
329 1411
330 958
331 593
332 1436
333 1306
334 688
334 732
335 2193
336 1989
337 402
338 2167
339 1976
340 1201
341 1314
342 688
342 732
343 1621
345 1890
345 1465
346 1173
347 1311
347 598
349 656
352 745
352 1364
353 1357
354 1089
354 1220
355 1912
356 1726
359 1878
360 1454
361 1278
361 796
362 919
363 2263
364 544
364 876
365 2237
366 1398
368 1143
369 384
370 1569
372 652
373 1398
374 551
375 1422
375 1533
376 2237
378 2246
379 833
380 2237
381 1314
382 2142
383 589
384 1314
385 1801
386 619
388 2192
389 2093
390 1421
390 1870
391 1861
392 1065
392 889
394 636
395 1629
397 1064
397 1053
398 1470
399 1800
400 1890
400 1465
401 1158
403 1277
404 2186
405 565
408 1504
409 2052
409 1051
410 1157
411 1256
411 721
412 1641
413 2143
414 428
414 1508
415 657
416 483
417 1521
417 1766
418 2135
420 1448
421 1354
422 1733
424 803
425 1269
426 1773
426 1283
428 1508
429 842
430 450
430 2262
431 815
431 725
432 1406
433 1625
434 1781
435 1505
436 518
436 780
437 724
437 577
438 986
438 1041
439 1358
439 1808
440 1311
440 598
443 1398
444 1105
445 486
445 1051
446 2139
447 721
448 2016
448 2033
449 2184
450 2262
451 1314
452 1521
452 1766
453 1017
454 482
455 2022
456 1976
457 517
457 1449
458 1629
459 1487
460 1584
461 1773
461 1283
462 1024
463 1521
463 1766
464 1629
465 1152
466 1517
469 1474
471 973
473 486
473 1051
474 768
475 1569
476 1646
477 2135
478 1488
479 660
480 1912
481 1171
485 853
486 1051
488 1478
489 1171
490 546
492 1890
492 1465
493 1521
493 1766
494 739
495 936
496 1238
497 1284
498 1475
499 1470
500 986
500 1041
501 688
501 732
502 1470
503 803
504 1103
505 2122
506 781
507 695
508 1314
509 1454
510 995
510 1150
511 1381
512 794
513 1314
514 778
515 660
516 1891
517 1449
518 780
519 967
520 2276
521 1521
521 1766
522 693
523 1521
523 1766
524 1436
525 688
525 732
526 1740
527 2041
528 1781
529 1503
529 787
530 2135
532 688
532 732
534 1337
534 1282
535 866
536 2234
537 784
538 937
538 984
540 1575
541 1742
542 1051
543 1930
544 876
545 1470
546 1976
548 1311
548 598
549 1535
550 1421
550 1870
551 2185
552 935
553 1521
553 1766
554 1470
555 1911
556 1000
557 1421
557 1870
558 1311
558 598
560 2237
561 1484
561 1300
563 1521
563 1766
564 986
564 1041
566 1470
567 795
568 1272
570 1051
571 739
572 2134
573 1521
573 1766
574 1296
574 807
575 857
576 1011
577 724
578 1278
578 796
579 781
580 1939
582 1030
583 688
583 732
584 2249
585 1403
586 2135
588 1773
588 1283
590 1521
590 1766
591 632
592 1517
594 1470
595 2263
597 986
597 1041
598 1311
599 688
599 732
600 1553
601 817
602 609
603 707
604 1176
605 1691
605 1376
607 1773
607 1283
610 1140
611 1051
612 853
614 2190
615 1009
616 1265
617 2023
617 1157
618 2193
620 2013
621 720
622 943
623 1186
624 635
625 2023
625 1157
626 1447
627 688
627 732
628 1307
629 2016
629 2033
630 1046
631 2069
633 1402
639 986
639 1041
640 1743
642 2237
643 2249
644 1881
647 1362
648 1436
649 959
650 1565
651 1629
652 1939
653 2129
654 1881
655 1303
658 2143
659 1051
661 1030
662 1913
663 1629
664 1065
664 889
665 1308
667 688
667 732
668 1424
669 1334
670 1311
671 985
672 1311
673 1470
674 1976
675 1060
677 892
680 1881
681 1470
682 1460
683 2097
684 2257
685 1470
686 1051
687 1077
688 732
689 2066
689 1407
690 1436
691 1421
691 1870
692 2158
694 2012
696 1470
697 1254
698 2237
699 1398
701 1679
701 1784
702 2066
702 1407
703 1809
704 1521
704 1766
705 2237
708 2185
709 1145
710 858
712 1521
712 1766
713 1060
714 732
715 1470
716 1740
717 1515
718 2023
718 1157
719 1173
720 1656
722 1314
723 2144
725 815
726 2019
727 2230
730 1685
733 1024
734 784
735 1644
735 1636
736 754
737 972
737 1952
738 2047
740 2023
740 1157
743 1881
744 956
745 1364
746 2172
747 1278
747 796
748 1448
750 1330
751 1539
752 1521
752 1766
756 803
757 1358
757 1808
758 1803
759 2161
760 2221
761 1149
762 2023
762 1157
763 928
764 2172
765 2023
765 1157
766 1581
767 1401
769 1601
770 1629
771 1887
772 1890
772 1465
773 1521
773 1766
774 1683
775 2268
776 1741
777 857
779 1467
782 952
782 1338
783 1185
785 1314
786 1591
787 1503
788 1165
790 1051
791 1033
792 803
796 1278
797 2172
799 1060
800 1740
801 1521
801 1766
802 1470
804 1939
805 1470
806 1976
807 1296
809 913
810 987
812 1470
813 2133
814 1635
816 826
817 1362
818 1403
820 2226
821 1765
822 1457
824 1470
825 1314
826 1976
827 1717
828 1436
829 2192
831 2237
832 1212
832 1926
833 2069
834 1501
834 2000
835 1143
836 1442
837 1505
839 2016
839 2033
840 1881
841 1398
842 1976
844 1881
845 1065
845 889
846 1773
846 1283
848 1607
848 1255
849 1501
849 2000
850 977
851 1051
852 2151
854 1503
855 1749
856 1430
856 1965
859 1314
860 1929
861 1179
862 2249
863 1421
863 1870
864 1051
867 1761
868 1449
869 987
870 1178
871 1470
872 1800
874 1051
875 2135
877 2023
877 1157
878 1929
879 2242
882 2233
883 1342
884 1470
885 1027
887 932
888 2055
888 1507
889 1065
893 1512
894 1478
895 1010
896 1223
897 1398
900 2175
901 1937
902 1629
903 1475
906 2066
906 1407
907 1311
908 1584
909 995
909 1150
910 1059
911 1470
912 986
912 1041
915 2186
916 1087
917 999
918 1060
920 1421
920 1870
922 1727
923 2151
925 1800
926 1874
926 1226
929 1629
930 1401
931 944
933 1837
934 1976
935 1414
937 984
939 1062
940 1065
941 1890
941 1465
943 1356
944 1846
946 1623
946 1831
947 974
948 1354
950 1890
950 1465
952 1338
953 2023
953 1157
954 1674
955 1593
961 2023
961 1157
963 2023
963 1157
964 1939
965 2172
968 1470
969 1800
971 1593
972 1952
975 1885
976 1421
976 1870
979 2030
980 2016
980 2033
981 1436
982 1060
983 2135
986 1041
988 1251
988 2070
989 1890
989 1465
990 1707
990 2248
991 2002
992 2172
993 2192
994 1578
995 1150
997 1521
997 1766
998 1041
1001 1436
1002 1421
1002 1870
1003 1881
1004 1480
1005 1923
1006 1521
1006 1766
1007 2130
1008 1387
1011 1762
1012 2069
1013 1398
1017 1980
1018 1739
1020 1676
1021 1218
1022 1470
1023 1988
1025 1065
1028 1521
1028 1766
1029 1503
1031 1673
1033 1912
1035 1703
1036 1051
1037 1809
1038 1067
1038 1464
1039 2186
1040 1523
1042 1521
1042 1766
1043 1422
1043 1533
1044 1161
1045 1656
1047 1067
1047 1464
1048 1470
1049 1337
1049 1282
1052 1284
1054 1333
1055 2237
1056 1178
1057 2023
1057 1157
1058 1314
1061 1538
1062 1400
1063 1909
1067 1464
1068 1369
1071 1464
1072 1668
1076 1470
1077 1400
1078 1272
1081 1976
1082 1470
1083 1679
1083 1784
1085 1152
1086 1188
1089 1220
1090 1152
1091 1623
1091 1831
1093 2023
1093 1157
1094 2175
1096 1345
1097 1411
1098 1851
1100 1521
1100 1766
1101 1773
1101 1283
1102 2111
1104 1530
1107 1436
1108 1314
1109 1284
1112 1806
1112 1305
1113 1702
1114 1967
1115 1594
1117 1613
1118 1281
1119 1470
1122 1841
1126 1464
1127 1398
1128 2135
1129 1314
1130 1960
1132 1939
1133 1449
1137 2019
1138 2009
1141 1194
1145 1370
1146 1436
1147 1674
1148 1470
1149 1356
1151 1967
1153 1503
1154 1946
1155 1311
1159 1421
1159 1870
1160 1464
1161 2130
1162 1714
1163 1355
1164 1923
1167 1411
1169 1891
1170 1714
1173 1885
1177 1561
1179 1847
1180 2016
1180 2033
1181 1878
1182 1470
1183 1269
1186 1577
1189 1644
1189 1636
1190 2237
1191 1623
1191 1831
1192 2147
1193 1314
1194 1244
1195 2016
1195 2033
1197 1800
1198 2249
1199 1457
1200 1664
1202 2263
1203 1332
1204 1897
1205 1694
1206 1338
1208 1521
1208 1766
1209 1270
1209 2118
1210 1449
1211 1421
1211 1870
1212 1926
1214 1962
1214 2144
1215 1511
1216 1464
1217 1470
1221 2092
1222 1911
1224 1398
1225 1911
1228 1470
1229 1361
1230 1276
1232 1569
1233 2249
1234 1515
1235 1806
1235 1305
1236 1881
1237 1714
1240 1394
1242 1809
1242 1971
1243 1521
1243 1766
1245 1643
1246 1314
1248 1259
1249 1503
1251 2070
1255 1607
1257 1725
1258 1782
1258 1647
1259 1939
1260 1521
1260 1766
1261 1890
1261 1465
1263 1538
1264 1470
1265 1980
1266 1275
1267 1470
1268 2111
1270 2118
1271 1422
1271 1533
1273 1430
1273 1965
1274 1976
1279 1470
1280 1933
1282 1337
1283 1773
1285 1918
1286 2249
1287 1314
1290 1724
1292 1314
1293 1655
1295 1898
1297 1853
1298 1740
1300 1484
1301 1668
1302 1871
1305 1602
1305 1687
1306 2172
1307 1684
1309 1607
1310 1479
1312 1939
1315 1884
1316 1494
1317 1449
1318 1952
1319 1494
1320 2232
1321 1398
1324 2118
1325 1470
1326 2145
1327 1828
1329 1939
1330 2069
1331 2078
1333 1976
1336 1470
1339 2058
1340 1714
1341 2042
1344 1569
1347 1912
1348 1436
1349 1478
1353 1521
1353 1766
1355 1386
1356 2246
1357 1944
1358 1808
1359 2274
1360 1679
1360 1784
1361 1629
1363 1503
1365 1881
1367 1985
1368 1470
1369 1912
1373 1449
1375 1475
1376 1691
1377 1688
1378 1470
1381 1574
1383 1902
1384 2260
1388 1431
1389 1614
1390 2122
1392 1583
1396 2008
1397 1990
1399 1891
1407 2066
1408 2246
1409 2225
1415 2149
1417 2147
1418 1511
1419 1532
1421 1870
1422 1533
1427 1980
1429 1985
1430 1965
1432 1965
1433 1470
1437 2135
1438 1870
1440 1870
1441 1974
1443 1635
1444 1773
1450 1808
1451 2039
1453 1782
1453 1647
1454 2249
1455 1636
1459 1693
1461 1470
1462 1989
1463 2174
1465 1890
1466 2030
1468 1881
1469 1769
1473 1598
1474 1939
1476 1714
1477 1698
1479 1554
1482 1976
1486 1543
1488 1743
1489 1708
1490 1793
1492 1569
1494 2135
1495 2013
1497 2263
1499 2119
1501 2000
1502 1952
1507 2055
1510 1918
1513 1521
1513 1766
1516 1684
1521 1766
1523 1858
1524 1890
1525 1891
1527 2234
1528 1747
1529 2130
1532 1925
1536 2253
1537 1962
1537 2144
1541 1766
1544 1699
1549 1939
1554 1612
1555 2097
1557 1750
1558 2043
1559 1740
1561 1974
1563 1742
1564 2249
1570 1758
1571 1629
1573 1714
1576 2016
1576 2033
1577 2260
1579 2256
1580 1890
1585 1870
1587 1766
1589 1775
1592 1924
1596 2058
1597 2243
1600 1939
1602 1806
1603 1847
1610 1839
1612 1776
1615 2183
1616 2031
1618 2070
1619 1891
1620 1878
1621 1912
1622 2223
1623 1831
1624 1831
1631 2227
1650 1766
1651 1939
1657 1782
1660 2263
1661 1905
1664 1980
1665 1939
1667 1991
1669 1741
1677 1916
1679 1784
1680 1812
1684 2166
1687 1806
1690 2000
1692 1911
1693 2197
1700 1985
1705 1782
1706 2230
1707 2248
1711 1818
1712 1976
1713 2246
1716 2095
1718 2197
1720 1911
1721 2180
1723 1766
1724 1939
1729 1781
1732 1879
1732 1928
1734 1881
1738 2243
1741 1976
1743 2069
1745 2177
1749 2260
1753 2008
1754 2204
1755 1891
1756 2193
1757 2135
1759 1803
1770 2135
1771 1951
1772 1806
1775 2020
1777 2158
1778 2138
1788 1968
1789 1939
1793 2021
1794 1976
1798 1881
1799 2246
1803 1911
1805 2075
1812 1903
1818 1939
1827 2177
1829 1939
1832 2253
1833 1881
1834 2249
1835 2190
1837 2172
1839 2219
1843 1911
1847 1911
1849 1939
1851 2143
1854 2249
1856 1980
1861 2060
1866 2246
1867 2205
1874 2248
1875 1968
1879 1928
1882 2016
1882 2033
1883 1890
1885 2067
1886 2270
1887 2223
1888 2135
1889 1939
1894 2000
1901 1911
1905 2226
1907 1939
1913 2054
1917 2276
1925 2175
1937 2263
1939 1976
1940 2172
1942 2246
1944 2064
1948 2006
1954 1985
1956 1976
1962 2144
1966 2067
1970 2045
1975 2172
1977 2274
1980 2197
1982 2070
1986 2249
1988 2225
1995 2135
1997 2237
1999 2258
2007 2016
2007 2033
2009 2249
2016 2033
2017 2033
2021 2249
2024 2135
2028 2249
2035 2210
2036 2237
2043 2249
2046 2206
2053 2192
2065 2143
2071 2110
2074 2237
2079 2264
2093 2249
2094 2213
2096 2099
2107 2237
2134 2192
2157 2276
2167 2172
2169 2261
2171 2172
2180 2229
2196 2237
2199 2225
2212 2246
2217 2249
2227 2252
2239 2263
2255 2269
2260 2263
