0 1044
0 1161
0 1611
0 472
1 1905
1 2226
1 1911
1 1847
2 2025
2 529
2 1249
2 1503
2 787
3 769
3 1601
3 1545
3 234
4 1120
4 1722
4 1671
4 1864
5 1843
5 1803
5 1847
5 1901
6 573
6 1723
6 1513
6 1521
6 1766
7 597
7 1496
7 257
7 151
8 1400
8 2246
8 1402
8 633
9 1605
9 868
9 47
9 517
9 1449
10 1538
10 2185
10 551
10 708
11 1183
11 244
11 1270
11 2118
12 371
12 195
12 179
12 2003
13 434
13 2028
13 407
13 467
14 1749
14 1623
14 249
14 633
14 959
15 1939
15 1976
15 602
15 609
16 2018
16 1354
16 948
16 2116
17 295
17 777
17 857
17 575
18 1976
18 2061
18 1741
18 2263
19 473
19 1323
19 1413
19 486
19 1051
20 1148
20 2056
20 824
20 1470
20 202
21 2232
21 120
21 350
21 215
22 1895
22 296
22 2165
22 2053
23 1726
23 356
23 487
23 367
24 213
24 410
24 1689
24 1647
24 1157
25 1989
25 1462
25 371
25 195
26 658
26 1424
26 668
26 1851
27 929
27 458
27 770
27 1629
28 2113
28 1877
28 115
28 95
29 1693
29 108
29 885
29 1027
30 2021
30 158
30 615
30 1009
31 1628
31 1570
31 235
31 1758
32 642
32 1149
32 1662
32 1713
33 1976
33 1462
33 1356
33 2195
34 1148
34 2056
34 824
34 1470
34 202
35 835
35 1237
35 94
35 587
36 239
36 2112
36 1708
36 491
37 1874
37 1993
37 1707
37 1226
38 1902
38 1383
38 640
38 51
39 328
39 539
39 938
39 2079
40 1214
40 1537
40 1962
40 323
40 2144
41 667
41 627
41 75
41 688
41 732
42 473
42 1323
42 1413
42 486
42 1051
43 1148
43 2056
43 824
43 1470
43 202
44 441
44 484
44 222
44 1590
44 242
45 1931
45 1563
45 541
45 1742
46 1525
46 2229
46 883
46 1342
47 1605
47 868
47 517
47 1449
48 573
48 1723
48 1513
48 1521
48 1766
49 1605
49 868
49 517
49 1449
50 1803
50 1905
50 1911
50 1661
51 1902
51 1383
51 640
52 890
52 1912
52 1187
52 220
53 423
53 388
53 319
53 377
54 2136
54 845
54 1065
54 1250
54 889
55 560
55 2196
55 159
55 2237
56 1805
56 2215
56 1382
56 791
57 2007
57 839
57 2016
57 2017
57 2033
58 1214
58 1537
58 1962
58 323
58 2144
59 477
59 2202
59 1494
59 231
59 2135
60 1152
60 1912
60 220
60 2030
61 445
61 874
61 1323
61 486
61 1051
62 750
62 1902
62 1383
62 631
63 113
63 74
63 682
63 1460
64 1148
64 2056
64 824
64 1470
64 202
65 213
65 410
65 1689
65 1647
65 1157
66 813
66 1406
66 1286
66 432
67 146
67 1463
67 175
67 293
68 271
68 1798
68 2102
68 1881
68 294
69 1976
69 1233
69 2249
69 1939
70 366
70 1887
70 1224
70 1622
71 309
71 2151
71 1778
71 1144
72 112
72 1797
72 859
72 341
72 1314
73 776
73 1280
73 1933
73 2181
74 2123
74 1964
74 682
74 1460
75 667
75 627
75 688
75 732
76 2030
76 220
76 218
76 531
77 2123
77 1748
77 1761
77 867
78 2055
78 1720
78 2226
78 820
79 667
79 627
79 688
79 732
80 1847
80 555
80 1911
80 281
81 942
81 1685
81 749
81 173
82 279
82 397
82 1131
82 1351
83 1245
83 1643
83 1708
83 1092
84 1953
84 1763
84 1865
84 142
85 1737
85 1553
85 798
85 600
86 327
86 369
86 613
86 1404
87 507
87 695
87 446
87 1939
88 2201
88 2150
88 891
88 1899
89 121
89 2220
89 774
89 1663
90 634
90 203
90 468
90 1692
91 945
91 1277
91 2072
91 403
92 2263
92 396
92 1939
92 1333
93 1651
93 1158
93 401
93 1815
94 835
94 1237
94 587
95 2113
95 1877
95 115
96 737
96 1318
96 299
96 1502
96 1952
97 1388
97 1445
97 1431
97 2077
98 112
98 1797
98 859
98 341
98 1314
99 2081
99 660
99 951
99 1291
100 2216
100 1796
100 1067
100 1464
101 667
101 627
101 688
101 732
102 2080
102 658
102 2143
102 413
103 1148
103 2056
103 824
103 1470
103 202
104 1366
104 670
104 1794
104 939
105 447
105 1256
105 411
105 721
106 1939
106 706
106 1019
106 608
107 309
107 600
107 1553
107 1778
108 1693
108 1027
108 885
109 846
109 588
109 1773
109 426
109 1283
110 668
110 2098
110 1764
110 1424
111 1423
111 297
111 221
111 1196
112 1797
112 859
112 341
112 1314
113 187
113 1275
113 1266
113 2123
114 1474
114 939
114 469
114 632
115 1435
115 1877
115 1512
116 477
116 2202
116 1494
116 231
116 2135
117 1660
117 1741
117 1976
117 2263
118 2025
118 529
118 1249
118 1503
118 787
119 1403
119 818
119 301
119 811
120 494
120 739
120 571
120 584
121 927
121 214
121 386
121 619
122 650
122 1462
122 1565
122 1356
123 1697
123 136
123 1670
123 2228
124 1244
124 306
124 865
124 645
125 1741
125 1416
125 593
125 331
126 914
126 1204
126 945
126 1277
127 562
127 1266
127 1299
127 731
128 1620
128 1181
128 1878
128 359
129 547
129 1818
129 1711
129 1136
130 2182
130 925
130 143
130 1800
131 1097
131 329
131 1411
131 183
132 1148
132 2056
132 824
132 1470
132 202
133 271
133 1798
133 2102
133 1881
133 294
134 667
134 627
134 688
134 732
135 2138
135 742
135 172
136 220
136 2081
136 1670
136 1697
137 643
137 2174
137 1166
137 1095
138 491
138 1489
138 1116
138 1708
139 1148
139 2056
139 824
139 1470
139 202
140 1758
140 1628
140 344
140 836
141 1714
141 890
141 2177
141 220
142 1953
142 1763
142 1865
143 2182
143 925
143 1800
144 213
144 410
144 1689
144 1647
144 1157
145 2140
145 153
145 2273
145 641
146 2174
146 533
146 293
146 175
147 1785
147 1183
147 1434
147 425
147 1269
148 1903
148 2141
148 2214
148 1489
149 506
149 873
149 781
149 966
150 1928
150 210
150 357
150 180
151 269
151 438
151 998
151 986
151 1041
152 436
152 957
152 518
152 780
153 2054
153 1913
153 2140
153 2273
154 2029
154 647
154 1362
154 817
155 1148
155 2056
155 824
155 1470
155 202
156 1148
156 2056
156 824
156 1470
156 202
157 1472
157 1123
157 784
157 734
157 537
158 2021
158 615
158 1009
159 560
159 2196
159 2237
160 619
160 927
160 386
161 2248
161 1226
161 520
161 315
162 541
162 1633
162 1563
163 1148
163 2056
163 824
163 1470
163 202
164 797
164 764
164 746
164 2172
165 2216
165 1796
165 1067
165 1464
166 1148
166 2056
166 824
166 1470
166 202
167 1561
167 1177
167 1536
167 1034
168 2122
168 515
168 1774
168 1534
169 1332
169 870
169 1056
169 1178
170 711
170 1942
170 917
170 999
171 1987
171 909
171 995
171 510
171 1150
172 2138
172 742
173 942
173 749
173 1685
174 1640
174 1714
174 1912
174 2158
175 2174
175 533
175 293
176 269
176 438
176 998
176 986
176 1041
177 1797
177 859
177 341
177 1314
178 907
178 252
178 672
178 1311
178 598
179 371
179 195
179 2003
180 1928
180 210
180 357
181 2170
181 2173
181 1927
181 1436
181 332
182 1895
182 1599
182 2192
182 388
183 1097
183 329
183 1411
184 1518
184 1130
184 559
184 678
185 560
185 2196
185 2237
186 1674
186 1976
186 339
186 1356
187 1748
187 867
187 2014
187 1761
188 1676
188 1020
188 2269
188 2255
189 1753
189 1700
189 1954
189 1985
190 2026
190 1380
190 1374
190 358
191 1602
191 1772
191 1806
191 1305
192 445
192 874
192 1323
192 486
192 1051
193 984
193 937
193 1848
193 538
194 1622
194 370
194 1303
194 1495
195 1462
195 1989
195 371
196 1814
196 1152
196 220
196 1774
197 1939
197 546
197 1482
197 1081
198 2077
198 2148
198 1708
198 1493
199 477
199 2202
199 1494
199 231
199 2135
200 1148
200 2056
200 824
200 1470
200 202
201 1148
201 2056
201 824
201 1470
201 202
202 1148
202 2056
202 824
202 1470
203 2251
203 596
203 634
203 468
204 2203
204 1866
204 1976
204 1741
205 636
205 220
205 1912
205 949
206 875
206 1258
206 625
206 877
206 1157
207 1985
207 1945
207 272
207 700
208 491
208 838
208 753
208 665
209 446
209 1381
209 1876
210 1732
210 1879
210 1928
210 357
211 1858
211 1523
211 1040
211 362
212 1263
212 1622
212 406
212 241
213 410
213 1689
213 1782
213 1157
214 927
214 386
214 619
215 584
215 350
216 1148
216 2056
216 824
216 1470
217 2170
217 2173
217 1927
217 1436
217 332
218 2030
218 220
218 531
219 1141
219 1111
219 1867
219 1790
220 1912
220 1923
220 2058
220 1714
221 1423
221 297
221 1196
222 441
222 484
222 1590
222 242
223 966
223 873
223 579
223 679
224 634
224 2251
224 1289
224 596
225 1795
225 1296
225 1792
225 807
226 1570
226 1758
226 1628
226 1084
227 1911
227 2250
227 309
227 2151
228 1169
228 1619
228 1755
228 1891
228 516
229 561
229 1779
229 1484
229 1300
230 2025
230 529
230 1249
230 1503
230 787
231 1494
231 477
231 875
231 2135
232 361
232 578
232 240
232 1278
232 796
233 439
233 1450
233 1358
233 1808
234 769
234 1601
234 1545
235 1628
235 1570
235 1758
236 1253
236 1640
236 1567
237 1403
237 569
237 818
237 1201
238 641
238 1868
238 2140
239 2112
239 769
239 1601
240 361
240 578
240 1278
240 796
241 1263
241 1622
241 406
242 441
242 484
242 1590
243 1403
243 585
243 569
243 340
244 1785
244 1183
244 1434
244 425
244 1269
245 445
245 874
245 1323
245 486
245 1051
246 2263
246 595
246 1939
246 1976
246 946
247 1722
247 1935
247 547
247 348
248 514
248 1824
248 778
248 1187
249 476
249 1377
249 1688
249 1646
250 439
250 1450
250 1358
250 1808
251 737
251 1502
251 2171
251 338
252 907
252 672
252 1311
252 598
253 1210
253 1133
253 336
253 1527
254 1492
254 1263
254 1538
254 388
255 1939
255 2139
255 1614
255 1389
256 445
256 874
256 1323
256 486
256 1051
257 269
257 438
257 998
257 986
257 1041
258 1097
258 329
258 1411
259 1148
259 2056
259 824
259 1470
260 2136
260 845
260 1065
260 1250
260 889
261 573
261 1723
261 1513
261 1521
261 1766
262 743
262 680
262 1833
262 1579
263 1419
263 2214
263 899
263 709
264 368
264 835
264 1143
264 1643
265 1958
265 491
265 1489
266 284
266 1559
266 800
266 1740
267 1695
267 2011
267 1458
267 741
268 1912
268 1640
268 1253
269 438
269 998
269 986
269 1041
270 1204
270 945
270 1277
271 1798
271 2102
271 1881
271 294
272 456
272 700
272 2246
272 1945
273 702
273 761
273 1760
273 1616
274 573
274 1723
274 1513
274 1521
274 1766
275 1620
275 1181
275 1878
275 359
276 479
276 505
276 1727
276 2004
277 280
277 1192
277 1417
277 2147
278 929
278 458
278 770
278 1629
279 397
279 1131
279 1064
279 1053
280 1192
280 1417
280 2147
281 1847
281 555
281 1911
282 2008
282 1753
282 1474
282 1686
283 1148
283 2056
283 824
283 1470
284 1559
284 800
284 1740
285 2074
285 994
285 1578
286 1591
286 733
286 462
286 1024
287 352
287 2184
287 2037
287 449
288 414
288 428
288 1508
288 1678
289 1364
289 352
289 745
289 2089
290 557
290 550
290 691
290 1421
290 1870
291 1797
291 859
291 341
291 1314
292 1797
292 859
292 341
292 1314
293 2174
293 533
294 1798
294 2102
294 1881
295 777
295 857
295 575
296 1895
296 1569
296 760
296 2192
297 1423
297 1196
298 942
298 1685
298 749
299 1502
299 737
299 972
299 1952
300 907
300 672
300 1311
300 598
301 1403
301 818
301 811
302 2148
302 387
302 442
303 1148
303 2056
303 824
303 1470
304 2023
304 410
304 1689
304 1647
304 1157
305 2170
305 2173
305 1927
305 1436
305 332
306 1244
306 865
306 645
307 2170
307 2173
307 1927
307 1436
307 332
308 736
308 922
308 754
308 636
309 2138
309 2250
309 2151
310 960
310 660
311 907
311 672
311 1311
311 598
312 847
312 507
312 729
312 695
313 573
313 1723
313 1513
313 1521
313 1766
314 1905
314 1222
314 555
314 1911
315 2248
315 1226
315 520
316 557
316 550
316 691
316 1421
316 1870
317 1761
317 867
317 1748
317 1405
318 2077
318 677
318 1943
318 892
319 423
319 388
319 377
320 1939
320 472
320 1161
321 701
321 1360
321 1679
321 1784
322 549
322 443
322 771
323 1214
323 1537
323 1962
323 2144
324 1875
324 2228
324 881
325 469
325 2008
325 1686
325 1518
326 2170
326 2173
326 1927
326 1436
326 332
327 613
327 2247
327 1219
327 1075
328 938
328 1556
328 539
329 1097
329 1411
330 1382
330 996
330 958
330 1174
331 1741
331 1416
331 593
332 2170
332 2173
332 1927
332 1436
333 1975
333 2167
333 1306
333 338
334 667
334 627
334 688
334 732
335 2218
335 1756
335 618
335 2193
336 2263
336 1356
336 584
336 1989
337 2175
337 1102
337 402
338 1837
338 2172
338 1975
338 2167
339 2246
339 1741
339 1976
340 818
340 1201
340 1403
341 1797
341 859
341 1314
342 667
342 627
342 688
342 732
343 1824
343 778
343 1339
343 1621
344 836
344 1628
345 1580
345 1524
345 1922
345 1890
345 1465
346 1966
346 1471
346 1885
346 1173
347 907
347 672
347 1311
347 598
348 1722
348 1935
348 547
349 2123
349 656
350 2232
351 2030
351 921
351 1714
352 2184
352 745
352 1364
353 955
353 971
353 1593
353 1357
354 2236
354 2134
354 1089
354 1220
355 531
355 2058
355 1912
356 1612
356 1726
356 367
357 1732
357 1879
357 1928
358 2026
358 1380
358 1374
359 1620
359 1181
359 1878
360 1315
360 1884
360 2249
360 1454
361 578
361 1278
361 796
362 1858
362 919
362 1040
363 842
363 1741
363 1976
363 2263
364 1976
364 1142
364 544
364 876
365 560
365 2196
365 2237
366 1247
366 1398
366 841
366 897
367 1726
367 487
368 1714
368 2001
368 835
368 1143
369 1328
369 384
370 1344
370 2225
370 1409
370 1569
371 1462
371 1989
372 1939
372 1932
372 1682
372 652
373 1247
373 897
373 841
373 1398
374 1538
374 2185
374 708
374 551
375 1043
375 1422
375 1271
375 1533
376 560
376 2196
376 2237
377 423
377 388
378 2159
378 683
378 2097
378 2246
379 1122
379 1902
379 833
379 1383
380 560
380 2196
380 2237
381 1797
381 859
381 1314
382 1926
382 2142
382 944
382 1846
383 1912
383 1714
383 589
384 1797
384 859
384 1314
385 635
385 1213
385 1801
385 624
386 927
386 619
387 2148
387 442
388 760
388 2175
388 2192
388 956
389 1091
389 2249
389 2093
389 1939
390 557
390 550
390 691
390 1421
390 1870
391 2060
391 1347
391 1452
391 1861
392 2136
392 845
392 1065
392 1250
392 889
393 2058
393 921
393 2177
394 1697
394 904
394 636
395 929
395 458
395 770
395 1629
396 2263
396 1939
396 1333
397 1131
397 1064
397 1053
398 1148
398 2056
398 824
398 1470
399 2182
399 925
399 1800
400 1580
400 1524
400 1922
400 1890
400 1465
401 804
401 1651
401 1158
402 2175
402 1102
403 945
403 1277
404 1814
404 1875
404 2186
404 1968
405 1309
405 1304
405 1207
405 565
406 1263
406 1622
407 434
407 2028
407 467
408 1227
408 1722
408 1504
409 1036
409 874
409 445
409 2052
409 1051
410 1647
410 1782
410 1157
411 447
411 1256
411 721
412 1976
412 1939
412 1860
412 1641
413 658
413 2080
413 2143
414 1597
414 428
414 1508
415 1974
415 652
415 2230
415 657
416 1617
416 483
416 1320
416 2232
417 573
417 1723
417 1513
417 1521
417 1766
418 1494
418 477
418 875
418 2135
419 708
419 423
419 1921
420 2240
420 1604
420 748
420 1448
421 2116
421 948
421 2018
421 1354
422 1814
422 1733
424 1395
424 1239
424 1653
424 803
425 1785
425 1183
425 1434
425 1269
426 846
426 588
426 1773
426 1283
427 1601
427 769
427 2112
428 1597
428 1508
429 2263
429 1976
429 1939
429 842
430 442
430 1885
430 450
430 2262
431 1125
431 1428
431 815
431 725
432 850
432 1406
432 1286
433 2006
433 1948
433 1625
434 1986
434 528
434 1729
434 1781
435 1939
435 837
435 2132
435 1505
436 957
436 518
436 780
437 636
437 724
437 577
438 998
438 986
438 1041
439 1450
439 1358
439 1808
440 907
440 672
440 1311
440 598
441 484
441 1590
442 1201
443 1247
443 897
443 1398
443 841
444 1649
444 1699
444 1979
444 1105
445 874
445 1323
445 486
445 1051
446 2166
446 1684
446 2265
446 2139
447 1256
447 721
448 2007
448 839
448 2016
448 2017
448 2033
449 745
449 2037
449 2184
450 1885
450 2262
451 1797
451 859
451 1314
452 573
452 1723
452 1513
452 1521
452 1766
453 748
453 1448
453 1604
453 1017
454 660
454 921
454 482
455 1905
455 1225
455 2022
456 1939
456 1741
456 2263
456 1976
457 1605
457 868
457 517
457 1449
458 929
458 770
458 1629
459 2263
459 1939
459 1937
459 1487
460 1628
460 908
460 1584
460 2015
461 846
461 588
461 1773
461 1283
462 1591
462 733
462 1024
463 573
463 1723
463 1513
463 1521
463 1766
464 929
464 770
464 1629
465 880
465 581
465 1152
466 2048
466 1704
466 1517
466 592
467 2028
468 2251
468 596
468 634
469 1838
469 632
469 1474
470 1204
470 1277
470 945
471 1351
471 2106
471 973
472 1044
472 1161
472 1611
473 874
473 1323
473 486
473 1051
474 1587
474 711
474 768
475 2221
475 956
475 1569
475 1547
476 1688
476 1646
476 1377
477 1494
477 875
477 2135
478 1902
478 1488
478 1383
479 960
479 886
479 660
480 514
480 1912
480 1824
481 1459
481 1718
481 489
481 1171
482 660
482 921
483 1617
483 1320
483 2232
484 1590
485 1154
485 853
485 612
485 1946
486 1323
486 1413
486 1051
487 488
487 1478
488 1747
488 1349
488 1478
488 894
489 1459
489 1718
489 1171
490 2249
490 1406
490 1132
490 546
491 1489
491 1708
492 1580
492 1524
492 1922
492 1890
492 1465
493 573
493 1723
493 1513
493 1521
493 1766
494 571
494 739
494 1658
495 936
495 1875
495 1968
496 1604
496 1238
496 1856
497 1384
497 1052
497 1109
497 1284
498 610
498 1375
498 1475
498 903
499 1148
499 2056
499 824
499 1470
500 998
500 986
500 1041
501 667
501 627
501 688
501 732
502 1148
502 2056
502 824
502 1470
503 1395
503 1239
503 1653
503 803
504 1220
504 1089
504 1895
504 1103
505 1152
505 637
505 2122
506 873
506 781
506 966
507 847
507 729
507 695
508 1797
508 859
508 1314
509 1986
509 1939
509 2249
509 1454
510 1987
510 909
510 995
510 1150
511 676
511 2253
511 1574
511 1381
512 958
512 1241
512 794
513 1797
513 859
513 1314
514 2058
514 1339
514 1824
514 778
515 1371
515 1931
515 660
515 2081
516 1169
516 1619
516 1755
516 1891
517 1605
517 868
517 1449
518 957
518 780
519 1951
519 967
519 1572
519 1771
520 2212
520 1917
520 2157
520 2276
521 573
521 1723
521 1513
521 1521
521 1766
522 528
522 1198
522 693
523 573
523 1723
523 1513
523 1521
523 1766
524 2170
524 2173
524 1927
524 1436
525 667
525 627
525 688
525 732
526 1559
526 800
526 1740
527 2072
527 2041
527 1410
528 1986
528 1729
528 1781
529 2025
529 1249
529 1503
529 787
530 1494
530 875
530 2135
531 1912
531 2179
531 1187
532 667
532 627
532 688
532 732
533 2174
534 1049
534 1609
534 1337
534 1282
535 1252
535 1063
535 1442
535 866
536 1976
536 1356
536 2110
536 2234
537 1472
537 1123
537 784
537 734
538 1848
538 937
538 1134
538 984
539 938
539 1556
540 1859
540 867
540 1998
540 1575
541 1931
541 1563
541 1742
542 1323
542 1413
542 1051
543 557
543 1440
543 1930
544 1976
544 1142
544 876
545 1148
545 2056
545 824
545 1470
546 1939
546 2263
546 1976
546 1741
547 1722
547 1935
548 907
548 672
548 1311
548 598
549 2192
549 2165
549 1535
550 557
550 691
550 1421
550 1870
551 1538
551 1263
551 708
551 2185
552 2134
552 1939
552 915
552 935
553 573
553 1723
553 1513
553 1521
553 1766
554 1148
554 2056
554 824
554 1470
555 1803
555 2226
555 1847
555 1911
556 1000
556 1923
556 1288
557 691
557 1421
557 1870
558 907
558 672
558 1311
558 598
559 1518
559 1130
559 678
560 2196
560 2237
561 1779
561 1484
561 1300
562 1299
562 1266
562 731
563 573
563 1723
563 1513
563 1521
563 1766
564 998
564 986
564 1041
565 1309
565 1304
565 1207
566 1148
566 2056
566 824
566 1470
567 1777
567 1522
567 795
568 1901
568 1078
568 1514
568 1272
569 818
569 1403
569 1201
570 1323
570 1413
570 1051
571 739
571 1658
572 760
572 2192
572 956
572 2134
573 1723
573 1513
573 1521
573 1766
574 1795
574 1296
574 1792
574 807
575 777
575 857
576 909
576 1150
576 1011
577 636
577 724
578 1278
578 796
579 873
579 781
579 966
580 1741
580 2249
580 1976
580 1939
581 2006
581 2030
581 1152
582 661
582 2111
582 1030
583 667
583 627
583 688
583 732
584 2088
584 1976
584 2217
584 2249
585 1403
586 1494
586 875
586 2135
587 835
587 1237
588 846
588 1773
588 1283
589 1912
589 1714
590 1723
590 1513
590 1521
590 1766
591 1474
591 632
592 2048
592 1704
592 1517
593 1741
593 1416
594 1148
594 2056
594 824
594 1470
595 1939
595 1976
595 1741
595 2263
596 634
596 2251
596 1289
597 998
597 986
597 1041
598 907
598 672
598 1311
599 667
599 627
599 688
599 732
600 1737
600 1553
601 647
601 1362
601 817
602 1939
602 1976
602 609
603 1907
603 610
603 1140
603 707
604 1000
604 1977
604 1586
604 1176
605 2153
605 1691
605 2121
605 1376
606 1241
606 1717
606 2186
607 846
607 1773
607 1283
608 1939
608 706
608 1019
609 1939
609 1976
610 1475
610 1375
610 1140
611 1323
611 1413
611 1051
612 1154
612 853
612 1946
613 1404
614 1400
614 1077
614 2190
614 687
615 2021
615 1009
616 1265
616 748
616 1448
617 1689
617 1782
617 2023
617 1157
618 2218
618 1756
618 2193
619 927
620 1495
620 1232
620 2013
620 1344
621 1221
621 1656
621 2092
621 720
622 1356
622 1346
622 943
622 2211
623 1186
623 1577
623 2208
624 1201
624 1213
624 2014
624 635
625 1689
625 1782
625 2023
625 1157
626 1617
626 1320
626 1447
626 2232
627 667
627 688
627 732
628 792
628 1653
628 1307
628 1335
629 2007
629 839
629 2016
629 2017
629 2033
630 937
630 984
630 1848
630 1046
631 1841
631 1743
631 1330
631 2069
632 939
632 1474
633 850
633 2246
633 1402
634 2251
635 1201
635 1213
635 2014
636 1670
636 904
637 1912
637 1714
637 2179
638 1905
638 2084
638 1222
639 998
639 986
639 1041
640 833
640 1743
640 2069
641 2140
641 2273
642 2196
642 2237
643 755
643 993
643 1286
643 2249
644 1798
644 2102
644 1881
645 1244
645 865
646 942
646 1685
646 749
647 1016
647 1362
647 817
648 2170
648 2173
648 1927
648 1436
649 1646
649 959
650 1356
650 2003
650 1565
651 929
651 770
651 1629
652 2263
652 1741
652 1976
652 1939
653 1885
653 1173
653 1245
653 2129
654 1798
654 2102
654 1881
655 694
655 2012
655 1303
656 1196
656 2123
657 1974
657 2230
658 931
658 2143
659 1323
659 1413
659 1051
660 921
660 2158
661 2111
661 1030
662 2140
662 1913
662 2054
663 929
663 770
663 1629
664 2136
664 845
664 1065
664 1250
664 889
665 753
665 1308
665 838
666 1923
666 890
667 688
667 732
668 1851
668 1764
668 1424
669 2027
669 2179
669 1334
670 907
670 672
670 1311
671 1939
671 1372
671 985
671 2045
672 907
672 1311
673 1148
673 2056
673 824
673 1470
674 1860
674 1356
674 1976
674 1741
675 918
675 799
675 1172
675 1060
676 924
676 1124
676 1974
677 1529
677 2137
677 2166
677 892
678 1518
678 1130
679 966
679 873
680 1798
680 2102
680 1881
681 1148
681 2056
681 824
681 1470
682 2123
682 1964
682 1460
683 1555
683 2097
683 2159
684 777
684 2257
685 1148
685 2056
685 824
685 1470
686 1323
686 1413
686 1051
687 1062
687 1400
687 1077
688 732
689 906
689 702
689 2066
689 1407
690 2170
690 2173
690 1927
690 1436
691 1421
691 1870
692 1640
692 2030
692 2158
693 1198
694 2185
694 2012
695 847
695 729
696 1148
696 2056
696 824
696 1470
697 721
697 1254
698 2196
698 2237
699 897
699 1398
699 841
700 1985
700 1945
701 1360
701 1679
701 1784
702 906
702 2066
702 1407
703 1971
703 1037
703 1242
703 1809
704 1723
704 1513
704 1521
704 1766
705 2196
705 2237
706 1939
706 1019
707 1907
707 1140
708 1538
708 1263
708 2185
709 899
709 1370
709 1145
710 1070
710 1534
710 858
711 1942
711 917
711 999
712 1723
712 1513
712 1521
712 1766
713 918
713 799
713 1172
713 1060
714 732
715 1148
715 2056
715 824
715 1470
716 1559
716 800
716 1740
717 2099
717 2096
717 1234
717 1515
718 1689
718 1782
718 2023
718 1157
719 1643
719 1173
719 1885
719 1471
720 1221
720 2092
720 1656
721 1256
722 1797
722 859
722 1314
723 1214
723 1537
723 1962
723 2144
725 1125
725 1428
725 815
726 1137
726 1761
726 1859
726 2019
727 1741
727 1939
727 776
727 2230
728 1655
728 1293
728 1930
729 847
730 942
730 749
730 1685
731 1266
731 1299
733 1591
733 1024
734 1472
734 1123
734 784
735 1455
735 1189
735 1644
735 1636
736 1742
736 1845
736 754
737 1502
737 972
737 1952
738 1474
738 1356
738 2047
739 1658
740 1689
740 1782
740 2023
740 1157
741 1695
741 2011
741 1458
742 2226
742 1905
742 2138
743 1798
743 2102
743 1881
744 1094
744 1061
744 882
744 956
745 2184
745 1364
746 965
746 797
746 764
746 2172
747 1278
747 796
748 2240
748 1604
748 1448
749 942
749 1685
750 1902
750 1383
750 1330
751 1435
751 1539
751 2029
752 1723
752 1513
752 1521
752 1766
753 838
754 1742
754 1845
755 994
755 1578
756 1395
756 1239
756 1653
756 803
757 1450
757 1358
757 1808
758 888
758 2055
758 1507
758 1803
759 960
759 881
759 2161
760 956
760 1547
760 2221
760 1569
761 1154
761 1381
761 1854
761 1149
762 1689
762 1782
762 2023
762 1157
763 1846
763 928
763 1867
764 965
764 2172
764 797
765 1689
765 1782
765 2023
765 1157
766 2081
766 1639
766 1581
767 930
767 1967
767 1151
767 1401
768 1587
769 2112
769 1601
770 929
770 1629
771 1535
771 1887
772 1580
772 1524
772 1922
772 1890
772 1465
773 1723
773 1513
773 1521
773 1766
774 1253
774 1640
774 1683
775 1265
775 1017
775 2268
775 1427
776 2263
776 1976
776 2249
776 1741
777 857
778 2058
778 1339
778 1824
779 1582
779 1649
779 1467
779 2087
780 957
781 873
781 966
782 1206
782 2038
782 952
782 1338
783 1362
783 1185
783 817
784 1472
784 1123
785 1797
785 859
785 1314
786 1741
786 1350
786 1939
786 1591
787 2025
787 1249
787 1503
788 1535
788 2053
788 1165
790 1323
790 1413
790 1051
791 1923
791 1961
791 1033
792 1395
792 1239
792 1653
792 803
794 958
794 1241
795 1777
795 1522
796 1278
797 965
797 2172
798 1737
798 1553
799 918
799 1172
799 1060
800 1559
800 1740
801 1723
801 1513
801 1521
801 1766
802 1148
802 2056
802 824
802 1470
803 1395
803 1239
803 1653
804 2234
804 2263
804 1939
804 1976
805 1148
805 2056
805 824
805 1470
806 1741
806 1939
806 2263
806 1976
807 1795
807 1296
807 1792
808 1495
809 1631
809 1154
809 1946
809 913
810 2137
810 1804
810 869
810 987
811 1403
811 818
812 1148
812 2056
812 824
812 1470
813 2105
813 850
813 2133
813 977
814 1974
814 1869
814 1443
814 1635
815 1125
815 1428
816 1976
816 1741
816 2263
816 826
817 2029
817 1362
818 1403
819 1395
819 1239
819 1653
820 1905
820 1661
820 2226
821 1765
821 1849
821 1641
822 1911
822 1843
822 1199
822 1457
824 1148
824 2056
824 1470
825 1797
825 859
825 1314
826 1741
826 2263
826 1976
827 1382
827 2186
827 1717
828 2170
828 2173
828 1927
828 1436
829 2221
829 1569
829 2192
831 2196
831 2237
832 2142
832 1212
832 1926
833 1841
833 1743
833 2069
834 2032
834 1894
834 1501
834 1690
834 2000
835 1714
835 2001
835 1143
836 866
836 1442
837 1939
837 2132
837 1505
838 1308
839 2007
839 2016
839 2017
839 2033
840 1798
840 2102
840 1881
841 1247
841 897
841 1398
842 1939
842 1741
842 2263
842 1976
844 1798
844 2102
844 1881
845 2136
845 1065
845 1250
845 889
846 1773
846 1283
848 1715
848 1607
848 1309
848 1255
849 2032
849 1894
849 1501
849 1690
849 2000
850 2105
850 2133
850 977
851 1323
851 1413
851 1051
852 2151
853 1154
853 1946
854 2025
854 1249
854 1503
855 1660
855 1749
856 1273
856 1430
856 1432
856 1965
858 1070
858 1534
859 1797
859 1314
860 1714
860 2275
860 878
860 1929
861 1843
861 1847
861 1803
861 1179
862 2043
862 1198
862 1564
862 2249
863 1421
863 1870
864 874
864 1323
864 1051
865 1244
866 1252
866 1063
866 1442
867 2014
867 1748
867 1761
868 1605
868 1449
869 2137
869 1804
869 987
870 1332
870 1056
870 1178
871 1148
871 2056
871 1470
872 2182
872 925
872 1800
873 966
874 1323
874 1413
874 1051
875 1494
875 2135
876 1976
876 1142
877 1689
877 1782
877 2023
877 1157
878 1714
878 2275
878 1929
879 1869
879 1635
879 2242
879 1443
880 2006
880 1152
881 1714
881 2177
882 2233
883 2141
883 2229
883 1342
884 1148
884 2056
884 1470
885 1693
885 1027
886 1714
887 1599
887 1419
887 932
888 2084
888 2055
888 1507
889 2136
889 1065
889 1250
890 1814
890 2030
890 1714
891 2201
891 2150
891 1899
892 1529
892 2137
892 2166
893 1362
893 1512
894 1747
894 1349
894 1478
895 1846
895 944
895 2068
895 1010
896 2262
896 1343
896 1223
897 1247
897 1398
898 1473
899 1419
899 1543
899 1486
900 1495
900 1925
900 2221
900 2175
901 2096
901 1487
901 1231
901 1937
902 929
902 1629
903 1375
903 1475
904 2081
904 1567
904 1184
905 960
906 2066
906 1407
907 1311
908 1628
908 1584
908 2015
909 1987
909 995
909 1150
910 1368
910 954
910 1059
911 1148
911 2056
911 1470
912 998
912 986
912 1041
913 1631
913 1946
913 1154
914 1204
914 945
914 1277
915 1291
915 2186
916 1974
916 2164
916 1087
917 1312
917 1942
917 999
918 1172
918 1060
919 1858
919 1040
920 1421
920 1870
921 2058
921 2030
921 2177
922 1184
922 1727
923 2057
923 1911
923 2250
923 2151
924 2164
924 1939
924 1932
925 2182
925 1800
926 1874
926 1993
926 1707
926 1226
928 1426
928 1140
929 1629
930 1120
930 1227
930 1401
931 2143
931 1846
931 944
932 1599
932 1419
933 972
933 1318
933 1837
934 1415
934 2263
934 1741
934 1976
935 1939
935 1880
935 2175
935 1414
936 1814
936 2030
937 1848
937 1134
937 984
938 2079
939 2249
939 1062
940 2136
940 1065
940 1250
941 1580
941 1524
941 1922
941 1890
941 1465
942 1685
943 1346
943 2211
943 1356
944 1846
944 2194
945 1204
945 1277
946 1191
946 1624
946 1091
946 1623
946 1831
947 974
948 2018
948 1354
949 1912
949 2030
950 1580
950 1524
950 1922
950 1890
950 1465
951 2081
951 1291
952 1206
952 2038
952 1338
953 1689
953 1782
953 2023
953 1157
954 2234
954 1147
954 1674
955 1944
955 1829
955 971
955 1593
956 1547
956 2221
956 1569
958 1382
958 996
958 1174
959 1646
960 1187
960 2177
961 1689
961 1782
961 2023
961 1157
962 1263
962 2185
963 1689
963 1782
963 2023
963 1157
964 1741
964 2263
964 1333
964 1939
965 2172
967 1951
967 1572
967 1771
968 1148
968 2056
968 1470
969 2182
969 1800
970 1398
970 1569
971 1944
971 1829
971 1593
972 1318
972 1502
972 1952
973 1351
973 2106
974 1564
974 2249
975 1966
975 1010
975 1885
976 1421
976 1870
977 2133
977 2105
978 1590
979 1949
979 2158
979 2030
980 2007
980 2016
980 2017
980 2033
981 2170
981 2173
981 1927
981 1436
982 1172
982 1060
983 1494
983 2135
984 1848
984 1134
985 1939
985 1372
985 2045
986 998
986 1041
987 2137
987 1804
988 1982
988 1618
988 1251
988 2070
989 1580
989 1524
989 1922
989 1890
989 1465
990 1226
990 1993
990 2248
990 1707
991 1101
991 2002
992 2172
993 2165
993 2192
994 2074
994 1578
995 1987
995 1150
996 1382
996 1174
997 1723
997 1513
997 1521
997 1766
998 1041
999 1942
1000 1923
1000 1288
1001 2170
1001 2173
1001 1927
1001 1436
1002 1421
1002 1870
1003 1798
1003 2102
1003 1881
1004 1968
1004 1875
1004 1480
1005 1714
1005 2026
1005 1912
1005 1923
1006 1723
1006 1513
1006 1521
1006 1766
1007 2137
1007 1611
1007 2130
1007 1161
1008 1769
1008 2154
1008 1387
1009 2021
1010 1846
1010 2068
1011 1495
1011 1622
1011 1762
1011 2204
1012 1841
1012 2069
1013 1247
1013 1398
1014 1632
1014 1932
1016 1362
1017 1664
1017 1427
1017 1980
1017 2197
1018 1230
1018 1276
1018 1739
1019 1939
1020 2269
1020 1676
1021 1631
1021 1248
1021 1218
1021 2252
1022 1148
1022 2056
1022 1470
1023 1988
1023 2225
1024 1591
1025 2136
1025 1065
1025 1250
1027 1693
1028 1723
1028 1513
1028 1521
1028 1766
1029 2025
1029 1249
1029 1503
1030 2111
1031 1643
1031 1708
1031 1673
1032 1951
1032 1572
1033 1639
1033 1912
1033 2186
1034 1561
1034 1177
1034 1536
1035 1868
1035 1703
1035 1939
1036 1051
1037 1242
1037 1971
1037 1809
1038 2216
1038 1796
1038 1067
1038 1464
1039 1875
1039 1968
1039 2186
1040 1523
1042 1723
1042 1513
1042 1521
1042 1766
1043 1422
1043 1271
1043 1533
1044 1611
1044 1161
1045 2175
1045 1589
1045 2245
1045 1656
1046 1848
1047 2216
1047 1796
1047 1067
1047 1464
1048 1148
1048 2056
1048 1470
1049 1609
1049 1337
1049 1282
1051 1323
1051 1413
1052 1384
1052 1109
1052 1284
1053 1131
1053 1064
1054 1741
1054 1939
1054 1333
1054 2263
1055 2196
1055 2237
1056 1332
1056 1178
1057 1689
1057 1782
1057 2023
1057 1157
1058 1797
1058 1314
1059 1217
1059 1119
1059 1147
1060 1172
1061 1622
1061 1530
1061 1263
1061 1538
1062 1400
1062 1077
1063 1909
1064 1131
1065 2136
1065 1250
1066 2179
1066 1912
1066 1187
1067 2216
1067 1796
1067 1464
1068 1340
1068 1621
1068 2174
1068 1369
1069 1323
1070 1827
1070 1534
1071 2216
1071 1796
1071 1464
1072 1939
1072 1301
1072 1937
1072 1668
1073 1219
1073 1075
1074 1178
1075 2247
1075 1219
1076 1148
1076 2056
1076 1470
1077 2105
1077 1400
1078 1901
1078 1514
1078 1272
1079 2136
1079 1250
1080 2136
1080 1250
1081 2093
1081 2249
1081 1939
1081 1976
1082 1148
1082 2056
1082 1470
1083 1360
1083 1679
1083 1784
1084 1120
1084 1935
1085 2058
1085 1814
1085 1152
1086 1569
1086 1510
1086 1188
1087 1974
1087 2164
1089 2236
1089 2134
1089 1220
1090 1814
1090 1152
1091 1191
1091 1624
1091 1623
1091 1831
1092 1643
1092 1708
1093 1689
1093 1782
1093 2023
1093 1157
1094 2042
1094 2175
1095 2174
1095 1166
1096 1946
1096 1345
1097 1411
1098 2080
1098 1851
1100 1723
1100 1513
1100 1521
1100 1766
1101 1773
1101 1283
1102 2145
1102 2090
1102 2111
1103 1220
1103 1895
1104 1530
1105 1649
1105 1979
1106 1935
1107 2170
1107 2173
1107 1927
1107 1436
1108 1797
1108 1314
1109 1384
1109 1284
1112 1602
1112 1772
1112 1806
1112 1305
1113 2249
1113 1813
1113 1702
1113 1834
1114 1939
1114 1967
1114 1151
1115 2219
1115 1839
1115 1594
1116 1489
1116 1708
1117 1814
1117 1152
1117 1613
1118 1443
1118 1869
1118 1281
1118 1635
1119 1148
1119 2056
1119 1470
1120 1722
1120 1935
1121 1224
1122 1841
1123 1472
1124 1974
1124 1932
1125 1428
1126 2216
1126 1796
1126 1464
1127 1247
1127 1398
1128 1494
1128 2135
1129 1797
1129 1314
1130 1960
1132 2263
1132 1939
1132 1741
1132 1976
1133 1605
1133 1449
1134 1848
1135 1472
1136 1818
1136 1711
1137 1196
1137 2019
1138 2009
1140 1475
1140 1375
1141 1220
1141 1194
1142 1939
1143 1714
1143 2001
1144 1778
1145 1543
1145 1370
1145 1486
1146 2170
1146 2173
1146 1927
1146 1436
1147 2234
1147 1674
1148 2056
1148 1470
1149 1662
1149 1356
1150 1987
1151 1939
1151 1967
1152 1714
1152 2179
1152 1912
1153 2025
1153 1249
1153 1503
1154 1946
1155 1311
1156 1905
1156 2057
1157 2023
1157 1782
1158 1651
1159 1421
1159 1870
1160 2216
1160 1796
1160 1464
1161 2130
1161 1611
1162 2026
1162 2275
1162 1961
1162 1714
1163 1741
1163 1386
1163 1552
1163 1355
1164 1739
1164 1640
1164 2174
1164 1923
1165 1535
1165 2053
1166 1188
1167 1411
1168 2186
1168 2246
1168 1939
1169 1619
1169 1755
1169 1891
1170 1714
1171 1459
1171 1718
1173 1643
1173 1471
1173 1885
1174 1382
1175 1950
1175 2054
1176 1977
1176 1586
1177 2253
1177 1832
1177 1561
1178 1332
1179 1803
1179 1225
1179 1911
1179 1847
1180 2007
1180 2016
1180 2017
1180 2033
1181 1620
1181 1878
1182 2056
1182 1470
1183 1785
1183 1434
1183 1269
1184 1567
1185 2187
1186 1364
1186 1577
1187 2058
1187 2179
1188 1569
1188 1510
1189 1455
1189 1644
1189 1636
1190 2196
1190 2237
1191 1624
1191 1623
1191 1831
1192 1417
1192 2147
1193 1797
1193 1314
1194 1244
1195 2007
1195 2016
1195 2017
1195 2033
1196 1423
1197 2182
1197 1800
1198 1564
1198 2249
1198 1939
1199 1911
1199 1843
1199 1457
1200 1664
1201 1846
1201 2077
1202 1976
1202 1741
1202 2263
1203 1789
1203 1332
1204 1277
1204 1897
1205 1354
1205 1694
1206 2038
1206 1338
1207 1309
1207 1304
1208 1723
1208 1513
1208 1521
1208 1766
1209 1270
1209 2118
1210 1605
1210 1449
1211 1421
1211 1870
1212 2142
1212 1926
1213 1801
1214 1537
1214 1962
1214 2144
1215 1799
1215 1418
1215 1786
1215 1511
1216 2216
1216 1796
1216 1464
1217 2056
1217 1470
1218 1631
1218 1248
1218 2252
1219 2247
1220 2236
1220 2134
1221 1656
1221 2092
1222 1847
1222 1225
1222 1911
1223 2262
1223 1343
1224 1398
1225 1905
1225 1847
1225 1911
1226 1993
1226 1707
1226 1874
1227 1722
1227 1935
1228 2056
1228 1470
1229 1361
1229 2050
1230 2254
1230 1276
1231 2099
1231 2096
1231 1937
1232 1344
1232 2221
1232 1569
1233 1976
1233 1939
1233 2249
1234 1957
1234 1515
1234 2099
1235 1602
1235 1772
1235 1806
1235 1305
1236 1798
1236 2102
1236 1881
1237 2209
1237 1288
1237 1714
1238 1604
1238 1856
1239 1395
1239 1653
1240 2263
1240 1939
1240 1482
1240 1394
1241 2186
1241 1961
1242 1809
1242 1971
1243 1723
1243 1513
1243 1521
1243 1766
1245 2067
1245 2129
1245 1643
1246 1797
1246 1314
1247 1398
1248 1937
1248 1259
1249 2025
1249 1503
1250 2136
1251 1982
1251 1618
1251 2070
1252 1686
1252 1286
1253 1912
1253 1640
1255 1715
1255 1607
1255 1309
1257 2264
1257 1935
1257 1725
1258 1689
1258 1782
1258 2023
1258 1647
1259 1976
1259 1741
1259 2263
1259 1939
1260 1723
1260 1513
1260 1521
1260 1766
1261 1580
1261 1524
1261 1922
1261 1890
1261 1465
1262 1714
1263 1569
1263 2175
1263 1538
1264 2056
1264 1470
1265 2197
1265 1427
1265 1980
1266 1853
1266 1275
1267 2056
1267 1470
1268 2192
1268 2111
1268 1895
1269 1785
1269 1434
1270 2118
1271 1422
1271 1533
1272 1901
1272 1514
1273 1430
1273 1432
1273 1965
1274 1741
1274 1939
1274 2263
1274 1976
1275 1761
1275 1853
1276 2254
1279 2056
1279 1470
1280 1939
1280 1741
1280 1933
1281 1939
1281 1974
1282 1609
1282 1337
1283 1773
1284 1384
1285 1569
1285 2221
1285 1918
1286 1406
1286 2249
1287 1797
1287 1314
1288 1714
1288 1923
1288 2177
1289 2251
1290 1939
1290 2110
1290 1724
1290 1665
1291 2177
1292 1797
1292 1314
1293 1448
1293 2272
1293 1955
1293 1655
1294 1682
1295 1535
1295 1898
1296 1795
1296 1792
1297 1626
1297 1761
1297 1853
1298 1559
1298 1740
1300 1779
1300 1484
1301 1939
1301 1937
1301 1668
1302 1871
1303 1569
1303 2192
1303 2221
1304 1607
1305 1772
1305 1602
1305 1687
1306 2172
1307 2166
1307 1684
1309 1715
1309 1607
1310 1457
1310 1479
1312 2256
1312 1939
1312 1482
1313 2088
1313 1356
1313 2162
1314 1797
1315 1706
1315 1741
1315 1884
1316 1494
1317 1605
1317 1449
1318 1502
1318 1952
1319 1494
1320 1617
1320 2232
1321 1398
1324 2118
1324 1426
1325 2056
1325 1470
1326 2209
1326 2145
1327 1828
1327 2261
1328 1797
1329 1741
1329 1660
1329 2263
1329 1939
1330 1841
1330 1743
1330 2069
1331 2078
1331 1692
1331 2271
1332 1789
1333 1939
1333 2263
1333 1741
1333 1976
1334 2027
1334 2179
1335 1395
1335 1653
1336 2056
1336 1470
1337 1609
1338 2038
1339 1824
1339 2058
1340 2030
1340 1714
1341 2042
1342 2229
1344 1569
1345 1951
1345 1572
1346 1356
1346 2211
1347 2179
1347 1923
1347 1912
1348 2170
1348 2173
1348 1927
1348 1436
1349 1747
1349 1478
1350 2263
1350 1976
1350 1939
1351 2106
1353 1723
1353 1513
1353 1521
1353 1766
1354 2116
1354 2018
1355 1552
1355 1386
1356 1741
1356 1976
1356 2246
1356 1860
1357 1990
1357 2064
1357 1939
1357 1944
1358 1450
1358 1808
1359 2274
1360 1679
1360 1784
1361 1629
1362 2029
1363 2025
1363 1503
1364 2184
1365 1798
1365 2102
1365 1881
1367 2008
1367 1954
1367 1700
1367 1985
1368 2056
1368 1470
1369 2174
1369 1714
1369 1912
1370 1543
1370 1486
1371 2177
1372 2231
1373 1605
1373 1449
1374 2026
1374 1380
1375 1475
1376 2153
1376 1691
1376 2121
1377 1646
1377 1688
1378 2056
1378 1470
1379 1797
1380 2026
1381 2253
1381 1574
1382 2186
1382 1777
1383 1902
1384 1741
1384 2263
1384 1976
1384 2260
1385 1797
1386 1552
1387 1769
1387 2154
1388 1526
1388 1445
1388 1431
1389 1939
1389 2139
1389 1614
1390 1949
1390 2122
1391 1911
1391 1847
1391 1901
1392 1898
1392 1959
1392 1583
1392 1569
1394 2263
1394 1939
1394 1482
1395 1653
1396 1700
1396 2008
1396 1985
1396 1954
1397 1593
1397 1990
1399 1619
1399 1755
1399 1891
1401 1854
1402 2246
1404 1458
1404 1976
1405 1761
1405 1748
1406 2249
1406 1939
1407 2066
1408 1555
1408 2094
1408 2213
1408 2246
1409 2225
1410 2072
1410 2041
1412 2137
1413 2155
1413 1562
1414 1919
1414 1880
1414 2175
1415 1976
1415 1741
1415 1939
1415 2149
1416 1741
1417 2147
1418 1799
1418 1786
1418 1511
1419 1629
1419 1728
1419 2175
1419 1532
1421 1870
1422 1533
1424 1851
1424 1764
1425 2275
1426 1785
1426 1434
1427 1664
1427 2197
1427 1980
1429 2008
1429 1954
1429 1700
1429 1985
1430 1432
1430 1965
1431 1526
1431 1445
1432 1965
1433 2056
1433 1470
1434 1785
1435 2187
1435 2113
1435 1877
1436 2170
1436 2173
1436 1927
1437 1494
1437 2135
1438 1870
1439 1814
1439 1613
1440 1870
1441 2066
1441 1974
1443 1974
1443 1869
1443 1635
1444 1773
1445 1526
1446 1797
1447 1617
1447 2232
1448 2240
1448 1604
1449 1605
1450 1808
1451 1976
1451 1939
1451 2088
1451 2039
1452 2177
1453 1689
1453 1782
1453 2023
1453 1647
1454 1976
1454 1854
1454 1939
1454 2249
1455 1644
1455 1636
1456 1557
1456 2164
1457 1911
1457 1843
1458 1976
1459 1693
1460 2123
1460 1964
1461 2056
1461 1470
1462 2195
1462 2263
1462 1989
1463 1862
1463 2174
1464 2216
1464 1796
1465 1580
1465 1524
1465 1922
1465 1890
1466 2030
1467 1582
1467 1649
1467 2087
1468 1798
1468 2102
1468 1881
1469 2260
1469 1749
1469 1769
1470 2056
1471 1643
1471 1885
1473 1598
1474 2249
1474 1976
1474 1939
1476 1714
1477 2020
1477 2060
1477 1698
1477 1589
1478 1747
1479 1554
1480 1968
1480 1875
1481 2056
1482 1939
1482 1741
1482 1976
1482 2263
1483 2056
1484 1779
1486 1543
1487 2099
1487 2096
1487 1937
1488 2069
1488 1743
1489 1708
1490 1793
1491 1605
1492 1569
1493 2077
1493 2148
1493 1708
1494 2135
1495 1569
1495 2013
1497 2235
1497 1976
1497 2263
1498 1935
1499 1714
1499 2119
1500 2080
1500 1846
1500 1851
1501 2032
1501 1894
1501 1690
1501 2000
1502 1952
1503 2025
1505 1939
1505 2132
1506 2052
1507 2084
1507 2055
1508 1597
1509 2056
1510 2221
1510 1547
1510 1918
1511 1799
1511 1786
1512 2187
1512 2113
1512 1877
1513 1723
1513 1521
1513 1766
1514 1901
1515 1957
1515 2099
1516 2206
1516 2166
1516 1684
1517 2048
1517 1704
1518 2008
1518 1686
1519 2052
1520 2030
1520 2177
1521 1723
1521 1766
1522 1777
1523 1858
1524 1580
1524 1922
1524 1890
1525 1619
1525 1755
1525 1891
1527 1939
1527 2234
1528 1776
1528 1612
1528 1747
1529 2130
1529 2137
1532 1547
1532 1925
1534 2177
1534 1949
1535 2192
1535 2165
1536 2261
1536 1632
1536 2253
1537 1962
1537 2144
1538 1569
1538 2175
1539 1877
1540 2056
1541 1723
1541 1766
1542 2216
1542 1796
1544 1649
1544 1582
1544 1699
1544 2087
1547 1569
1547 2221
1548 1605
1549 2249
1549 1939
1549 2132
1549 1818
1551 2170
1551 2173
1551 1927
1553 1737
1554 1911
1554 1612
1554 1776
1554 1843
1555 2213
1555 2097
1555 2094
1557 2223
1557 1887
1557 1622
1557 1750
1558 1781
1558 1729
1558 2043
1559 1740
1560 1797
1561 2230
1561 1976
1561 1974
1561 1939
1562 2052
1563 1931
1563 1742
1564 2009
1564 2043
1564 2249
1565 1989
1566 1605
1567 1640
1568 1741
1569 2221
1570 1628
1570 1758
1571 1629
1572 1951
1572 1771
1573 1714
1574 1632
1575 1859
1575 1998
1576 2007
1576 2016
1576 2017
1576 2033
1577 1976
1577 1939
1577 1741
1577 2260
1578 2074
1579 1658
1579 2088
1579 2256
1580 1922
1580 1890
1581 2081
1581 1639
1582 1649
1582 2087
1583 1898
1583 1959
1584 1628
1584 2015
1585 1870
1586 1977
1587 1723
1587 1766
1588 2170
1588 2173
1588 1927
1589 2020
1589 2231
1589 1775
1592 1905
1592 1911
1592 1924
1593 1944
1593 1829
1594 2219
1594 1839
1595 1797
1596 1714
1596 1912
1596 1923
1596 2058
1597 2093
1597 1939
1597 1738
1597 2243
1598 1911
1599 1895
1600 1976
1600 1942
1600 1939
1601 2112
1602 1772
1602 1806
1603 1911
1603 1843
1603 1847
1604 2240
1607 1715
1608 2216
1608 1796
1610 1939
1610 1741
1610 2219
1610 1839
1611 2130
1612 1911
1612 1843
1612 1776
1613 2030
1614 1939
1614 2139
1615 2183
1616 2263
1616 1741
1616 1976
1616 2031
1617 2232
1618 1982
1618 2070
1619 1755
1619 1891
1620 1878
1621 1640
1621 2174
1621 1912
1622 2134
1622 2192
1622 2223
1623 1624
1623 1831
1624 1831
1625 2006
1625 1948
1627 2056
1628 1758
1631 2227
1632 1932
1634 1785
1635 1974
1635 1869
1636 1644
1637 2056
1638 1653
1639 1714
1639 1912
1640 1912
1640 2158
1640 1714
1641 1976
1641 1939
1641 1860
1642 2056
1643 2067
1645 2056
1646 1688
1648 2136
1649 2087
1650 1723
1650 1766
1651 2064
1651 1939
1652 1795
1654 2138
1654 1905
1654 1661
1655 2272
1655 1955
1656 2175
1657 1689
1657 2023
1657 1782
1658 2249
1660 1976
1660 1741
1660 2263
1661 1847
1661 1905
1661 1911
1661 2226
1662 1713
1663 2220
1664 2197
1664 1980
1665 1976
1665 1939
1667 1878
1667 2156
1667 1991
1668 1939
1668 1937
1669 1741
1669 1932
1670 2081
1670 1697
1671 1899
1671 2150
1672 2216
1672 1796
1674 2234
1676 2035
1676 2210
1677 2201
1677 1692
1677 1916
1678 1951
1679 1784
1680 1812
1680 1903
1681 2056
1682 1939
1682 1976
1683 2030
1684 2110
1684 2071
1684 2166
1686 2008
1687 1772
1687 1806
1690 2032
1690 1894
1690 2000
1691 2153
1691 2121
1692 2078
1692 1911
1693 2197
1693 1980
1695 1797
1697 2081
1699 2087
1700 2008
1700 1985
1700 1954
1701 2170
1701 2173
1701 1927
1702 2249
1702 1813
1702 1834
1704 2246
1705 2023
1705 1782
1706 1741
1706 2249
1706 2230
1707 1993
1707 2248
1711 1939
1711 1818
1712 2263
1712 1741
1712 2246
1712 1976
1713 2166
1713 2263
1713 2246
1714 1912
1714 2030
1714 1923
1716 1847
1716 1720
1716 2095
1717 2186
1718 1980
1718 2197
1719 2056
1720 1803
1720 2226
1720 1847
1720 1911
1721 1911
1721 1923
1721 1940
1721 2180
1722 1935
1723 1766
1724 1939
1724 2207
1725 2264
1725 1935
1727 2122
1728 2050
1729 1986
1729 1781
1731 2042
1732 1879
1732 1928
1733 2030
1734 1798
1734 2102
1734 1881
1736 1797
1737 2250
1738 1741
1738 1818
1738 2243
1739 1949
1741 1939
1741 1976
1741 2263
1742 1931
1743 1841
1743 2069
1744 2020
1744 1817
1745 1814
1745 2177
1746 2056
1748 2123
1748 1761
1749 2260
1749 1769
1750 2013
1752 1976
1752 2263
1752 1939
1753 1985
1753 2008
1754 2204
1755 1891
1756 2218
1756 2193
1757 2135
1759 1911
1759 2138
1759 1803
1761 1853
1761 2014
1763 1953
1763 1865
1764 2098
1765 1849
1768 2170
1768 2173
1768 1927
1769 2260
1770 2135
1771 1951
1772 1806
1775 2231
1775 2020
1776 1911
1776 1843
1777 1968
1777 2158
1777 2186
1778 1911
1778 2138
1781 1986
1786 1799
1787 1797
1788 2186
1788 1814
1788 1968
1789 1828
1789 1939
1789 1932
1790 1867
1792 1795
1793 1871
1793 2021
1794 2088
1794 2263
1794 1976
1796 2216
1798 2102
1798 1881
1799 2212
1799 2157
1799 2276
1799 2246
1800 2182
1802 2182
1803 1905
1803 1843
1803 1847
1803 1911
1804 2137
1805 1814
1805 2058
1805 2075
1807 2056
1809 1971
1812 1903
1813 2249
1813 1834
1814 2030
1814 2058
1815 2246
1817 2030
1817 1968
1818 2243
1818 1939
1819 2216
1820 2216
1821 2056
1824 2058
1825 2056
1827 2177
1828 1939
1828 2188
1829 1939
1832 1848
1832 2253
1833 2102
1833 1881
1834 1976
1834 1939
1834 2249
1835 2190
1837 2172
1839 2237
1839 2219
1841 2069
1841 1939
1843 1901
1843 1847
1843 1911
1844 1939
1845 2122
1846 2194
1847 1901
1847 1911
1849 2263
1849 1976
1849 1939
1851 2143
1852 2170
1852 2173
1852 1927
1853 2014
1854 1939
1854 2249
1854 1976
1856 2197
1856 1980
1859 2019
1859 1998
1860 1976
1860 2246
1861 2060
1862 1923
1862 2174
1863 1976
1863 2263
1863 2166
1864 1911
1865 1953
1866 2234
1866 1976
1866 2110
1866 2246
1867 2205
1868 2140
1869 1974
1871 2021
1873 2056
1874 2248
1875 1968
1877 2187
1877 2113
1879 1928
1880 2175
1881 2102
1882 2007
1882 2016
1882 2017
1882 2033
1883 1922
1883 1890
1884 2258
1885 1926
1885 2067
1885 1966
1886 2270
1887 2134
1887 2192
1887 2223
1888 2135
1889 2234
1889 2263
1889 1976
1889 1939
1890 1922
1893 2056
1894 2032
1894 2000
1895 2192
1896 2056
1898 1918
1899 2201
1899 2150
1900 2177
1901 1911
1903 2141
1905 1911
1905 2226
1907 1939
1907 1976
1909 2263
1909 1976
1910 2056
1912 2058
1912 2179
1913 2273
1913 2054
1916 2201
1917 2212
1917 2157
1917 2276
1918 2221
1919 2268
1919 1930
1920 2026
1920 1959
1923 2058
1925 2175
1926 2142
1927 2170
1927 2173
1929 2275
1931 2030
1932 1974
1932 1939
1933 1939
1936 2158
1936 2030
1937 1939
1937 2263
1937 1976
1939 2249
1939 2263
1939 1976
1940 2172
1942 2246
1944 1990
1944 2064
1945 2246
1948 2006
1949 2030
1950 2054
1954 2008
1954 1985
1955 2272
1956 1976
1957 2099
1960 1986
1962 2144
1964 2123
1966 2067
1969 2056
1970 2045
1975 2172
1976 2263
1977 2231
1977 2274
1979 2071
1980 2197
1981 2056
1982 2070
1984 2177
1985 2008
1986 2009
1986 2043
1986 2249
1988 2225
1989 2263
1990 2064
1991 2130
1992 2182
1994 2056
1995 2135
1996 2102
1997 2196
1997 2237
1999 2258
2000 2032
2001 2030
2004 2030
2005 2056
2006 2030
2007 2016
2007 2017
2007 2033
2009 2043
2009 2249
2010 2056
2016 2017
2016 2033
2017 2033
2018 2116
2021 2230
2021 2249
2024 2135
2027 2179
2028 2043
2028 2249
2030 2058
2031 2263
2034 2216
2035 2071
2035 2208
2035 2210
2036 2196
2036 2237
2037 2184
2039 2088
2040 2056
2041 2072
2042 2221
2042 2192
2043 2249
2044 2249
2046 2206
2048 2216
2050 2082
2051 2136
2053 2192
2054 2273
2055 2084
2059 2182
2061 2263
2065 2143
2071 2110
2074 2196
2074 2237
2077 2148
2078 2271
2079 2246
2079 2264
2080 2143
2083 2170
2083 2173
2086 2170
2086 2173
2088 2263
2090 2145
2093 2249
2094 2097
2094 2213
2096 2099
2097 2159
2101 2194
2103 2170
2103 2173
2105 2133
2107 2196
2107 2237
2109 2187
2109 2113
2110 2234
2113 2187
2114 2182
2119 2158
2119 2191
2121 2153
2126 2211
2127 2136
2134 2192
2138 2226
2139 2246
2140 2175
2141 2214
2142 2194
2145 2177
2149 2263
2150 2201
2153 2191
2154 2260
2157 2246
2157 2212
2157 2276
2162 2263
2163 2208
2165 2192
2167 2172
2168 2209
2169 2242
2169 2261
2170 2173
2171 2172
2175 2221
2180 2229
2181 2210
2192 2221
2193 2218
2196 2237
2199 2225
2208 2249
2208 2263
2212 2276
2212 2246
2217 2249
2219 2237
2227 2252
2230 2249
2231 2274
2235 2263
2239 2246
2239 2263
2243 2263
2249 2263
2255 2269
2256 2263
2257 2263
2260 2263
