0 673
1 899
2 5112
2 3713
3 5137
3 2421
4 2340
5 5112
6 2687
7 118
7 851
8 3368
8 2074
9 794
9 1176
10 3532
11 1693
12 4324
12 4557
13 4379
13 4838
14 4953
15 1410
16 1760
16 960
17 1784
17 325
18 4480
18 978
19 4548
20 2935
21 2384
21 4970
22 891
23 4764
23 4126
24 3408
24 3947
25 4419
26 3703
27 4643
28 5064
29 3488
29 1947
30 5112
31 4201
31 2002
32 4544
33 1582
33 1704
34 1017
34 4727
35 4145
36 4105
36 1604
37 4183
38 4386
38 1135
39 4616
40 3884
41 1586
41 463
42 1749
42 1543
43 2280
44 1461
45 1234
46 3660
46 893
47 3318
48 3320
49 4882
50 2290
51 116
51 1787
52 2763
53 3559
53 4800
54 4608
55 2920
55 1138
56 5112
57 679
57 1313
58 1922
59 4161
59 1577
60 1785
60 2744
61 1664
61 1939
62 1290
62 2385
63 3846
63 1273
64 4595
65 1382
65 294
66 3463
67 4386
67 1135
68 3414
68 342
69 3402
70 2451
71 3750
71 4444
72 3063
73 601
73 2600
74 699
74 1596
75 5095
75 5148
76 1493
76 1526
77 4302
77 2877
78 1545
79 1713
79 4814
80 3462
80 2031
81 1934
81 1324
82 3078
82 2600
83 1630
84 1664
84 1939
85 1279
85 5013
86 2760
87 1510
87 3798
88 2249
88 344
89 1278
90 4969
90 3871
91 3240
92 1930
93 4025
94 116
94 1787
95 4829
96 379
96 3348
97 1930
98 3692
99 4616
100 2723
101 4730
102 868
103 4864
104 828
104 4303
105 3657
106 2811
106 4094
107 5104
108 1628
108 4911
109 2837
109 3585
110 1231
111 2923
112 5063
113 3111
113 2113
114 1180
115 4974
115 1941
116 2635
117 3636
118 851
119 3260
120 4528
121 1301
121 497
122 2709
123 3754
124 1092
125 1266
125 5007
126 3010
127 1638
128 2399
129 4892
130 3998
131 2836
132 4301
132 2604
133 4150
134 2075
135 4969
135 3871
136 3253
137 4052
138 3119
138 479
139 4605
140 3852
141 184
142 2968
142 2600
143 2920
143 1138
144 2564
144 2682
145 4367
145 2226
146 4730
147 3722
148 3203
148 1611
149 736
149 3380
150 2683
151 4873
151 911
152 2736
152 3018
153 2193
154 828
154 4303
155 892
156 2430
157 4380
158 5112
159 4346
160 947
161 4103
161 2602
162 4346
162 5112
163 5112
164 1200
165 2825
166 1802
167 1486
168 4548
169 5067
170 1415
171 5165
171 801
172 4295
173 3785
174 823
175 4942
176 1019
177 1667
178 5139
179 4896
180 736
180 3380
181 4419
181 4010
182 4346
183 1905
183 3434
185 4758
186 3352
187 3350
188 4543
189 763
189 4803
190 3174
190 2600
191 1103
191 1796
192 2113
193 3166
194 4547
195 4346
196 309
196 4419
197 1604
197 4411
198 1948
198 1769
199 3138
199 3851
200 2182
200 3501
201 1647
202 4099
203 2703
203 3813
204 2308
204 5152
205 4618
206 3193
207 1595
207 1620
208 3516
209 587
210 4873
210 911
211 4743
212 5150
213 1604
213 4411
214 3616
215 4864
215 3731
216 4303
217 639
218 4623
218 3669
219 2040
220 4810
220 5112
221 3044
221 4309
222 275
222 2689
223 4495
223 2398
224 1480
225 2458
226 354
227 5095
227 4796
228 2661
228 4081
229 3577
229 3193
230 3803
230 560
231 4903
232 4796
233 4513
234 3534
235 950
236 1301
236 497
237 4016
238 3206
238 2446
239 4037
240 624
240 1223
241 804
242 4471
242 3073
243 4118
243 2469
244 2746
245 1767
246 3751
246 2646
247 4879
248 3586
249 4766
249 548
250 3203
250 1611
251 2955
252 1309
252 1024
253 278
254 2777
254 2262
255 4160
256 1441
256 1033
257 4372
258 1988
258 822
259 4016
260 4192
261 2982
261 506
262 4728
263 4597
264 2452
264 758
265 4996
266 1850
266 2311
267 2720
268 1807
268 1371
269 1540
270 3319
271 4821
272 3198
273 1202
273 4808
274 1839
274 4959
275 4520
276 2384
276 4970
277 1098
278 4082
279 2288
279 2160
280 4873
280 911
281 5013
281 1472
282 2643
283 4343
284 1818
285 551
286 3719
287 4977
288 3803
288 560
289 1651
289 3629
290 1212
291 1441
291 1033
292 4380
293 5112
294 1382
295 4780
296 3253
297 4386
297 1135
298 3137
299 4503
299 491
300 3369
301 5105
301 1943
302 1322
302 597
303 3166
304 3751
304 2646
305 3990
306 5189
307 2635
308 2109
309 4419
310 4312
310 3363
311 1017
311 4727
312 3477
313 3462
314 5033
315 3449
316 1220
316 4745
317 2364
317 2949
318 4486
318 4258
319 2795
319 945
320 3613
321 5065
322 5153
322 4234
323 3823
324 4540
324 4837
325 1784
326 1833
326 2111
327 460
328 4052
329 1554
329 3989
330 4289
330 3704
331 1673
332 3659
332 2992
333 2575
334 4556
335 3211
335 3225
336 2365
337 3047
337 3186
338 2589
338 4745
339 2689
340 1246
340 4303
341 3252
341 505
342 3414
343 845
343 861
344 2249
345 2954
346 5112
347 4864
348 2739
349 985
350 3107
351 3715
351 627
352 2608
353 4486
353 4258
355 621
356 2735
357 4842
358 3368
358 2074
359 4389
360 3393
361 3935
362 3217
363 5162
364 1302
365 2180
366 3801
367 3278
368 4766
368 4841
369 2595
370 4618
370 465
371 2956
371 2543
372 4346
373 4275
374 551
375 3672
375 1773
376 3203
376 1611
377 4365
378 3085
379 3348
380 3031
381 4161
381 1577
382 4386
382 1135
383 3996
383 501
384 3203
384 1611
385 4386
385 1135
386 4476
386 1437
387 2151
388 3791
389 4766
389 548
390 5112
391 2375
392 3053
392 3771
393 4390
394 1229
395 1729
395 5112
396 4915
396 4966
397 4303
398 1638
399 5112
400 4411
401 4346
402 3708
403 2825
404 4761
405 2919
406 2594
407 3181
408 5112
409 2484
409 4245
410 1068
410 1825
411 1494
411 1904
412 1151
413 1055
414 3780
415 2885
416 4941
417 1356
418 722
418 4223
419 5118
420 5007
421 4614
421 3213
422 2795
422 945
423 1497
424 4416
424 1915
425 4161
425 1577
426 3564
427 3869
428 4858
428 4489
429 803
430 3989
431 3785
432 5112
433 2188
433 3507
434 1948
434 1439
435 3545
436 4414
437 2179
437 5183
438 2186
439 5145
440 2245
440 2328
441 4546
441 2160
443 2493
444 5026
445 1742
446 1735
446 4907
447 2862
447 1598
448 3135
448 4894
449 1316
450 4801
451 4386
451 1135
452 4969
452 3871
453 1649
454 4841
455 894
456 5148
457 2170
458 1355
459 2600
461 4012
461 5096
462 1524
463 4906
463 2146
464 5095
465 4618
466 2632
467 575
468 3989
468 2631
469 1250
469 917
470 3450
471 648
471 2058
472 4797
472 2980
473 4346
474 4274
474 3582
475 1875
475 4841
476 4420
477 4862
478 4546
478 2160
479 3119
480 4823
481 4386
481 1135
482 2939
483 1053
483 1548
484 2798
484 3562
485 1441
485 1033
487 4903
488 877
488 3950
489 4117
490 4759
491 4503
492 5055
493 1701
494 2434
495 1484
496 2612
496 4946
497 1301
498 4854
498 1857
499 4618
500 1792
500 1459
501 3996
502 3989
502 4120
503 3789
503 1607
504 2258
504 790
505 3252
506 2982
507 3119
508 1899
508 1199
509 1925
509 1058
510 4914
511 5095
512 3236
513 3467
513 2115
514 4346
515 1368
515 4880
516 5023
517 2238
517 1639
518 1090
518 761
519 2812
519 1692
520 3609
520 4175
521 4302
521 2877
522 1355
522 4135
523 2224
524 5027
525 4903
526 4236
527 5086
528 5142
528 5141
529 4661
529 2111
530 3611
531 1449
532 3906
533 573
534 1046
535 1684
535 3332
536 4365
537 3414
538 3722
539 1729
539 5112
540 3078
540 2600
541 4730
542 3232
543 3475
544 1382
545 648
545 2058
546 5138
547 1772
548 4766
549 5009
550 3000
551 3852
552 1642
552 3246
553 1291
554 4692
555 4615
556 4729
556 2355
557 3368
557 2074
558 3980
559 5009
560 3803
561 1356
562 737
563 1250
563 917
564 3727
565 4002
565 5112
566 4748
566 3856
567 1218
568 4619
569 5112
570 4565
570 2032
571 4858
571 4489
572 2702
574 4391
574 4978
576 2820
577 3797
577 4531
578 3795
578 3220
579 4379
579 4838
580 2995
580 5179
581 2895
581 4105
582 4862
583 1471
584 1192
585 3891
585 4793
586 4590
587 4295
588 1298
588 1343
589 4484
590 3684
590 1512
591 1626
591 4396
592 3029
592 2600
593 4585
594 2947
595 2364
595 2949
597 1322
598 1054
599 5112
600 2367
600 2600
601 4346
602 4436
602 1919
603 1677
603 3849
604 3809
604 4273
606 4303
606 2087
607 4135
607 4465
608 2849
608 1396
609 2809
610 783
611 3108
612 972
613 4574
614 3181
615 1215
615 896
616 967
617 5013
617 1472
618 3203
618 1611
619 1604
619 4411
620 4178
620 4876
622 5112
622 782
623 4346
624 1316
625 2308
625 5152
626 4627
626 4961
627 3715
628 877
628 3950
629 2065
630 2349
630 1927
631 4913
632 2939
633 3948
634 4847
635 907
636 4736
636 1539
637 3245
638 3002
638 4829
640 4372
641 3501
642 1914
643 3692
644 4753
644 4188
645 4773
645 1822
646 4141
647 5067
648 2058
649 4802
649 5053
650 2266
650 4098
651 2477
651 3617
652 4969
652 3871
653 1202
654 3434
655 4989
656 2617
656 4221
657 4730
658 4324
658 4557
659 2251
660 4118
660 2469
661 4903
662 2542
662 2600
663 2939
664 3491
664 3667
665 1310
666 788
666 2449
667 982
668 3281
669 4365
670 4725
670 3204
671 3771
671 4903
672 3203
672 1611
674 5051
675 5138
676 1735
677 4045
678 1106
679 1313
680 2032
681 3633
681 4919
682 1270
683 2811
683 2289
684 4712
685 4817
685 1982
686 4057
687 3613
688 4226
689 1320
689 2967
690 3785
691 2268
692 4546
692 2160
693 3194
694 4302
694 2877
695 4382
696 2947
697 3526
697 2950
698 993
699 1596
700 5008
700 1032
701 2384
701 4970
702 3092
703 1572
704 3725
705 2701
705 2650
706 4088
707 1802
708 3967
708 2891
709 4372
710 1967
711 4414
712 3290
713 2235
714 2205
715 5112
716 4178
716 4876
717 4365
718 1076
719 3640
720 4251
721 2182
721 3737
722 4223
723 844
724 1562
725 4376
726 4201
726 2002
727 3414
728 2635
729 2251
730 3823
730 2428
731 3051
732 853
732 2759
733 5112
734 1098
735 2403
735 4454
736 3380
737 4346
738 1476
739 3755
740 2612
740 4946
741 2554
741 1222
742 794
742 1176
743 5155
744 5066
745 1922
746 3725
747 2255
747 3233
748 4346
749 4435
749 4717
750 5000
751 4416
751 1915
752 3852
753 4879
753 5095
754 1020
754 1820
755 1556
756 2925
757 5066
758 2452
759 1658
760 2767
761 1090
762 4346
763 4803
764 4605
765 4223
766 1303
766 4580
767 3491
767 3667
768 3424
769 3494
770 4289
770 3704
771 4383
772 4346
773 4498
773 3075
774 3270
775 4504
775 3109
776 4346
777 1402
778 3662
779 2113
780 4940
781 2813
782 5095
783 4939
784 3586
785 2509
786 5063
787 3660
787 893
788 2449
789 2947
790 2258
791 2441
792 5112
793 5112
793 1111
794 1176
795 4624
796 4440
797 5063
797 2485
798 4758
798 4303
799 5189
800 1176
801 5165
802 4415
802 2294
803 4198
805 3457
806 4214
806 3543
807 4064
808 2849
809 4739
809 3540
810 4107
811 4796
811 4961
812 4088
813 1926
814 3761
815 1144
815 3958
816 4002
816 3029
817 4017
818 3541
818 3328
819 2441
820 5099
820 3950
821 1875
821 3011
822 1988
824 4346
825 1737
826 1664
826 1939
827 3142
828 4303
829 3227
830 5112
831 2014
831 1574
832 2280
833 1664
833 1939
834 2947
835 3580
836 3724
836 2131
837 4103
837 2602
838 2870
838 1627
839 4064
840 4903
841 2500
842 4068
842 4326
843 1250
843 917
845 861
846 5057
847 3198
848 5112
849 5112
850 3667
852 4913
852 2044
853 2759
854 5063
855 1951
856 1871
857 4495
857 2398
858 4303
858 2087
859 4343
860 5135
861 2947
862 1465
863 5112
864 3568
865 2797
866 3784
866 4808
867 4463
867 2423
869 2571
870 2730
871 4289
871 3704
872 3259
873 2364
873 1480
874 2280
875 4858
875 4489
876 4386
876 1135
877 3950
878 4346
879 2972
879 1712
881 1148
881 4467
882 2266
882 4098
883 1638
884 3800
885 4051
885 3367
886 1926
887 1442
888 4764
888 4126
889 4830
889 2862
890 3521
891 3723
891 4704
892 4365
893 3660
894 4130
895 3660
897 2463
898 3273
900 3400
901 2595
903 2031
903 1719
904 3270
905 2677
906 2975
907 4618
908 2956
908 2543
909 1735
910 3531
910 1112
911 4873
912 3803
913 1562
914 4062
915 2075
916 5138
917 1250
918 1250
919 4365
920 4321
920 4428
921 4161
921 1577
922 4913
922 2044
923 2653
923 2600
924 3637
925 5163
926 4346
927 1034
927 4991
928 4069
928 4274
929 4426
930 4408
930 4347
931 2569
931 1182
932 3379
932 1810
933 4436
934 1356
935 5033
936 4095
936 1172
937 2336
938 2200
938 4478
939 4386
939 1135
940 1308
941 2653
941 2600
942 2738
943 2738
944 1133
945 2795
946 1367
948 4002
948 3029
949 4847
950 4605
951 3791
952 3689
953 5095
954 2523
955 2234
956 3940
957 1738
957 1154
958 3227
959 4822
960 1760
961 1266
961 5007
962 3380
963 4730
964 4614
964 3213
965 4031
966 4171
968 2547
968 2511
969 5116
970 3462
971 2578
971 4782
972 5151
973 4386
973 1135
974 4779
975 3714
975 3372
976 4604
977 2234
978 4480
979 2990
979 4679
980 4679
980 2422
981 4064
982 5112
983 2993
983 4542
984 3284
984 5125
986 2057
987 3491
987 3667
988 3714
989 3273
990 4389
990 3676
992 4858
992 4489
993 4042
994 3269
995 4446
996 2179
996 5183
997 5182
998 1948
998 1769
999 1322
1000 3426
1000 3087
1001 4177
1002 4419
1002 3349
1003 2723
1004 1020
1004 1820
1005 4087
1005 3093
1006 2939
1007 2555
1008 5120
1009 3568
1010 4593
1011 1926
1012 1425
1013 1229
1014 3135
1014 4894
1015 3738
1015 3718
1016 4530
1017 4415
1017 2294
1018 3590
1018 3459
1019 2192
1020 1642
1020 3246
1021 4903
1022 1664
1022 1939
1023 4364
1024 1309
1025 2275
1025 2803
1026 1430
1027 2456
1028 3127
1029 3227
1030 1297
1031 4796
1031 3809
1032 5008
1033 1441
1034 4991
1035 1513
1036 4758
1037 2767
1038 2689
1039 2173
1040 3477
1041 2929
1041 2600
1042 4658
1043 2354
1044 4346
1045 2990
1045 4679
1046 3713
1046 1918
1047 3114
1048 3216
1049 4819
1050 3954
1051 3338
1052 1274
1053 1548
1056 4727
1057 1175
1057 4031
1058 1925
1059 1405
1059 2183
1060 3294
1061 4095
1061 1172
1062 3252
1063 2979
1063 3312
1064 4369
1064 2832
1065 1911
1065 1069
1066 2872
1066 2487
1067 4285
1067 3855
1068 1825
1069 1911
1070 4289
1070 3704
1071 2635
1072 1491
1072 4497
1073 3011
1074 4641
1074 5187
1075 3668
1077 2193
1078 4922
1080 5099
1081 3839
1081 3940
1082 4906
1082 2146
1083 2308
1083 5152
1084 2677
1085 4803
1086 1134
1087 5112
1088 4882
1089 5068
1091 4625
1092 1559
1093 3315
1094 1901
1095 4103
1095 2602
1096 3573
1097 4915
1097 4966
1099 3210
1099 2502
1100 4064
1101 1785
1101 2744
1102 1188
1102 4550
1103 1796
1104 4346
1105 3372
1106 4346
1107 3341
1108 1491
1108 4497
1109 4457
1110 3933
1111 5112
1112 3531
1113 2939
1114 1385
1115 2478
1115 2713
1116 2442
1117 3568
1118 2166
1118 1909
1119 1874
1119 2600
1121 1491
1121 4497
1122 2384
1122 4970
1123 2530
1123 4051
1124 4066
1124 3799
1125 2302
1126 3488
1126 1947
1127 2436
1127 2819
1128 4014
1129 4879
1129 4801
1130 3216
1131 3600
1132 4346
1135 4386
1136 4685
1137 4605
1138 2920
1139 3245
1140 2993
1140 4542
1141 2058
1142 4095
1142 1172
1143 1855
1143 2642
1144 3958
1145 2412
1146 1901
1147 1194
1148 4467
1149 3227
1150 4615
1152 4729
1152 2355
1153 1368
1153 4880
1154 1738
1155 2608
1156 5159
1157 2014
1157 1574
1158 4802
1158 5053
1159 1503
1160 3141
1161 2187
1162 3402
1163 4843
1164 2689
1165 2059
1166 2798
1166 3562
1167 1246
1167 4303
1168 4400
1169 2308
1169 5152
1170 4082
1171 5112
1172 4095
1173 4413
1174 4365
1175 4031
1177 3380
1178 4363
1179 4082
1181 2781
1182 2569
1184 2954
1185 1638
1186 1693
1187 3155
1188 4550
1189 4782
1190 3245
1191 4689
1193 5161
1193 2356
1194 4690
1194 4106
1195 4380
1196 1646
1196 3411
1197 2302
1198 2188
1198 3507
1199 1899
1201 3216
1203 4303
1204 1875
1205 5097
1206 5063
1206 2485
1207 3231
1208 2864
1209 1765
1210 1729
1210 5112
1211 2456
1213 3404
1214 2759
1216 2032
1217 4684
1219 4343
1220 2589
1220 4745
1221 4346
1222 2554
1223 1316
1224 2987
1225 4912
1225 4730
1226 3852
1227 4854
1227 1857
1228 1988
1229 5112
1230 4693
1232 2305
1233 4978
1233 4957
1235 2955
1235 2040
1236 3356
1237 2956
1237 2543
1238 2113
1239 3372
1240 4873
1241 3335
1241 4952
1242 4201
1242 2002
1243 5145
1244 4741
1245 2739
1246 5189
1247 2677
1248 5148
1248 3404
1249 3487
1251 4729
1251 2355
1252 2653
1252 2600
1253 3167
1254 4346
1254 4605
1255 3089
1256 4303
1257 1751
1258 3352
1259 4928
1260 4719
1261 3247
1262 5056
1263 4784
1264 4346
1265 4210
1265 3890
1266 5007
1267 5160
1268 4605
1269 1764
1270 5146
1271 4346
1272 4748
1273 3846
1274 1309
1275 3419
1275 2476
1276 2297
1276 2291
1277 5091
1277 2363
1279 5112
1280 2860
1281 3238
1283 4011
1283 2702
1284 4978
1284 3480
1285 5194
1286 3589
1287 4658
1287 1843
1288 4421
1289 3935
1290 2385
1291 5112
1292 5112
1293 1785
1293 2744
1294 3660
1295 1988
1296 2331
1297 4494
1298 1343
1299 4269
1299 3546
1303 4580
1304 1740
1304 2668
1305 2635
1306 3433
1307 4841
1308 3203
1308 1611
1311 3728
1312 4495
1312 2055
1314 4042
1315 4236
1316 4989
1317 5112
1318 2069
1318 3551
1319 2045
1320 2967
1321 5095
1323 4524
1324 1934
1325 3637
1327 3278
1328 4400
1329 5112
1330 2335
1331 4758
1332 2467
1332 2063
1333 3047
1333 3186
1334 4596
1335 4612
1336 4983
1337 3119
1338 4467
1340 5153
1340 4083
1341 4903
1342 1362
1344 2255
1344 3233
1345 1760
1346 4346
1347 1447
1348 3852
1349 3232
1349 2348
1350 4017
1351 4379
1351 4838
1352 2189
1353 3326
1354 4346
1355 2493
1356 5112
1357 4205
1358 4063
1358 3793
1359 4389
1360 1368
1360 4880
1361 3624
1362 4879
1363 1500
1364 4386
1365 1491
1365 4497
1366 3168
1368 4880
1369 5142
1369 4299
1370 3880
1371 1807
1372 4769
1373 4208
1373 4796
1374 5069
1374 4563
1375 3066
1376 3021
1377 1693
1378 4379
1378 4838
1379 2709
1380 1866
1381 1593
1381 4159
1383 5043
1384 2956
1384 2543
1386 4730
1387 2709
1388 3637
1389 1916
1390 5013
1390 1472
1391 2812
1391 1692
1392 4903
1393 4974
1394 1638
1395 4892
1396 2849
1397 3485
1398 4207
1399 4486
1399 4258
1400 4208
1400 4796
1401 2662
1402 4989
1403 4919
1404 3944
1404 1616
1405 2183
1406 2069
1406 3551
1407 4767
1408 4515
1409 2007
1410 5117
1411 2324
1412 2751
1412 4443
1413 4286
1413 4408
1414 2176
1415 3552
1416 2542
1416 2600
1417 3477
1417 4167
1418 3053
1418 3771
1419 3236
1420 4325
1420 1968
1421 3657
1423 4219
1424 3535
1425 3990
1426 2275
1426 2803
1427 3151
1428 2140
1428 2543
1429 4386
1431 1445
1431 2720
1432 2789
1432 1826
1433 4406
1434 2059
1435 4793
1436 4297
1437 4476
1438 5112
1439 1948
1440 1784
1442 4769
1443 4346
1444 3642
1445 3533
1448 2403
1448 4454
1449 3501
1451 2066
1452 2971
1453 2689
1454 5063
1455 1735
1456 3352
1457 3462
1458 1967
1459 1792
1460 3531
1463 4346
1464 4757
1465 4740
1466 1591
1467 4793
1468 1568
1470 3803
1472 5013
1473 2288
1473 2160
1475 4415
1475 2294
1476 1480
1477 3305
1478 4978
1478 3480
1479 5006
1481 2371
1482 1529
1483 2947
1484 3852
1485 2395
1485 2345
1486 5095
1487 5142
1487 4299
1488 4726
1489 1818
1490 2920
1491 4497
1492 5112
1493 1526
1494 1904
1495 3352
1496 4161
1496 1577
1498 4766
1499 3119
1500 4903
1501 3380
1502 3005
1504 3752
1504 3040
1505 1792
1506 3834
1507 3888
1508 3211
1508 3225
1510 4199
1510 3798
1511 5112
1512 3684
1513 4847
1514 2679
1515 4400
1516 4386
1517 2018
1517 3359
1518 4425
1519 5103
1519 2250
1520 1735
1521 2837
1521 3585
1522 3654
1522 1931
1524 4989
1525 3884
1527 4555
1527 2849
1528 4278
1529 4605
1530 2956
1530 2543
1531 2302
1532 2028
1533 3672
1534 2441
1535 4862
1536 3144
1536 1674
1537 1638
1538 4323
1539 4736
1541 3447
1542 3343
1543 1749
1544 3361
1544 4001
1545 5112
1546 2920
1547 2473
1548 4346
1549 3462
1550 2456
1551 3119
1552 5112
1553 5138
1554 3989
1555 4989
1556 5138
1557 4392
1558 5063
1559 4343
1560 2113
1561 4135
1561 4465
1563 3859
1564 4571
1565 3402
1566 1997
1566 5000
1567 3309
1568 2849
1570 3327
1570 2357
1571 3374
1572 4996
1573 2224
1574 2014
1575 2462
1576 4386
1577 4161
1578 4466
1579 4993
1580 4558
1581 2094
1582 1704
1583 3989
1584 3852
1584 4365
1585 4565
1585 2032
1587 2655
1588 4201
1588 2002
1589 1609
1590 4029
1591 4207
1592 4994
1593 4159
1594 4956
1595 1620
1597 4000
1597 2112
1598 3203
1598 1611
1599 2688
1600 4007
1601 3664
1602 5112
1603 2058
1604 4411
1605 1740
1605 2668
1606 5095
1607 3789
1608 2437
1610 5112
1611 3203
1612 4739
1612 3540
1613 2280
1615 3501
1616 3944
1617 4940
1618 5095
1621 2275
1621 2803
1622 4665
1622 2108
1623 4467
1624 2016
1624 1625
1625 2016
1626 4396
1627 2870
1628 1948
1629 2728
1630 4346
1631 5112
1632 4160
1633 4476
1634 2609
1634 4709
1635 4854
1635 1857
1636 5016
1637 4056
1638 4347
1639 2238
1640 4707
1641 3031
1641 2500
1642 3246
1644 4569
1646 3411
1647 4386
1648 5112
1649 1997
1649 5000
1650 2703
1650 3813
1651 1693
1651 3132
1652 4625
1653 4809
1653 2313
1654 5112
1655 5189
1656 3273
1657 2338
1659 5095
1660 4436
1660 1919
1661 3586
1662 1796
1663 4386
1664 1939
1665 4835
1666 4027
1666 3247
1668 2280
1669 4630
1670 4031
1672 4297
1673 4016
1674 3144
1675 4982
1676 4506
1677 3849
1678 4862
1679 3552
1680 3421
1680 2177
1681 3450
1682 5194
1682 4023
1683 4343
1684 3332
1685 2166
1685 1909
1686 2040
1687 3660
1688 3639
1689 4693
1690 5171
1691 5112
1692 2812
1693 3132
1694 4693
1695 4910
1695 2169
1696 2083
1697 2689
1698 2617
1698 4221
1699 4782
1700 3462
1700 5139
1701 4073
1702 4086
1703 1926
1704 4418
1705 2613
1706 5112
1707 1824
1707 5031
1709 3108
1710 3232
1710 2348
1711 4177
1712 2972
1713 4814
1714 4402
1714 2363
1715 2736
1715 3018
1716 4148
1717 4303
1717 2087
1718 4419
1719 2031
1720 2947
1721 4915
1721 4966
1722 2326
1723 5139
1724 2536
1725 2591
1725 3599
1726 2896
1728 4161
1729 4365
1730 2795
1731 4415
1731 2294
1732 4640
1733 4078
1734 3167
1736 2872
1736 2487
1739 4803
1740 2668
1741 3684
1742 5112
1743 2720
1744 5095
1745 2896
1746 4797
1746 2980
1747 3530
1748 4099
1750 5151
1750 2599
1751 3292
1752 4788
1753 4419
1753 5015
1754 4329
1755 5034
1756 2384
1756 4970
1757 4858
1757 4489
1758 4734
1759 3908
1762 2779
1763 3380
1765 4989
1766 4885
1768 3348
1769 1948
1770 3191
1771 4739
1771 3540
1773 3672
1774 3138
1774 3851
1775 3755
1776 4297
1777 2862
1778 1960
1779 4414
1780 3884
1781 4092
1781 5065
1782 4201
1782 2002
1783 3738
1783 3718
1785 2744
1786 3755
1787 2635
1788 5063
1789 3586
1790 2420
1791 2254
1791 2008
1793 2567
1794 2436
1794 2819
1795 3181
1797 4417
1797 2701
1798 5122
1799 5064
1800 4346
1804 4253
1804 4569
1805 2653
1805 2600
1806 4386
1808 4479
1809 4141
1810 3379
1811 3167
1812 4978
1812 3480
1813 4879
1814 4344
1815 3242
1815 3716
1816 3881
1817 3672
1819 3526
1819 2950
1820 3246
1821 2825
1822 4773
1823 2478
1823 2713
1824 5031
1826 2789
1827 4969
1827 3871
1828 3377
1828 2358
1829 3142
1829 3462
1830 3316
1831 3217
1832 4758
1834 3834
1835 4903
1836 2812
1837 4766
1838 3852
1839 4959
1840 4987
1841 3817
1842 4344
1843 3457
1844 2084
1845 5112
1846 3368
1846 2074
1847 4420
1848 5114
1849 1905
1849 3434
1850 2311
1851 3112
1851 3852
1852 5112
1853 3096
1853 2913
1854 4758
1855 2642
1856 4323
1857 4854
1858 4903
1858 5033
1859 4877
1860 2826
1861 2812
1862 3436
1863 4365
1864 5139
1867 4201
1867 2002
1868 2956
1868 2543
1870 2268
1872 3368
1872 2074
1873 1905
1873 3434
1874 2607
1874 5019
1875 4841
1876 3672
1877 2434
1878 4467
1879 2873
1879 4208
1880 1997
1880 5000
1881 2582
1882 4495
1884 4799
1885 4903
1886 4989
1888 2258
1889 2609
1889 4709
1890 3096
1891 4678
1892 4227
1893 4386
1894 4996
1895 3176
1895 3080
1896 3196
1897 4739
1897 3540
1900 2059
1902 3151
1903 4220
1905 3434
1906 4512
1907 2280
1908 2175
1909 2166
1910 4303
1910 2087
1912 4199
1912 3798
1913 4720
1915 4416
1916 4903
1917 5200
1918 3713
1919 4436
1923 3429
1924 2718
1927 2349
1928 2633
1928 4025
1929 4852
1930 4782
1931 4161
1933 2837
1933 3585
1936 4903
1937 3787
1940 3188
1941 4974
1943 5105
1944 4823
1945 3273
1946 4560
1947 3488
1949 2858
1949 3261
1950 4346
1951 5139
1953 4171
1954 3474
1955 3843
1956 4918
1957 4483
1958 3074
1958 4485
1959 2668
1960 2251
1961 3263
1962 4141
1963 2926
1964 4796
1964 5063
1966 3766
1966 4251
1968 4325
1969 2744
1971 4346
1972 4051
1972 3367
1973 3995
1974 4190
1975 4039
1976 3722
1977 3397
1978 3477
1978 4167
1979 5191
1980 4548
1981 5099
1981 3950
1982 4817
1983 2940
1983 2600
1984 2308
1984 5152
1985 2849
1986 2675
1989 3687
1990 2996
1991 2254
1991 2008
1992 2200
1992 4478
1993 3613
1994 5173
1995 4106
1996 2924
1997 5000
1998 3626
1998 3882
1999 5106
2001 3577
2001 3193
2002 4201
2003 3539
2004 2151
2005 4431
2006 4727
2007 4346
2008 2254
2009 3227
2010 3477
2011 2591
2011 3599
2012 5041
2013 3368
2013 2074
2015 3936
2016 5095
2017 4880
2018 2633
2018 4025
2019 2359
2020 2069
2020 3551
2021 4841
2022 3899
2023 4040
2024 2113
2027 3203
2029 3141
2031 5112
2034 3724
2034 2131
2035 4400
2036 4264
2037 2068
2038 4365
2039 3462
2040 4864
2041 2379
2042 2498
2043 2384
2043 4970
2044 4913
2045 4267
2046 4596
2047 5112
2048 3203
2049 4312
2049 3363
2050 4953
2052 3022
2053 3252
2055 3203
2056 2591
2056 3599
2057 4965
2059 4903
2061 5165
2062 2759
2063 2467
2064 3044
2064 4309
2065 4605
2067 2094
2068 4346
2069 3551
2070 3462
2071 2266
2071 4098
2072 4320
2072 4590
2073 4146
2076 3956
2076 4459
2077 3672
2078 3110
2079 2083
2080 2872
2080 2487
2081 4419
2081 4010
2082 3742
2083 4903
2084 2251
2085 3606
2086 2868
2087 4303
2088 3074
2088 4485
2089 5023
2089 4530
2090 4811
2091 2851
2091 4902
2092 4199
2092 3798
2093 3016
2094 5112
2095 3861
2096 2688
2097 4097
2097 3575
2098 3155
2099 2811
2099 2289
2101 4436
2102 4513
2103 4346
2104 4534
2106 3381
2107 3586
2108 4567
2109 3245
2110 2467
2111 4661
2112 2316
2114 4903
2114 5112
2115 3467
2116 5105
2117 4544
2118 3162
2118 3333
2120 4236
2121 4285
2121 3855
2122 5095
2122 2318
2123 2545
2124 4372
2124 3290
2125 5103
2125 2250
2126 3456
2126 4855
2127 3118
2127 4868
2128 4989
2129 3673
2130 4302
2130 2877
2131 3724
2132 3551
2133 3889
2133 3308
2134 3435
2134 4598
2135 2945
2135 4365
2136 4064
2137 2261
2137 3848
2138 5024
2139 3482
2140 2956
2140 2543
2141 5050
2142 4331
2143 4796
2144 2434
2145 4007
2146 4906
2147 4016
2148 2166
2149 3380
2150 4822
2150 3739
2152 3118
2152 4868
2153 4973
2154 4039
2156 4424
2158 3386
2158 4621
2159 2186
2160 4546
2161 4858
2161 4489
2162 3920
2163 5112
2164 3292
2165 4743
2167 4056
2168 3770
2169 4910
2171 4849
2172 3701
2173 2371
2174 3374
2174 3471
2177 3421
2178 3467
2179 5183
2181 3995
2181 2248
2182 3501
2185 4991
2188 3507
2189 5112
2190 3211
2190 3225
2191 4989
2192 4483
2193 4536
2194 3467
2195 5112
2196 4346
2197 3797
2197 4531
2198 4177
2199 5159
2200 4478
2201 2641
2202 3155
2204 5010
2204 5023
2205 3700
2206 4391
2208 4289
2208 3704
2210 4386
2211 5073
2212 5137
2212 2421
2213 4502
2214 4324
2214 4557
2215 2240
2215 2600
2216 4540
2216 4837
2217 4698
2217 5132
2218 4063
2218 3793
2219 5194
2220 4614
2220 3213
2221 3494
2222 4346
2223 3817
2225 3368
2226 2897
2227 2920
2228 4415
2228 2294
2229 3016
2230 4159
2232 4425
2233 3695
2236 3824
2237 2633
2237 4025
2238 5184
2239 4183
2240 3203
2242 2822
2243 5112
2244 4829
2245 2328
2246 5062
2247 5112
2248 3995
2250 5103
2251 4989
2252 3766
2252 4251
2253 4896
2255 3233
2256 4903
2257 4677
2259 3245
2260 3232
2261 3848
2262 2777
2263 3830
2264 4205
2265 3722
2266 4098
2267 3551
2269 4969
2269 3871
2270 2709
2271 2826
2272 3466
2272 3873
2273 5064
2273 3199
2274 2895
2274 4105
2275 2803
2276 5112
2277 3434
2278 4793
2278 3488
2279 4910
2281 2569
2282 4540
2282 4837
2283 5031
2284 5008
2285 3812
2287 3138
2287 3851
2288 2411
2289 2811
2291 2297
2292 4292
2293 5069
2293 4563
2294 4415
2295 4197
2298 4011
2298 2702
2299 3778
2300 4497
2301 4758
2303 2987
2304 5146
2305 4346
2306 3495
2307 4580
2308 5152
2309 5152
2312 3181
2313 4759
2315 3426
2315 3087
2316 3197
2317 4841
2318 4275
2319 4793
2320 3089
2321 4916
2322 4868
2323 2537
2324 5112
2325 4915
2325 4966
2326 3526
2326 2950
2327 2689
2329 5028
2329 4369
2330 4118
2330 2469
2331 3108
2332 4414
2333 3419
2334 4200
2334 2794
2335 4346
2336 5043
2339 5112
2341 3361
2342 5095
2344 4346
2345 2395
2346 3989
2348 3232
2349 5112
2350 2759
2351 4903
2351 2553
2352 5112
2353 5105
2355 4729
2356 5161
2357 3327
2358 3377
2359 2805
2360 3248
2361 3613
2362 3463
2363 4402
2365 4365
2366 3198
2367 5112
2368 4736
2369 4910
2370 3917
2371 5112
2372 4839
2374 3245
2376 2677
2377 4847
2377 3232
2378 2612
2378 4946
2380 3980
2380 3265
2381 2653
2381 2600
2383 4217
2384 4970
2386 3760
2388 4784
2389 5095
2390 4829
2390 4303
2391 2434
2392 4567
2393 4237
2394 3430
2395 4742
2396 4200
2396 2794
2397 2982
2398 3203
2399 5112
2401 4592
2402 4267
2403 4454
2404 5063
2405 3384
2406 4497
2407 4908
2408 5057
2410 3199
2412 5112
2413 5099
2413 3950
2414 4770
2415 3803
2416 3654
2417 3177
2418 3108
2419 4977
2420 4406
2421 5137
2422 2990
2422 4679
2423 4463
2424 4411
2425 4284
2425 2556
2426 4471
2426 3073
2427 3637
2428 3823
2429 4864
2431 4296
2431 5027
2432 4614
2432 3213
2433 3677
2435 3502
2436 2819
2438 5164
2439 3289
2440 5112
2443 3956
2443 4459
2444 4862
2445 4565
2446 3206
2447 3749
2448 3477
2450 4978
2450 3480
2453 2914
2454 5112
2455 4728
2457 3559
2459 3902
2459 3007
2460 3693
2461 3118
2461 4868
2464 2782
2464 3071
2465 2819
2466 4160
2468 3303
2469 4118
2470 4558
2471 4346
2472 5112
2474 3545
2475 5167
2475 2643
2476 3419
2477 3617
2478 2713
2479 4506
2480 4386
2482 4878
2483 4845
2483 4672
2484 4245
2485 3326
2486 3074
2486 2600
2487 2872
2488 4547
2489 4346
2490 2662
2491 3902
2491 3007
2492 3368
2493 4621
2496 4528
2497 3278
2499 3589
2500 5112
2501 3672
2502 3210
2503 4733
2504 5000
2505 4503
2506 3936
2508 4386
2510 4544
2510 3365
2511 2547
2512 3384
2513 4346
2514 3110
2515 3987
2516 5188
2517 3950
2518 3701
2519 4343
2520 4011
2520 2702
2521 3181
2522 4389
2524 3068
2525 4098
2526 4714
2526 2948
2527 5012
2528 3082
2528 3228
2529 4959
2530 4619
2531 5010
2532 2689
2533 4567
2534 3413
2535 4802
2535 5053
2537 4903
2538 4145
2539 4481
2539 5078
2540 4027
2540 3247
2541 5105
2542 2935
2542 4183
2543 2956
2544 3072
2545 4128
2546 3198
2548 4928
2549 4088
2550 4322
2551 5112
2552 4676
2553 4346
2556 4284
2557 2618
2558 4766
2559 4288
2559 5016
2560 4941
2561 4419
2561 4010
2563 4913
2564 2682
2565 3119
2565 3126
2566 4584
2567 4903
2568 3677
2569 5112
2570 3970
2573 4295
2574 3171
2574 4272
2576 4725
2576 3204
2577 2790
2578 4346
2579 4903
2580 3667
2581 5112
2582 5063
2583 4486
2583 4258
2585 3368
2587 4020
2588 3462
2589 4745
2590 2717
2591 3599
2592 4693
2593 3668
2594 4365
2596 4365
2597 2600
2599 3269
2600 2653
2601 4088
2602 4103
2603 4391
2603 4414
2604 4301
2606 3211
2606 3225
2607 5019
2608 4346
2609 4709
2610 4903
2611 3138
2611 3851
2612 4946
2613 5112
2614 3521
2615 2955
2616 4567
2617 4221
2619 4493
2620 4221
2621 4365
2622 2812
2623 4372
2624 4112
2625 4325
2626 4391
2627 4476
2628 3907
2629 4971
2629 3604
2630 4743
2631 5193
2632 4520
2632 3759
2633 4025
2634 3662
2636 5162
2637 5033
2638 5000
2640 5112
2643 3462
2644 3197
2645 2831
2646 3751
2647 3843
2647 2698
2650 4417
2650 2701
2651 4183
2652 3706
2654 3811
2656 3906
2657 3817
2658 2825
2659 4523
2660 3626
2660 3882
2661 3278
2663 2870
2664 2689
2665 5112
2666 4343
2667 3359
2668 4903
2669 3337
2671 4885
2672 3849
2673 4346
2674 4899
2675 3966
2676 3596
2677 3066
2678 2689
2679 4938
2680 3931
2681 3380
2684 4284
2684 3340
2685 4386
2686 5186
2687 5112
2690 4128
2692 3223
2692 5045
2694 3541
2694 3328
2696 4098
2697 5138
2698 3843
2699 4386
2700 5112
2701 4417
2702 4011
2703 3813
2704 3566
2705 5014
2705 4187
2706 5026
2707 4879
2707 4217
2708 3294
2708 4758
2710 4486
2710 4258
2711 5095
2712 4420
2714 4346
2715 5095
2716 2822
2717 5095
2719 4713
2719 4428
2722 4841
2723 4903
2724 3127
2726 3642
2727 5196
2728 4903
2729 4997
2731 2733
2732 4637
2734 4161
2736 3018
2737 3772
2737 2964
2739 4245
2740 4135
2740 4465
2741 3526
2741 2950
2742 5112
2743 2965
2745 5112
2746 4690
2747 3551
2748 3438
2749 4984
2750 3485
2751 4443
2752 4873
2753 3797
2753 4531
2754 3016
2755 4989
2756 5135
2757 4207
2758 5164
2761 4161
2764 4118
2765 4093
2766 4989
2767 5018
2768 3075
2769 4346
2770 5197
2771 3227
2772 4730
2773 5068
2774 3107
2776 4177
2778 4398
2779 4730
2780 4386
2782 3071
2783 2968
2784 3766
2784 4251
2785 4558
2786 3325
2787 4589
2790 5067
2792 2837
2792 3585
2794 4200
2796 3613
2797 4934
2798 3562
2799 4386
2800 4303
2802 5067
2802 4531
2805 4303
2806 4200
2807 3232
2808 3233
2809 4346
2811 5112
2813 3760
2815 4050
2816 4903
2817 3269
2818 4903
2820 5112
2821 4817
2823 3714
2824 4386
2827 3542
2829 4847
2829 4570
2832 4369
2833 5112
2834 3380
2836 5194
2837 3585
2838 4346
2839 3617
2840 5031
2841 3273
2842 2968
2843 4903
2845 5172
2846 3435
2846 4598
2847 3530
2848 4177
2849 4346
2850 3024
2851 4902
2852 4864
2853 5112
2854 4512
2855 3551
2856 3182
2857 4530
2857 4419
2858 3261
2859 4825
2859 3037
2860 3828
2861 5075
2862 3203
2863 4730
2864 4398
2865 4411
2866 3881
2867 4221
2868 5063
2872 3948
2873 4208
2874 4386
2875 4080
2876 3143
2877 4302
2879 4346
2880 4745
2881 4389
2882 5112
2883 4796
2884 5112
2887 5095
2888 4029
2891 4199
2891 3798
2892 4993
2895 4105
2899 3551
2900 3304
2901 4382
2902 3059
2903 4637
2904 4208
2905 2967
2906 3949
2908 4730
2909 3916
2910 2955
2911 3703
2912 4346
2913 3096
2915 4486
2915 4258
2916 3111
2917 5112
2918 5180
2919 4658
2920 4346
2921 4618
2922 4106
2923 4267
2925 4295
2927 3426
2927 3087
2928 4088
2929 4201
2930 5067
2931 4758
2932 3659
2932 2992
2934 3142
2935 4183
2936 4498
2936 3075
2937 4864
2938 4161
2941 5061
2942 3577
2942 3193
2943 3991
2943 3283
2945 5037
2948 4714
2950 3526
2951 4818
2951 3565
2952 5112
2953 3637
2954 4544
2955 4864
2957 3063
2958 4633
2959 4340
2960 4346
2962 4069
2962 4274
2964 3772
2966 5112
2969 3397
2970 4753
2970 4188
2971 4596
2973 4928
2974 3365
2974 4356
2975 3852
2976 5193
2977 5007
2978 3373
2979 3312
2980 4797
2983 4625
2984 4631
2985 5138
2986 3379
2987 4514
2988 4391
2989 3435
2989 4598
2990 4679
2991 4709
2992 3659
2993 4542
2995 5179
2996 3654
2997 3259
2998 5105
2999 5033
3000 5139
3001 4057
3002 4419
3004 3640
3005 3269
3006 3813
3007 3902
3008 5006
3009 3814
3010 4759
3012 4879
3013 4030
3013 3698
3014 4730
3015 3135
3015 4894
3016 4368
3017 4264
3019 4801
3020 4207
3021 4703
3023 4910
3024 4218
3026 4289
3026 3704
3027 4079
3027 3910
3028 5112
3029 4002
3030 4295
3031 5112
3032 4064
3033 4864
3034 5013
3035 3269
3036 4376
3037 4825
3038 3502
3039 4793
3040 3752
3041 3462
3042 4886
3043 3500
3044 4309
3045 3699
3046 4450
3047 3186
3048 3361
3049 4582
3049 3432
3050 5095
3052 4560
3053 3771
3054 4729
3055 3176
3055 3080
3056 4205
3057 4869
3058 4177
3060 4536
3063 4346
3064 4627
3065 4616
3066 4346
3067 4625
3068 3414
3069 4346
3070 4303
3071 5112
3072 4410
3073 4471
3074 3203
3076 4693
3077 4758
3080 4844
3081 4822
3081 3739
3082 3228
3084 3987
3086 4356
3087 3426
3091 4201
3093 4087
3094 5066
3095 3852
3097 3920
3098 4289
3098 3704
3099 4605
3100 3290
3101 4346
3102 4199
3102 3798
3103 3755
3104 4497
3105 4324
3105 4557
3108 4960
3109 4504
3110 4346
3112 3852
3113 4903
3115 5112
3116 5112
3117 4863
3117 3188
3118 4868
3121 4343
3122 5098
3123 4822
3123 3739
3124 4024
3125 4436
3128 5112
3129 3252
3131 4161
3133 4713
3133 4721
3135 4894
3136 3397
3138 3851
3139 3593
3142 4346
3143 3948
3145 5010
3145 4640
3146 4346
3147 4323
3148 5103
3149 5112
3151 4658
3152 3588
3153 3852
3153 3638
3155 4391
3156 4656
3157 5165
3157 4346
3158 4818
3158 3565
3159 4788
3160 4177
3161 5157
3162 3333
3163 3577
3163 3193
3165 5100
3168 5120
3169 3232
3170 4656
3171 4272
3172 3482
3173 4424
3175 4135
3175 4465
3176 4844
3177 4941
3178 3396
3179 4720
3180 4902
3181 4343
3183 3902
3185 4759
3187 3216
3188 4863
3190 3261
3192 4415
3193 3712
3195 4512
3196 5112
3198 5095
3199 4346
3201 4346
3204 4725
3205 4382
3206 4903
3207 3532
3210 4544
3211 3225
3212 4177
3213 4614
3214 4721
3215 3990
3217 4346
3219 4321
3220 3795
3221 5112
3222 4200
3223 5045
3224 3603
3226 4303
3228 4346
3229 3852
3230 4858
3230 4489
3231 4386
3232 4903
3234 4597
3235 4594
3236 5095
3237 3552
3239 4706
3241 4885
3242 3716
3245 3542
3248 5112
3249 4275
3250 4625
3253 3603
3255 4302
3256 4418
3256 4567
3257 4989
3261 4879
3262 4402
3264 4528
3265 4245
3266 3379
3267 4095
3268 4713
3269 4346
3270 4658
3272 3552
3275 3851
3277 3475
3280 4282
3281 4275
3283 3991
3284 5125
3285 4055
3286 4803
3287 4208
3287 4796
3290 4372
3291 4365
3293 4257
3294 4994
3296 4161
3297 4245
3298 4230
3298 5002
3299 5023
3300 3652
3301 5095
3302 4347
3302 5132
3303 4938
3304 4730
3305 4540
3305 4837
3306 4873
3307 3574
3308 3889
3309 5028
3311 4730
3313 4128
3314 3475
3315 4295
3316 5067
3317 4725
3317 4535
3318 4989
3319 4346
3321 4346
3322 5152
3324 4814
3328 3541
3329 3366
3330 4087
3334 4903
3335 4952
3336 4118
3340 4284
3341 4422
3343 5112
3344 5095
3345 4793
3346 3728
3347 4903
3349 4346
3350 4740
3352 3673
3354 3852
3356 4414
3357 3851
3358 3865
3359 4025
3360 5095
3361 4386
3362 4346
3362 4758
3363 4312
3364 3852
3365 5095
3367 4051
3368 4161
3369 5073
3371 4417
3372 5120
3373 5112
3375 4841
3376 4347
3376 4160
3379 5095
3382 5095
3383 4528
3384 5112
3386 4621
3387 4730
3388 3482
3390 3551
3391 4321
3392 3490
3393 3789
3395 3847
3396 5196
3397 4903
3398 3426
3399 4386
3402 4343
3403 4346
3404 5095
3407 4693
3408 3947
3412 3872
3414 4556
3415 4085
3416 5112
3417 4027
3418 4200
3419 4346
3420 5165
3422 4386
3427 4303
3428 4842
3429 4346
3431 4088
3432 4582
3434 4365
3435 4598
3436 3990
3438 4346
3439 5063
3440 4608
3441 5138
3442 3989
3443 5095
3445 4783
3448 3507
3449 5106
3450 5097
3451 5112
3455 5128
3456 4855
3458 5194
3459 3590
3462 4275
3464 3672
3466 3873
3468 4946
3469 3667
3470 4064
3472 4910
3473 4322
3474 5112
3477 4605
3479 5189
3479 5033
3480 4978
3481 3989
3482 5112
3483 3600
3484 4788
3486 4417
3487 3500
3489 3573
3489 5012
3490 4483
3491 3667
3492 4818
3492 3565
3493 4553
3494 4346
3495 4110
3496 4910
3498 4868
3499 4970
3500 4346
3501 4129
3502 5112
3504 3756
3505 4812
3506 4386
3508 5009
3509 5091
3510 4879
3511 4418
3512 4289
3512 3704
3513 4770
3514 4042
3517 5139
3518 4410
3519 4793
3520 4829
3521 4346
3522 4782
3523 3599
3524 4312
3525 3998
3527 4419
3529 4346
3532 4903
3536 4671
3537 3980
3538 4419
3540 4739
3542 4658
3543 4214
3546 4269
3547 4841
3548 5044
3549 4346
3553 4903
3554 4750
3555 5063
3557 4741
3559 4800
3560 4386
3563 4855
3565 4818
3566 4346
3567 4790
3569 4062
3570 3724
3571 4829
3571 4847
3572 4132
3573 4989
3574 4799
3575 4097
3576 4016
3577 4386
3578 4099
3580 5112
3583 4447
3584 4190
3588 5194
3589 4879
3591 4873
3592 5033
3593 5063
3594 4081
3595 4841
3597 4898
3598 4095
3602 5077
3604 4971
3607 4015
3608 4328
3609 4334
3610 4095
3613 5112
3614 4219
3615 4419
3616 4418
3616 4303
3619 4389
3621 4497
3622 4458
3623 3980
3624 4544
3626 3882
3628 4201
3630 4965
3633 4919
3637 5194
3638 5112
3639 5112
3640 5095
3643 4223
3644 4320
3645 4346
3647 4379
3647 4838
3648 4562
3649 3654
3650 5112
3651 3803
3652 3732
3653 4903
3655 5112
3657 5112
3659 5120
3661 4663
3662 4346
3663 5112
3664 4365
3666 4303
3668 4320
3669 4623
3670 5160
3671 5112
3675 4210
3675 3890
3676 4389
3678 4346
3679 4756
3681 4415
3683 4903
3685 3772
3686 4698
3687 5120
3688 3884
3689 4855
3690 4386
3694 5199
3696 5033
3696 5095
3697 5068
3698 4415
3699 4346
3702 5112
3703 5112
3704 4289
3705 5068
3708 3980
3709 4662
3710 4741
3711 5133
3713 5112
3715 4346
3717 3737
3718 3738
3720 3990
3721 4958
3723 4704
3725 5122
3729 4449
3730 4419
3731 4232
3733 3994
3734 4969
3734 3871
3735 4894
3736 4842
3739 4822
3743 4161
3744 5146
3746 3852
3749 4903
3750 5112
3751 4989
3752 4903
3753 4725
3753 4535
3754 5112
3756 4993
3757 3950
3758 4346
3761 4406
3762 4297
3763 3872
3764 5063
3765 5014
3766 4251
3767 4766
3767 4841
3768 4829
3769 4278
3770 4989
3772 5112
3775 3803
3777 5112
3782 5068
3782 4205
3783 4382
3784 4808
3786 5038
3786 4976
3787 5112
3788 4462
3790 5069
3792 4903
3793 4063
3794 3911
3796 4365
3797 4531
3798 4199
3799 4066
3800 4372
3802 4903
3804 5112
3805 4160
3805 5033
3807 4864
3808 4217
3809 4273
3810 4346
3811 5063
3812 5139
3815 4161
3816 4346
3819 3877
3820 4346
3821 5148
3821 4864
3822 5165
3825 4640
3826 4471
3827 4969
3827 3871
3829 4303
3832 4365
3835 4405
3836 4273
3838 4365
3839 3940
3840 5033
3843 4780
3844 5016
3845 4372
3847 4762
3852 4346
3854 4199
3855 4285
3856 4101
3857 4742
3857 4567
3860 4382
3861 5132
3862 4892
3864 5112
3865 5112
3866 4190
3868 5112
3869 5146
3870 5112
3871 4969
3872 4903
3874 4780
3875 4864
3876 4346
3877 4993
3878 4605
3881 4346
3883 4499
3885 4346
3886 5102
3887 3991
3888 5091
3889 5146
3890 4210
3891 4730
3893 5119
3893 5067
3894 4128
3896 4103
3897 5095
3898 4161
3899 5146
3900 4487
3903 4177
3908 5095
3909 4903
3910 4079
3911 4346
3913 5112
3916 4323
3917 4343
3918 4903
3919 4873
3922 4346
3924 5183
3925 4374
3928 4347
3929 4866
3930 4497
3932 4903
3934 5057
3935 4088
3939 4267
3940 4267
3941 4386
3942 4858
3942 4489
3944 4759
3947 4903
3948 5095
3951 4778
3952 4868
3953 4324
3953 4557
3956 4459
3957 5112
3959 5014
3960 4858
3960 4489
3961 4799
3962 4303
3964 5112
3967 4199
3968 4910
3969 4273
3970 5138
3972 5165
3973 4785
3975 4410
3977 4766
3979 4689
3980 5112
3981 4328
3982 4941
3983 4868
3984 4323
3985 4975
3986 4419
3988 5179
3989 4346
3992 4799
3993 4068
3993 4326
3994 5112
3997 4436
3998 4128
4001 4386
4002 5112
4003 4862
4005 4346
4006 4905
4006 4182
4009 4346
4010 4419
4011 4841
4012 5096
4016 4346
4018 4079
4019 4628
4022 5112
4024 5063
4026 4346
4028 4636
4030 4303
4030 5112
4031 4346
4033 5078
4033 4662
4035 4414
4036 5112
4037 4346
4041 4177
4043 4094
4045 4658
4047 4346
4048 5031
4049 4790
4050 4843
4055 4605
4056 4903
4057 5067
4058 4956
4059 4567
4060 4581
4065 4486
4065 4258
4066 4727
4067 4245
4068 4326
4069 4274
4071 4275
4072 4783
4075 5112
4077 4372
4078 4365
4079 5148
4081 4758
4083 4766
4085 5044
4086 4346
4087 4297
4088 4903
4089 4386
4090 4646
4092 5065
4093 4346
4094 4346
4096 5186
4098 4903
4100 4171
4104 5117
4104 4903
4106 5057
4107 4903
4109 4941
4111 4903
4112 5112
4113 5112
4114 4396
4115 4903
4116 5031
4117 5004
4119 4991
4120 5095
4121 5152
4122 4658
4125 4849
4126 4764
4128 5112
4131 4745
4133 4772
4135 4465
4136 4558
4139 4141
4140 5026
4142 4346
4144 4398
4146 5196
4148 5095
4149 4225
4151 4817
4153 4759
4154 4680
4156 4741
4157 4380
4158 5112
4160 4346
4163 4378
4164 5112
4166 5037
4171 4903
4172 4548
4174 4991
4176 5017
4177 5063
4178 4876
4179 4906
4182 4799
4183 4658
4184 4326
4187 5014
4188 4753
4191 4879
4193 4386
4195 4802
4195 5053
4196 4201
4198 4879
4202 4858
4202 4489
4203 4728
4204 4454
4205 4544
4206 4605
4207 5112
4208 4346
4211 4346
4213 4913
4216 4726
4217 4346
4219 4406
4224 5150
4225 4382
4227 4619
4229 4802
4229 5053
4232 4346
4233 4713
4234 5153
4235 4776
4236 4841
4238 4386
4240 4766
4242 4486
4242 4258
4243 4991
4246 5099
4248 4368
4249 4825
4250 4419
4251 5112
4252 4799
4253 4569
4256 5086
4258 4486
4260 4346
4261 4879
4262 4312
4263 4369
4266 4730
4269 4759
4270 5121
4271 4559
4272 5112
4275 4879
4276 5147
4277 4555
4280 4389
4281 4346
4283 4329
4284 4346
4286 4408
4288 4589
4290 4323
4292 5193
4293 4497
4294 5112
4295 4730
4296 5112
4298 4365
4299 4903
4300 4959
4303 4346
4304 4862
4306 5112
4307 5138
4308 4793
4310 4676
4313 4419
4314 4903
4315 5067
4317 4989
4319 5112
4320 5095
4321 5112
4322 4365
4324 4557
4325 5078
4327 5021
4328 4462
4329 5112
4330 4411
4334 4745
4338 4684
4341 4558
4346 5112
4349 4990
4351 5095
4352 5010
4353 5104
4354 5086
4355 4941
4356 5112
4361 4959
4362 4803
4363 5112
4367 5188
4369 5095
4375 4915
4375 4966
4377 5189
4378 5112
4379 4838
4382 4903
4391 4841
4393 4436
4396 5112
4400 4879
4401 4697
4403 5200
4407 5126
4408 5112
4411 4467
4412 5009
4413 5112
4414 4841
4427 4725
4428 5095
4433 4854
4434 5112
4435 4717
4438 5067
4442 4758
4443 4943
4449 4903
4450 5112
4451 4879
4451 5112
4453 4951
4455 4801
4456 4814
4460 4679
4461 5112
4463 5112
4464 5037
4465 5112
4467 5112
4472 4548
4473 5095
4475 5112
4477 4685
4480 4903
4482 4880
4489 4858
4491 4664
4492 5148
4493 4835
4496 4565
4498 5018
4499 4964
4504 5095
4505 4817
4507 4903
4509 4864
4513 4766
4516 5112
4516 4574
4517 5112
4522 5140
4524 4903
4526 4730
4527 4892
4528 5112
4530 5112
4532 5155
4533 4641
4533 5187
4535 4725
4536 5112
4538 4736
4539 4903
4540 4837
4541 4801
4541 5059
4542 4903
4543 5112
4544 5112
4545 5112
4546 5095
4547 5126
4549 4585
4551 5112
4552 4991
4554 4863
4558 5194
4563 5069
4564 5164
4566 5112
4569 5194
4570 4847
4573 5127
4575 4841
4578 4978
4579 5112
4582 5112
4583 5142
4583 5141
4586 4866
4587 5063
4588 4879
4590 4864
4597 4841
4598 4903
4599 4765
4600 4758
4601 5112
4606 4987
4608 5082
4609 5112
4611 5194
4613 5112
4616 4903
4621 4796
4623 4903
4625 5112
4626 4902
4627 4879
4629 5112
4632 5194
4633 5082
4634 4838
4637 4703
4638 4847
4638 4913
4639 5043
4640 4864
4641 5187
4643 4864
4646 4879
4649 5125
4650 5093
4650 5122
4652 4847
4654 5112
4655 4992
4657 5152
4659 4834
4669 5055
4670 5037
4671 4970
4672 4845
4673 4685
4681 4902
4683 5018
4688 4717
4691 5194
4692 4758
4695 5112
4696 5095
4701 5112
4701 4904
4707 5112
4710 5112
4713 5112
4716 4855
4720 4730
4721 5095
4722 5163
4723 4847
4724 4818
4727 5095
4729 4903
4731 4902
4736 5148
4740 4993
4743 5112
4744 5112
4746 5185
4747 5112
4750 4841
4751 4855
4752 5063
4759 4843
4763 5167
4765 4903
4766 4841
4768 4841
4770 5112
4772 4841
4773 4903
4774 4903
4775 5112
4782 4879
4784 5112
4787 5048
4791 5112
4792 5135
4793 5112
4794 5194
4796 5112
4799 4948
4801 4879
4802 5053
4804 4993
4810 5112
4816 5095
4819 5068
4820 5194
4821 5194
4822 5095
4827 4903
4829 5112
4836 4994
4838 4841
4839 5095
4844 5112
4849 4903
4852 4903
4855 5194
4856 5132
4862 5194
4864 5095
4865 5112
4867 5189
4868 5095
4869 5095
4874 5112
4881 5194
4882 5106
4884 4915
4884 4966
4886 5164
4888 5112
4894 4903
4895 5166
4904 5095
4909 5112
4913 5095
4915 4966
4917 5112
4924 5112
4925 5095
4932 5063
4941 5095
4943 5112
4944 4969
4953 5112
4957 4978
4959 5112
4960 4989
4961 5095
4968 5095
4972 5170
4972 5095
4975 5112
4976 5038
4979 5095
4981 5095
4982 5112
4987 4989
4995 5117
4999 5112
5000 5112
5001 5095
5002 5112
5007 5112
5008 5057
5014 5112
5023 5112
5028 5095
5037 5063
5039 5112
5040 5112
5041 5112
5042 5126
5043 5112
5044 5112
5048 5112
5057 5095
5058 5112
5063 5095
5067 5194
5071 5095
5077 5144
5081 5152
5092 5112
5093 5122
5095 5112
5096 5112
5102 5112
5109 5186
5111 5112
5117 5193
5124 5164
5141 5142
5145 5146
5174 5189
